0.0,1.0;0.0,1.0::-12500.0,0.0
-12500.0
0.0,1.0;0.0,1.0::-12500.0,0.0
-12500.0
0.0,1.0;0.0,2.0::-10000.0,0.0
-10000.0
0.0,2.0;0.0,1.0::-2500.0,0.0
-2500.0
0.0,1.0;0.0,3.0::-10000.0,0.0
-10000.0
0.0,3.0;0.0,1.0::-2500.0,0.0
-2500.0
0.0,1.0;0.0,4.0::-10012.5,0.0
-10012.5
0.0,4.0;0.0,1.0::-2550.0,0.0
-2550.0
0.0,1.0;1.0,0.0::-7000.0,0.0
-7000.0
1.0,0.0;0.0,1.0::-11750.0,0.0
-11750.0
0.0,1.0;1.0,1.0::-7000.0,0.0
-7000.0
1.0,1.0;0.0,1.0::-11750.0,0.0
-11750.0
0.0,1.0;1.0,2.0::-4500.0,0.0
-4500.0
1.0,2.0;0.0,1.0::-1750.0,0.0
-1750.0
0.0,1.0;1.0,3.0::-4500.0,0.0
-4500.0
1.0,3.0;0.0,1.0::-1750.0,0.0
-1750.0
0.0,1.0;1.0,4.0::-4512.5,0.0
-4512.5
1.0,4.0;0.0,1.0::-1800.0,0.0
-1800.0
0.0,1.0;2.0,0.0::-7000.0,0.0
-7000.0
2.0,0.0;0.0,1.0::-11750.0,0.0
-11750.0
0.0,1.0;2.0,1.0::-7000.0,0.0
-7000.0
2.0,1.0;0.0,1.0::-11750.0,0.0
-11750.0
0.0,1.0;2.0,2.0::-4500.0,0.0
-4500.0
2.0,2.0;0.0,1.0::-1750.0,0.0
-1750.0
0.0,1.0;2.0,3.0::-4500.0,0.0
-4500.0
2.0,3.0;0.0,1.0::-1750.0,0.0
-1750.0
0.0,1.0;2.0,4.0::-4512.5,0.0
-4512.5
2.0,4.0;0.0,1.0::-1800.0,0.0
-1800.0
0.0,1.0;3.0,0.0::-1500.0,0.0
-1500.0
3.0,0.0;0.0,1.0::-11000.0,0.0
-11000.0
0.0,1.0;3.0,1.0::-1500.0,0.0
-1500.0
3.0,1.0;0.0,1.0::-11000.0,0.0
-11000.0
0.0,1.0;3.0,2.0::1000.0,0.0
1000.0
3.0,2.0;0.0,1.0::-1000.0,0.0
-1000.0
0.0,1.0;3.0,3.0::1000.0,0.0
1000.0
3.0,3.0;0.0,1.0::-1000.0,0.0
-1000.0
0.0,1.0;3.0,4.0::987.5,0.0
987.5
3.0,4.0;0.0,1.0::-1050.0,0.0
-1050.0
0.0,1.0;4.0,0.0::-1610.0,0.0
-1610.0
4.0,0.0;0.0,1.0::-11015.0,0.0
-11015.0
0.0,1.0;4.0,1.0::-1610.0,0.0
-1610.0
4.0,1.0;0.0,1.0::-11015.0,0.0
-11015.0
0.0,1.0;4.0,2.0::890.0,0.0
890.0
4.0,2.0;0.0,1.0::-1015.0,0.0
-1015.0
0.0,1.0;4.0,3.0::890.0,0.0
890.0
4.0,3.0;0.0,1.0::-1015.0,0.0
-1015.0
0.0,1.0;4.0,4.0::877.5,0.0
877.5
4.0,4.0;0.0,1.0::-1065.0,0.0
-1065.0
