2.0,0.0;2.0,0.0::-12500.0,0.0
-12500.0
2.0,0.0;2.0,0.0::-12500.0,0.0
-12500.0
2.0,0.0;2.0,1.0::-10750.0,0.0
-10750.0
2.0,1.0;2.0,0.0::-8000.0,0.0
-8000.0
2.0,0.0;2.0,2.0::-10750.0,0.0
-10750.0
2.0,2.0;2.0,0.0::-8000.0,0.0
-8000.0
2.0,0.0;2.0,3.0::-9000.0,0.0
-9000.0
2.0,3.0;2.0,0.0::-3500.0,0.0
-3500.0
2.0,0.0;2.0,4.0::-9000.0,0.0
-9000.0
2.0,4.0;2.0,0.0::-3500.0,0.0
-3500.0
2.0,0.0;3.0,0.0::-12500.0,0.0
-12500.0
3.0,0.0;2.0,0.0::-12500.0,0.0
-12500.0
2.0,0.0;3.0,1.0::-10750.0,0.0
-10750.0
3.0,1.0;2.0,0.0::-8000.0,0.0
-8000.0
2.0,0.0;3.0,2.0::-10750.0,0.0
-10750.0
3.0,2.0;2.0,0.0::-8000.0,0.0
-8000.0
2.0,0.0;3.0,3.0::-9000.0,0.0
-9000.0
3.0,3.0;2.0,0.0::-3500.0,0.0
-3500.0
2.0,0.0;3.0,4.0::-9000.0,0.0
-9000.0
3.0,4.0;2.0,0.0::-3500.0,0.0
-3500.0
2.0,0.0;4.0,0.0::-2610.0,0.0
-2610.0
4.0,0.0;2.0,0.0::-10015.0,0.0
-10015.0
2.0,0.0;4.0,1.0::-860.0,0.0
-860.0
4.0,1.0;2.0,0.0::-5515.0,0.0
-5515.0
2.0,0.0;4.0,2.0::-860.0,0.0
-860.0
4.0,2.0;2.0,0.0::-5515.0,0.0
-5515.0
2.0,0.0;4.0,3.0::890.0,0.0
890.0
4.0,3.0;2.0,0.0::-1015.0,0.0
-1015.0
2.0,0.0;4.0,4.0::890.0,0.0
890.0
4.0,4.0;2.0,0.0::-1015.0,0.0
-1015.0
