2.0,4.0;2.0,4.0::0.0,0.0
0.0
2.0,4.0;2.0,4.0::0.0,0.0
0.0
2.0,4.0;3.0,0.0::-2555.0,0.0
-2555.0
3.0,0.0;2.0,4.0::-10007.5,0.0
-10007.5
2.0,4.0;3.0,1.0::-805.0,0.0
-805.0
3.0,1.0;2.0,4.0::-5507.5,0.0
-5507.5
2.0,4.0;3.0,2.0::-805.0,0.0
-805.0
3.0,2.0;2.0,4.0::-5507.5,0.0
-5507.5
2.0,4.0;3.0,3.0::945.0,0.0
945.0
3.0,3.0;2.0,4.0::-1007.5,0.0
-1007.5
2.0,4.0;3.0,4.0::945.0,0.0
945.0
3.0,4.0;2.0,4.0::-1007.5,0.0
-1007.5
2.0,4.0;4.0,0.0::-3550.0,0.0
-3550.0
4.0,0.0;2.0,4.0::-9012.5,0.0
-9012.5
2.0,4.0;4.0,1.0::-1800.0,0.0
-1800.0
4.0,1.0;2.0,4.0::-4512.5,0.0
-4512.5
2.0,4.0;4.0,2.0::-1800.0,0.0
-1800.0
4.0,2.0;2.0,4.0::-4512.5,0.0
-4512.5
2.0,4.0;4.0,3.0::-50.0,0.0
-50.0
4.0,3.0;2.0,4.0::-12.5,0.0
-12.5
2.0,4.0;4.0,4.0::-50.0,0.0
-50.0
4.0,4.0;2.0,4.0::-12.5,0.0
-12.5
