3.0,1.0;3.0,1.0::0.0,0.0
0.0
3.0,1.0;3.0,1.0::0.0,0.0
0.0
3.0,1.0;3.0,2.0::-2500.0,0.0
-2500.0
3.0,2.0;3.0,1.0::-10000.0,0.0
-10000.0
3.0,1.0;3.0,3.0::0.0,0.0
0.0
3.0,3.0;3.0,1.0::0.0,0.0
0.0
3.0,1.0;3.0,4.0::-7.5,0.0
-7.5
3.0,4.0;3.0,1.0::-55.0,0.0
-55.0
3.0,1.0;4.0,0.0::-2610.0,0.0
-2610.0
4.0,0.0;3.0,1.0::-10015.0,0.0
-10015.0
3.0,1.0;4.0,1.0::-110.0,0.0
-110.0
4.0,1.0;3.0,1.0::-15.0,0.0
-15.0
3.0,1.0;4.0,2.0::-2610.0,0.0
-2610.0
4.0,2.0;3.0,1.0::-10015.0,0.0
-10015.0
3.0,1.0;4.0,3.0::-110.0,0.0
-110.0
4.0,3.0;3.0,1.0::-15.0,0.0
-15.0
3.0,1.0;4.0,4.0::-117.5,0.0
-117.5
4.0,4.0;3.0,1.0::-70.0,0.0
-70.0
