3.0,2.0;3.0,2.0::-12500.0,0.0
-12500.0
3.0,2.0;3.0,2.0::-12500.0,0.0
-12500.0
3.0,2.0;3.0,3.0::-10000.0,0.0
-10000.0
3.0,3.0;3.0,2.0::-2500.0,0.0
-2500.0
3.0,2.0;3.0,4.0::-10007.5,0.0
-10007.5
3.0,4.0;3.0,2.0::-2555.0,0.0
-2555.0
3.0,2.0;4.0,0.0::-3500.0,0.0
-3500.0
4.0,0.0;3.0,2.0::-9000.0,0.0
-9000.0
3.0,2.0;4.0,1.0::-1000.0,0.0
-1000.0
4.0,1.0;3.0,2.0::1000.0,0.0
1000.0
3.0,2.0;4.0,2.0::-3500.0,0.0
-3500.0
4.0,2.0;3.0,2.0::-9000.0,0.0
-9000.0
3.0,2.0;4.0,3.0::-1000.0,0.0
-1000.0
4.0,3.0;3.0,2.0::1000.0,0.0
1000.0
3.0,2.0;4.0,4.0::-1007.5,0.0
-1007.5
4.0,4.0;3.0,2.0::945.0,0.0
945.0
