0.0,2.0;0.0,2.0::0.0,0.0
0.0
0.0,2.0;0.0,2.0::0.0,0.0
0.0
0.0,2.0;0.0,3.0::0.0,0.0
0.0
0.0,3.0;0.0,2.0::0.0,0.0
0.0
0.0,2.0;0.0,4.0::-12.5,0.0
-12.5
0.0,4.0;0.0,2.0::-50.0,0.0
-50.0
0.0,2.0;1.0,0.0::-7000.0,0.0
-7000.0
1.0,0.0;0.0,2.0::-11750.0,0.0
-11750.0
0.0,2.0;1.0,1.0::-7000.0,0.0
-7000.0
1.0,1.0;0.0,2.0::-11750.0,0.0
-11750.0
0.0,2.0;1.0,2.0::-4500.0,0.0
-4500.0
1.0,2.0;0.0,2.0::-1750.0,0.0
-1750.0
0.0,2.0;1.0,3.0::-4500.0,0.0
-4500.0
1.0,3.0;0.0,2.0::-1750.0,0.0
-1750.0
0.0,2.0;1.0,4.0::-4512.5,0.0
-4512.5
1.0,4.0;0.0,2.0::-1800.0,0.0
-1800.0
0.0,2.0;2.0,0.0::-7000.0,0.0
-7000.0
2.0,0.0;0.0,2.0::-11750.0,0.0
-11750.0
0.0,2.0;2.0,1.0::-7000.0,0.0
-7000.0
2.0,1.0;0.0,2.0::-11750.0,0.0
-11750.0
0.0,2.0;2.0,2.0::-4500.0,0.0
-4500.0
2.0,2.0;0.0,2.0::-1750.0,0.0
-1750.0
0.0,2.0;2.0,3.0::-4500.0,0.0
-4500.0
2.0,3.0;0.0,2.0::-1750.0,0.0
-1750.0
0.0,2.0;2.0,4.0::-4512.5,0.0
-4512.5
2.0,4.0;0.0,2.0::-1800.0,0.0
-1800.0
0.0,2.0;3.0,0.0::-11500.0,0.0
-11500.0
3.0,0.0;0.0,2.0::-13500.0,0.0
-13500.0
0.0,2.0;3.0,1.0::-11500.0,0.0
-11500.0
3.0,1.0;0.0,2.0::-13500.0,0.0
-13500.0
0.0,2.0;3.0,2.0::-9000.0,0.0
-9000.0
3.0,2.0;0.0,2.0::-3500.0,0.0
-3500.0
0.0,2.0;3.0,3.0::-9000.0,0.0
-9000.0
3.0,3.0;0.0,2.0::-3500.0,0.0
-3500.0
0.0,2.0;3.0,4.0::-9012.5,0.0
-9012.5
3.0,4.0;0.0,2.0::-3550.0,0.0
-3550.0
0.0,2.0;4.0,0.0::-2500.0,0.0
-2500.0
4.0,0.0;0.0,2.0::-10000.0,0.0
-10000.0
0.0,2.0;4.0,1.0::-2500.0,0.0
-2500.0
4.0,1.0;0.0,2.0::-10000.0,0.0
-10000.0
0.0,2.0;4.0,2.0::0.0,0.0
0.0
4.0,2.0;0.0,2.0::0.0,0.0
0.0
0.0,2.0;4.0,3.0::0.0,0.0
0.0
4.0,3.0;0.0,2.0::0.0,0.0
0.0
0.0,2.0;4.0,4.0::-12.5,0.0
-12.5
4.0,4.0;0.0,2.0::-50.0,0.0
-50.0
