0.0,4.0;0.0,4.0::-62.5,0.0
-62.5
0.0,4.0;0.0,4.0::-62.5,0.0
-62.5
0.0,4.0;1.0,0.0::-1555.0,0.0
-1555.0
1.0,0.0;0.0,4.0::-11007.5,0.0
-11007.5
0.0,4.0;1.0,1.0::-1555.0,0.0
-1555.0
1.0,1.0;0.0,4.0::-11007.5,0.0
-11007.5
0.0,4.0;1.0,2.0::945.0,0.0
945.0
1.0,2.0;0.0,4.0::-1007.5,0.0
-1007.5
0.0,4.0;1.0,3.0::945.0,0.0
945.0
1.0,3.0;0.0,4.0::-1007.5,0.0
-1007.5
0.0,4.0;1.0,4.0::932.5,0.0
932.5
1.0,4.0;0.0,4.0::-1057.5,0.0
-1057.5
0.0,4.0;2.0,0.0::-2500.0,0.0
-2500.0
2.0,0.0;0.0,4.0::-10000.0,0.0
-10000.0
0.0,4.0;2.0,1.0::-2500.0,0.0
-2500.0
2.0,1.0;0.0,4.0::-10000.0,0.0
-10000.0
0.0,4.0;2.0,2.0::0.0,0.0
0.0
2.0,2.0;0.0,4.0::0.0,0.0
0.0
0.0,4.0;2.0,3.0::0.0,0.0
0.0
2.0,3.0;0.0,4.0::0.0,0.0
0.0
0.0,4.0;2.0,4.0::-12.5,0.0
-12.5
2.0,4.0;0.0,4.0::-50.0,0.0
-50.0
0.0,4.0;3.0,0.0::-1555.0,0.0
-1555.0
3.0,0.0;0.0,4.0::-11007.5,0.0
-11007.5
0.0,4.0;3.0,1.0::-1555.0,0.0
-1555.0
3.0,1.0;0.0,4.0::-11007.5,0.0
-11007.5
0.0,4.0;3.0,2.0::945.0,0.0
945.0
3.0,2.0;0.0,4.0::-1007.5,0.0
-1007.5
0.0,4.0;3.0,3.0::945.0,0.0
945.0
3.0,3.0;0.0,4.0::-1007.5,0.0
-1007.5
0.0,4.0;3.0,4.0::932.5,0.0
932.5
3.0,4.0;0.0,4.0::-1057.5,0.0
-1057.5
0.0,4.0;4.0,0.0::-2550.0,0.0
-2550.0
4.0,0.0;0.0,4.0::-10012.5,0.0
-10012.5
0.0,4.0;4.0,1.0::-2550.0,0.0
-2550.0
4.0,1.0;0.0,4.0::-10012.5,0.0
-10012.5
0.0,4.0;4.0,2.0::-50.0,0.0
-50.0
4.0,2.0;0.0,4.0::-12.5,0.0
-12.5
0.0,4.0;4.0,3.0::-50.0,0.0
-50.0
4.0,3.0;0.0,4.0::-12.5,0.0
-12.5
0.0,4.0;4.0,4.0::-62.5,0.0
-62.5
4.0,4.0;0.0,4.0::-62.5,0.0
-62.5
