1.0,0.0;1.0,0.0::-12500.0,0.0
-12500.0
1.0,0.0;1.0,0.0::-12500.0,0.0
-12500.0
1.0,0.0;1.0,1.0::-11750.0,0.0
-11750.0
1.0,1.0;1.0,0.0::-7000.0,0.0
-7000.0
1.0,0.0;1.0,2.0::-11750.0,0.0
-11750.0
1.0,2.0;1.0,0.0::-7000.0,0.0
-7000.0
1.0,0.0;1.0,3.0::-11000.0,0.0
-11000.0
1.0,3.0;1.0,0.0::-1500.0,0.0
-1500.0
1.0,0.0;1.0,4.0::-11007.5,0.0
-11007.5
1.0,4.0;1.0,0.0::-1555.0,0.0
-1555.0
1.0,0.0;2.0,0.0::-11500.0,0.0
-11500.0
2.0,0.0;1.0,0.0::-13500.0,0.0
-13500.0
1.0,0.0;2.0,1.0::-10750.0,0.0
-10750.0
2.0,1.0;1.0,0.0::-8000.0,0.0
-8000.0
1.0,0.0;2.0,2.0::-10750.0,0.0
-10750.0
2.0,2.0;1.0,0.0::-8000.0,0.0
-8000.0
1.0,0.0;2.0,3.0::-10000.0,0.0
-10000.0
2.0,3.0;1.0,0.0::-2500.0,0.0
-2500.0
1.0,0.0;2.0,4.0::-10007.5,0.0
-10007.5
2.0,4.0;1.0,0.0::-2555.0,0.0
-2555.0
1.0,0.0;3.0,0.0::-11500.0,0.0
-11500.0
3.0,0.0;1.0,0.0::-13500.0,0.0
-13500.0
1.0,0.0;3.0,1.0::-10750.0,0.0
-10750.0
3.0,1.0;1.0,0.0::-8000.0,0.0
-8000.0
1.0,0.0;3.0,2.0::-10750.0,0.0
-10750.0
3.0,2.0;1.0,0.0::-8000.0,0.0
-8000.0
1.0,0.0;3.0,3.0::-10000.0,0.0
-10000.0
3.0,3.0;1.0,0.0::-2500.0,0.0
-2500.0
1.0,0.0;3.0,4.0::-10007.5,0.0
-10007.5
3.0,4.0;1.0,0.0::-2555.0,0.0
-2555.0
1.0,0.0;4.0,0.0::-1610.0,0.0
-1610.0
4.0,0.0;1.0,0.0::-11015.0,0.0
-11015.0
1.0,0.0;4.0,1.0::-860.0,0.0
-860.0
4.0,1.0;1.0,0.0::-5515.0,0.0
-5515.0
1.0,0.0;4.0,2.0::-860.0,0.0
-860.0
4.0,2.0;1.0,0.0::-5515.0,0.0
-5515.0
1.0,0.0;4.0,3.0::-110.0,0.0
-110.0
4.0,3.0;1.0,0.0::-15.0,0.0
-15.0
1.0,0.0;4.0,4.0::-117.5,0.0
-117.5
4.0,4.0;1.0,0.0::-70.0,0.0
-70.0
