1.0,2.0;1.0,2.0::-6250.0,0.0
-6250.0
1.0,2.0;1.0,2.0::-6250.0,0.0
-6250.0
1.0,2.0;1.0,3.0::-5500.0,0.0
-5500.0
1.0,3.0;1.0,2.0::-750.0,0.0
-750.0
1.0,2.0;1.0,4.0::-5507.5,0.0
-5507.5
1.0,4.0;1.0,2.0::-805.0,0.0
-805.0
1.0,2.0;2.0,0.0::-7000.0,0.0
-7000.0
2.0,0.0;1.0,2.0::-11750.0,0.0
-11750.0
1.0,2.0;2.0,1.0::-6250.0,0.0
-6250.0
2.0,1.0;1.0,2.0::-6250.0,0.0
-6250.0
1.0,2.0;2.0,2.0::-6250.0,0.0
-6250.0
2.0,2.0;1.0,2.0::-6250.0,0.0
-6250.0
1.0,2.0;2.0,3.0::-5500.0,0.0
-5500.0
2.0,3.0;1.0,2.0::-750.0,0.0
-750.0
1.0,2.0;2.0,4.0::-5507.5,0.0
-5507.5
2.0,4.0;1.0,2.0::-805.0,0.0
-805.0
1.0,2.0;3.0,0.0::-11500.0,0.0
-11500.0
3.0,0.0;1.0,2.0::-13500.0,0.0
-13500.0
1.0,2.0;3.0,1.0::-10750.0,0.0
-10750.0
3.0,1.0;1.0,2.0::-8000.0,0.0
-8000.0
1.0,2.0;3.0,2.0::-10750.0,0.0
-10750.0
3.0,2.0;1.0,2.0::-8000.0,0.0
-8000.0
1.0,2.0;3.0,3.0::-10000.0,0.0
-10000.0
3.0,3.0;1.0,2.0::-2500.0,0.0
-2500.0
1.0,2.0;3.0,4.0::-10007.5,0.0
-10007.5
3.0,4.0;1.0,2.0::-2555.0,0.0
-2555.0
1.0,2.0;4.0,0.0::-2500.0,0.0
-2500.0
4.0,0.0;1.0,2.0::-10000.0,0.0
-10000.0
1.0,2.0;4.0,1.0::-1750.0,0.0
-1750.0
4.0,1.0;1.0,2.0::-4500.0,0.0
-4500.0
1.0,2.0;4.0,2.0::-1750.0,0.0
-1750.0
4.0,2.0;1.0,2.0::-4500.0,0.0
-4500.0
1.0,2.0;4.0,3.0::-1000.0,0.0
-1000.0
4.0,3.0;1.0,2.0::1000.0,0.0
1000.0
1.0,2.0;4.0,4.0::-1007.5,0.0
-1007.5
4.0,4.0;1.0,2.0::945.0,0.0
945.0
