1.0,4.0;1.0,4.0::-62.5,0.0
-62.5
1.0,4.0;1.0,4.0::-62.5,0.0
-62.5
1.0,4.0;2.0,0.0::-2500.0,0.0
-2500.0
2.0,0.0;1.0,4.0::-10000.0,0.0
-10000.0
1.0,4.0;2.0,1.0::-1750.0,0.0
-1750.0
2.0,1.0;1.0,4.0::-4500.0,0.0
-4500.0
1.0,4.0;2.0,2.0::-1750.0,0.0
-1750.0
2.0,2.0;1.0,4.0::-4500.0,0.0
-4500.0
1.0,4.0;2.0,3.0::-1000.0,0.0
-1000.0
2.0,3.0;1.0,4.0::1000.0,0.0
1000.0
1.0,4.0;2.0,4.0::-1007.5,0.0
-1007.5
2.0,4.0;1.0,4.0::945.0,0.0
945.0
1.0,4.0;3.0,0.0::-1555.0,0.0
-1555.0
3.0,0.0;1.0,4.0::-11007.5,0.0
-11007.5
1.0,4.0;3.0,1.0::-805.0,0.0
-805.0
3.0,1.0;1.0,4.0::-5507.5,0.0
-5507.5
1.0,4.0;3.0,2.0::-805.0,0.0
-805.0
3.0,2.0;1.0,4.0::-5507.5,0.0
-5507.5
1.0,4.0;3.0,3.0::-55.0,0.0
-55.0
3.0,3.0;1.0,4.0::-7.5,0.0
-7.5
1.0,4.0;3.0,4.0::-62.5,0.0
-62.5
3.0,4.0;1.0,4.0::-62.5,0.0
-62.5
1.0,4.0;4.0,0.0::-2550.0,0.0
-2550.0
4.0,0.0;1.0,4.0::-10012.5,0.0
-10012.5
1.0,4.0;4.0,1.0::-1800.0,0.0
-1800.0
4.0,1.0;1.0,4.0::-4512.5,0.0
-4512.5
1.0,4.0;4.0,2.0::-1800.0,0.0
-1800.0
4.0,2.0;1.0,4.0::-4512.5,0.0
-4512.5
1.0,4.0;4.0,3.0::-1050.0,0.0
-1050.0
4.0,3.0;1.0,4.0::987.5,0.0
987.5
1.0,4.0;4.0,4.0::-1057.5,0.0
-1057.5
4.0,4.0;1.0,4.0::932.5,0.0
932.5
