0.0,0.0,0.0,0.0;0.0,0.0,0.0,0.0::-282.315,18.53451577462977
-282.315
0.0,0.0,0.0,0.0;0.0,0.0,0.0,0.0::-284.175,19.42876411406552
-284.175
0.0,0.0,0.0,0.0;0.0,0.0,0.0,10.0::-287.33,18.819168419459984
-287.33
0.0,0.0,0.0,10.0;0.0,0.0,0.0,0.0::-284.29,17.98460174705017
-284.29
0.0,0.0,0.0,0.0;0.0,0.0,10.0,0.0::-1392.985,534.9754688534791
-1392.985
0.0,0.0,10.0,0.0;0.0,0.0,0.0,0.0::-1126.565,403.97255262579415
-1126.565
0.0,0.0,0.0,0.0;0.0,0.0,10.0,10.0::-1678.915,51.029993876150925
-1678.915
0.0,0.0,10.0,10.0;0.0,0.0,0.0,0.0::-1342.175,42.12489614230521
-1342.175
0.0,0.0,0.0,0.0;0.0,10.0,0.0,0.0::-282.31,19.847012369623798
-282.31
0.0,10.0,0.0,0.0;0.0,0.0,0.0,0.0::-282.83,20.715479719282396
-282.83
0.0,0.0,0.0,0.0;0.0,10.0,0.0,10.0::-285.895,22.558844717759815
-285.895
0.0,10.0,0.0,10.0;0.0,0.0,0.0,0.0::-282.275,19.053001732010625
-282.275
0.0,0.0,0.0,0.0;0.0,10.0,10.0,0.0::-1374.895,558.1741497731689
-1374.895
0.0,10.0,10.0,0.0;0.0,0.0,0.0,0.0::-1111.895,420.1864722655883
-1111.895
0.0,0.0,0.0,0.0;0.0,10.0,10.0,10.0::-1677.29,57.83235167274456
-1677.29
0.0,10.0,10.0,10.0;0.0,0.0,0.0,0.0::-1337.17,48.60674953131511
-1337.17
0.0,0.0,0.0,0.0;10.0,0.0,0.0,0.0::-1183.05,26.729805461319764
-1183.05
10.0,0.0,0.0,0.0;0.0,0.0,0.0,0.0::129.51,22.74873403071037
129.51
0.0,0.0,0.0,0.0;10.0,0.0,0.0,10.0::-1184.96,32.49605206790511
-1184.96
10.0,0.0,0.0,10.0;0.0,0.0,0.0,0.0::126.08,23.851804963146915
126.08
0.0,0.0,0.0,0.0;10.0,0.0,10.0,0.0::-2269.575,553.1963908730785
-2269.575
10.0,0.0,10.0,0.0;0.0,0.0,0.0,0.0::-692.535,412.03327690248506
-692.535
0.0,0.0,0.0,0.0;10.0,0.0,10.0,10.0::-2584.895,56.19787785139221
-2584.895
10.0,0.0,10.0,10.0;0.0,0.0,0.0,0.0::-926.755,43.70849431174676
-926.755
0.0,0.0,0.0,0.0;10.0,10.0,0.0,0.0::-1185.395,33.96058708267571
-1185.395
10.0,10.0,0.0,0.0;0.0,0.0,0.0,0.0::127.385,22.957553767768907
127.385
0.0,0.0,0.0,0.0;10.0,10.0,0.0,10.0::-1186.81,32.745822634345295
-1186.81
10.0,10.0,0.0,10.0;0.0,0.0,0.0,0.0::122.71,26.04843373410386
122.71
0.0,0.0,0.0,0.0;10.0,10.0,10.0,0.0::-2351.035,497.3814595207585
-2351.035
10.0,10.0,10.0,0.0;0.0,0.0,0.0,0.0::-758.015,376.9466637005824
-758.015
0.0,0.0,0.0,0.0;10.0,10.0,10.0,10.0::-2577.955,65.7902764472076
-2577.955
10.0,10.0,10.0,10.0;0.0,0.0,0.0,0.0::-927.395,53.17928614601741
-927.395
