0.0,0.0,0.0,10.0;0.0,0.0,0.0,10.0::-282.94,17.578435652810516
-282.94
0.0,0.0,0.0,10.0;0.0,0.0,0.0,10.0::-283.46,16.935566125760303
-283.46
0.0,0.0,0.0,10.0;0.0,0.0,10.0,0.0::-1479.205,468.74929917280946
-1479.205
0.0,0.0,10.0,0.0;0.0,0.0,0.0,10.0::-1192.805,357.7793027482166
-1192.805
0.0,0.0,0.0,10.0;0.0,0.0,10.0,10.0::-1676.915,53.57327015406097
-1676.915
0.0,0.0,10.0,10.0;0.0,0.0,0.0,10.0::-1339.435,46.06097344824575
-1339.435
0.0,0.0,0.0,10.0;0.0,10.0,0.0,0.0::-283.86,17.80857658545455
-283.86
0.0,10.0,0.0,0.0;0.0,0.0,0.0,10.0::-285.3,19.105889144449673
-285.3
0.0,0.0,0.0,10.0;0.0,10.0,0.0,10.0::-283.15,18.0960631077591
-283.15
0.0,10.0,0.0,10.0;0.0,0.0,0.0,10.0::-284.15,18.591597564491334
-284.15
0.0,0.0,0.0,10.0;0.0,10.0,10.0,0.0::-1417.7,518.7677081314911
-1417.7
0.0,10.0,10.0,0.0;0.0,0.0,0.0,10.0::-1148.44,391.73615023380216
-1148.44
0.0,0.0,0.0,10.0;0.0,10.0,10.0,10.0::-1675.475,47.98090114826942
-1675.475
0.0,10.0,10.0,10.0;0.0,0.0,0.0,10.0::-1339.975,42.76706530731329
-1339.975
0.0,0.0,0.0,10.0;10.0,0.0,0.0,0.0::-1467.84,36.48957933437983
-1467.84
10.0,0.0,0.0,0.0;0.0,0.0,0.0,10.0::-1307.94,45.930506202305246
-1307.94
0.0,0.0,0.0,10.0;10.0,0.0,0.0,10.0::-1474.925,36.463500586202635
-1474.925
10.0,0.0,0.0,10.0;0.0,0.0,0.0,10.0::-1315.885,45.37564627638928
-1315.885
0.0,0.0,0.0,10.0;10.0,0.0,10.0,0.0::-2672.865,450.51510992973357
-2672.865
10.0,0.0,10.0,0.0;0.0,0.0,0.0,10.0::-2223.525,342.9908262257171
-2223.525
0.0,0.0,0.0,10.0;10.0,0.0,10.0,10.0::-2866.155,58.46608824780395
-2866.155
10.0,0.0,10.0,10.0;0.0,0.0,0.0,10.0::-2362.515,59.634069750437114
-2362.515
0.0,0.0,0.0,10.0;10.0,10.0,0.0,0.0::-1470.45,44.99474969371427
-1470.45
10.0,10.0,0.0,0.0;0.0,0.0,0.0,10.0::-1308.99,48.568610233359564
-1308.99
0.0,0.0,0.0,10.0;10.0,10.0,0.0,10.0::-1469.165,42.896856236792004
-1469.165
10.0,10.0,0.0,10.0;0.0,0.0,0.0,10.0::-1309.465,45.28301309542024
-1309.465
0.0,0.0,0.0,10.0;10.0,10.0,10.0,0.0::-2723.16,398.41895587434095
-2723.16
10.0,10.0,10.0,0.0;0.0,0.0,0.0,10.0::-2257.38,304.55420798274974
-2257.38
0.0,0.0,0.0,10.0;10.0,10.0,10.0,10.0::-2865.28,79.11609570751074
-2865.28
10.0,10.0,10.0,10.0;0.0,0.0,0.0,10.0::-2368.58,70.40027414719349
-2368.58
