10.0,0.0,10.0,0.0;10.0,0.0,10.0,0.0::-587.345,87.00001997126208
-587.345
10.0,0.0,10.0,0.0;10.0,0.0,10.0,0.0::-605.065,94.00030997289319
-605.065
10.0,0.0,10.0,0.0;10.0,0.0,10.0,10.0::-1658.585,171.692866115631
-1658.585
10.0,0.0,10.0,10.0;10.0,0.0,10.0,0.0::-1622.665,73.74117082742855
-1622.665
10.0,0.0,10.0,0.0;10.0,10.0,0.0,0.0::-1055.145,38.814642533456365
-1055.145
10.0,10.0,0.0,0.0;10.0,0.0,10.0,0.0::-2330.925,152.14155209869526
-2330.925
10.0,0.0,10.0,0.0;10.0,10.0,0.0,10.0::-2502.97,49.84630477778668
-2502.97
10.0,10.0,0.0,10.0;10.0,0.0,10.0,0.0::-2590.85,158.97519460595097
-2590.85
10.0,0.0,10.0,0.0;10.0,10.0,10.0,0.0::-1620.29,58.09226196319094
-1620.29
10.0,10.0,10.0,0.0;10.0,0.0,10.0,0.0::-1584.13,175.8464617215826
-1584.13
10.0,0.0,10.0,0.0;10.0,10.0,10.0,10.0::-2668.82,152.3541518961659
-2668.82
10.0,10.0,10.0,10.0;10.0,0.0,10.0,0.0::-2579.68,152.85731124156277
-2579.68
