10.0,0.0,10.0,10.0;10.0,0.0,10.0,10.0::-2671.635,144.60120772317225
-2671.635
10.0,0.0,10.0,10.0;10.0,0.0,10.0,10.0::-2644.155,153.84017185052804
-2644.155
10.0,0.0,10.0,10.0;10.0,10.0,0.0,0.0::-1065.71,39.96418271402532
-1065.71
10.0,10.0,0.0,0.0;10.0,0.0,10.0,10.0::-2383.45,149.66769023406488
-2383.45
10.0,0.0,10.0,10.0;10.0,10.0,0.0,10.0::-2507.51,60.02724298183284
-2507.51
10.0,10.0,0.0,10.0;10.0,0.0,10.0,10.0::-2658.49,143.61458804731504
-2658.49
10.0,0.0,10.0,10.0;10.0,10.0,10.0,0.0::-1616.035,58.303012572250495
-1616.035
10.0,10.0,10.0,0.0;10.0,0.0,10.0,10.0::-1613.375,165.16092720434818
-1613.375
10.0,0.0,10.0,10.0;10.0,10.0,10.0,10.0::-2641.82,155.6829714516009
-2641.82
10.0,10.0,10.0,10.0;10.0,0.0,10.0,10.0::-2651.02,157.4275693771583
-2651.02
