10.0,10.0,0.0,0.0;10.0,10.0,0.0,0.0::-769.8,38.9613269794549
-769.8
10.0,10.0,0.0,0.0;10.0,10.0,0.0,0.0::-777.48,39.50132402844238
-777.48
10.0,10.0,0.0,0.0;10.0,10.0,0.0,10.0::-2216.75,52.84877008975705
-2216.75
10.0,10.0,0.0,10.0;10.0,10.0,0.0,0.0::-1068.43,48.82591627404447
-1068.43
10.0,10.0,0.0,0.0;10.0,10.0,10.0,0.0::-2324.965,151.40959769776816
-2324.965
10.0,10.0,10.0,0.0;10.0,10.0,0.0,0.0::-1057.445,36.17857757015884
-1057.445
10.0,10.0,0.0,0.0;10.0,10.0,10.0,10.0::-2376.06,151.36978364257513
-2376.06
10.0,10.0,10.0,10.0;10.0,10.0,0.0,0.0::-1065.6,37.27432091936753
-1065.6
