0.0,0.0,10.0,0.0;0.0,0.0,10.0,0.0::-2237.18,672.9550747263891
-2237.18
0.0,0.0,10.0,0.0;0.0,0.0,10.0,0.0::-2214.58,696.5516123016297
-2214.58
0.0,0.0,10.0,0.0;0.0,0.0,10.0,10.0::-2583.93,343.1411810028053
-2583.93
0.0,0.0,10.0,10.0;0.0,0.0,10.0,0.0::-2532.93,458.8245526342285
-2532.93
0.0,0.0,10.0,0.0;0.0,10.0,0.0,0.0::-1433.84,44.96142124088163
-1433.84
0.0,10.0,0.0,0.0;0.0,0.0,10.0,0.0::-1571.02,72.47575180706993
-1571.02
0.0,0.0,10.0,0.0;0.0,10.0,0.0,10.0::-1430.985,46.73352410208329
-1430.985
0.0,10.0,0.0,10.0;0.0,0.0,10.0,0.0::-1567.005,74.22966034544412
-1567.005
0.0,0.0,10.0,0.0;0.0,10.0,10.0,0.0::-2619.735,438.81294109791247
-2619.735
0.0,10.0,10.0,0.0;0.0,0.0,10.0,0.0::-2475.135,330.3533249038066
-2475.135
0.0,0.0,10.0,0.0;0.0,10.0,10.0,10.0::-2841.065,58.13564547676408
-2841.065
0.0,10.0,10.0,10.0;0.0,0.0,10.0,0.0::-2643.805,72.68197489749436
-2643.805
0.0,0.0,10.0,0.0;10.0,0.0,0.0,0.0::-445.08,68.38986474617418
-445.08
10.0,0.0,0.0,0.0;0.0,0.0,10.0,0.0::-437.82,58.70900782673814
-437.82
0.0,0.0,10.0,0.0;10.0,0.0,0.0,10.0::-462.43,79.660498994169
-462.43
10.0,0.0,0.0,10.0;0.0,0.0,10.0,0.0::-433.13,58.55871497907035
-433.13
0.0,0.0,10.0,0.0;10.0,0.0,10.0,0.0::-1632.73,445.10809597220316
-1632.73
10.0,0.0,10.0,0.0;0.0,0.0,10.0,0.0::-1332.95,339.9404764072675
-1332.95
0.0,0.0,10.0,0.0;10.0,0.0,10.0,10.0::-1832.02,77.61607178928858
-1832.02
10.0,0.0,10.0,10.0;0.0,0.0,10.0,0.0::-1477.4,66.29868022819159
-1477.4
0.0,0.0,10.0,0.0;10.0,10.0,0.0,0.0::-1465.485,30.972040213715335
-1465.485
10.0,10.0,0.0,0.0;0.0,0.0,10.0,0.0::-1424.025,159.90894870206608
-1424.025
0.0,0.0,10.0,0.0;10.0,10.0,0.0,10.0::-1472.97,36.16039407971103
-1472.97
10.0,10.0,0.0,10.0;0.0,0.0,10.0,0.0::-1431.51,139.065146244485
-1431.51
0.0,0.0,10.0,0.0;10.0,10.0,10.0,0.0::-2610.05,517.2160694526032
-2610.05
10.0,10.0,10.0,0.0;0.0,0.0,10.0,0.0::-2275.39,424.2129334426286
-2275.39
0.0,0.0,10.0,0.0;10.0,10.0,10.0,10.0::-2845.965,76.79496256265772
-2845.965
10.0,10.0,10.0,10.0;0.0,0.0,10.0,0.0::-2489.505,162.76935361117586
-2489.505
