0.0,0.0,10.0,10.0;0.0,0.0,10.0,10.0::-2732.515,63.70099901100453
-2732.515
0.0,0.0,10.0,10.0;0.0,0.0,10.0,10.0::-2733.515,69.78414773428132
-2733.515
0.0,0.0,10.0,10.0;0.0,10.0,0.0,0.0::-1428.435,40.638384256759025
-1428.435
0.0,10.0,0.0,0.0;0.0,0.0,10.0,10.0::-1597.515,51.37014964938297
-1597.515
0.0,0.0,10.0,10.0;0.0,10.0,0.0,10.0::-1431.045,49.78057326909765
-1431.045
0.0,10.0,0.0,10.0;0.0,0.0,10.0,10.0::-1593.105,58.57743998332463
-1593.105
0.0,0.0,10.0,10.0;0.0,10.0,10.0,0.0::-2561.215,517.7952599966516
-2561.215
0.0,10.0,10.0,0.0;0.0,0.0,10.0,10.0::-2456.855,387.6939211220625
-2456.855
0.0,0.0,10.0,10.0;0.0,10.0,10.0,10.0::-2823.035,76.93221870581921
-2823.035
0.0,10.0,10.0,10.0;0.0,0.0,10.0,10.0::-2651.515,71.15393365795035
-2651.515
0.0,0.0,10.0,10.0;10.0,0.0,0.0,0.0::-1471.59,41.21616066544772
-1471.59
10.0,0.0,0.0,0.0;0.0,0.0,10.0,10.0::-1479.15,150.58956637164474
-1479.15
0.0,0.0,10.0,10.0;10.0,0.0,0.0,10.0::-1463.035,33.29521399540781
-1463.035
10.0,0.0,0.0,10.0;0.0,0.0,10.0,10.0::-1511.435,147.83505428348175
-1511.435
0.0,0.0,10.0,10.0;10.0,0.0,10.0,0.0::-2683.66,462.06634198997887
-2683.66
10.0,0.0,10.0,0.0;0.0,0.0,10.0,10.0::-2420.06,386.6264041681582
-2420.06
0.0,0.0,10.0,10.0;10.0,0.0,10.0,10.0::-2860.015,69.6030335186621
-2860.015
10.0,0.0,10.0,10.0;0.0,0.0,10.0,10.0::-2510.615,149.58677840972442
-2510.615
0.0,0.0,10.0,10.0;10.0,10.0,0.0,0.0::-1474.86,37.71664619236445
-1474.86
10.0,10.0,0.0,0.0;0.0,0.0,10.0,10.0::-1492.02,141.00115105913144
-1492.02
0.0,0.0,10.0,10.0;10.0,10.0,0.0,10.0::-1475.475,40.80327039588861
-1475.475
10.0,10.0,0.0,10.0;0.0,0.0,10.0,10.0::-1470.555,146.12205334924633
-1470.555
0.0,0.0,10.0,10.0;10.0,10.0,10.0,0.0::-2639.295,488.2269917517876
-2639.295
10.0,10.0,10.0,0.0;0.0,0.0,10.0,10.0::-2349.555,379.9654911633424
-2349.555
0.0,0.0,10.0,10.0;10.0,10.0,10.0,10.0::-2855.72,82.50582767295896
-2855.72
10.0,10.0,10.0,10.0;0.0,0.0,10.0,10.0::-2523.34,164.28041392691952
-2523.34
