0.0,10.0,0.0,0.0;0.0,10.0,0.0,0.0::-281.84,19.05765987733016
-281.84
0.0,10.0,0.0,0.0;0.0,10.0,0.0,0.0::-280.54,20.372245826123347
-280.54
0.0,10.0,0.0,0.0;0.0,10.0,0.0,10.0::-284.34,18.93117534650186
-284.34
0.0,10.0,0.0,10.0;0.0,10.0,0.0,0.0::-282.12,18.075137620499607
-282.12
0.0,10.0,0.0,0.0;0.0,10.0,10.0,0.0::-1569.715,75.78813413061441
-1569.715
0.0,10.0,10.0,0.0;0.0,10.0,0.0,0.0::-1435.175,39.870062390219566
-1435.175
0.0,10.0,0.0,0.0;0.0,10.0,10.0,10.0::-1592.2,49.29416801204783
-1592.2
0.0,10.0,10.0,10.0;0.0,10.0,0.0,0.0::-1426.82,41.84115916176319
-1426.82
0.0,10.0,0.0,0.0;10.0,0.0,0.0,0.0::-1181.615,31.39027357319461
-1181.615
10.0,0.0,0.0,0.0;0.0,10.0,0.0,0.0::126.545,24.20662047870375
126.545
0.0,10.0,0.0,0.0;10.0,0.0,0.0,10.0::-1188.515,31.597978970180993
-1188.515
10.0,0.0,0.0,10.0;0.0,10.0,0.0,0.0::128.885,22.587480492520626
128.885
0.0,10.0,0.0,0.0;10.0,0.0,10.0,0.0::-2466.785,76.96022527903618
-2466.785
10.0,0.0,10.0,0.0;0.0,10.0,0.0,0.0::-1024.405,41.18019517923634
-1024.405
0.0,10.0,0.0,0.0;10.0,0.0,10.0,10.0::-2497.595,64.65685172508788
-2497.595
10.0,0.0,10.0,10.0;0.0,10.0,0.0,0.0::-1018.435,48.820930705999444
-1018.435
0.0,10.0,0.0,0.0;10.0,10.0,0.0,0.0::-1183.56,34.01582572862226
-1183.56
10.0,10.0,0.0,0.0;0.0,10.0,0.0,0.0::125.58,27.430158585031915
125.58
0.0,10.0,0.0,0.0;10.0,10.0,0.0,10.0::-1185.42,28.5005894675882
-1185.42
10.0,10.0,0.0,10.0;0.0,10.0,0.0,0.0::127.26,22.553323480143675
127.26
0.0,10.0,0.0,0.0;10.0,10.0,10.0,0.0::-2476.635,83.9726102666816
-2476.635
10.0,10.0,10.0,0.0;0.0,10.0,0.0,0.0::-1020.075,38.07147061777362
-1020.075
0.0,10.0,0.0,0.0;10.0,10.0,10.0,10.0::-2501.155,52.411052985033606
-2501.155
10.0,10.0,10.0,10.0;0.0,10.0,0.0,0.0::-1014.815,44.13012888039189
-1014.815
