0.0,10.0,0.0,10.0;0.0,10.0,0.0,10.0::-284.815,19.852664178895488
-284.815
0.0,10.0,0.0,10.0;0.0,10.0,0.0,10.0::-285.095,19.988833757875923
-285.095
0.0,10.0,0.0,10.0;0.0,10.0,10.0,0.0::-1562.63,77.75267262287518
-1562.63
0.0,10.0,10.0,0.0;0.0,10.0,0.0,10.0::-1434.91,48.07397320796358
-1434.91
0.0,10.0,0.0,10.0;0.0,10.0,10.0,10.0::-1596.77,48.64850562966964
-1596.77
0.0,10.0,10.0,10.0;0.0,10.0,0.0,10.0::-1430.95,44.45365564270276
-1430.95
0.0,10.0,0.0,10.0;10.0,0.0,0.0,0.0::-1472.8,43.43005871513416
-1472.8
10.0,0.0,0.0,0.0;0.0,10.0,0.0,10.0::-1313.66,48.246807148245566
-1313.66
0.0,10.0,0.0,10.0;10.0,0.0,0.0,10.0::-1468.395,41.166994971700326
-1468.395
10.0,0.0,0.0,10.0;0.0,10.0,0.0,10.0::-1300.815,48.01680200721409
-1300.815
0.0,10.0,0.0,10.0;10.0,0.0,10.0,0.0::-2779.515,68.8206529684222
-2779.515
10.0,0.0,10.0,0.0;0.0,10.0,0.0,10.0::-2465.055,54.299949125206375
-2465.055
0.0,10.0,0.0,10.0;10.0,0.0,10.0,10.0::-2776.59,68.91789970682507
-2776.59
10.0,0.0,10.0,10.0;0.0,10.0,0.0,10.0::-2453.49,62.28069444057282
-2453.49
0.0,10.0,0.0,10.0;10.0,10.0,0.0,0.0::-1463.56,40.09970573458115
-1463.56
10.0,10.0,0.0,0.0;0.0,10.0,0.0,10.0::-1300.4,46.30010799123476
-1300.4
0.0,10.0,0.0,10.0;10.0,10.0,0.0,10.0::-1472.29,48.727516866756105
-1472.29
10.0,10.0,0.0,10.0;0.0,10.0,0.0,10.0::-1301.75,47.9476016084225
-1301.75
0.0,10.0,0.0,10.0;10.0,10.0,10.0,0.0::-2770.96,75.19656508112588
-2770.96
10.0,10.0,10.0,0.0;0.0,10.0,0.0,10.0::-2466.5,59.33527618541941
-2466.5
0.0,10.0,0.0,10.0;10.0,10.0,10.0,10.0::-2779.415,64.97638244008358
-2779.415
10.0,10.0,10.0,10.0;0.0,10.0,0.0,10.0::-2450.515,61.592103998808156
-2450.515
