0.0,10.0,10.0,0.0;0.0,10.0,10.0,0.0::-2713.535,75.91035024948837
-2713.535
0.0,10.0,10.0,0.0;0.0,10.0,10.0,0.0::-2710.915,86.68540981618534
-2710.915
0.0,10.0,10.0,0.0;0.0,10.0,10.0,10.0::-2733.945,72.32229583606981
-2733.945
0.0,10.0,10.0,10.0;0.0,10.0,10.0,0.0::-2715.405,77.77212530849341
-2715.405
0.0,10.0,10.0,0.0;10.0,0.0,0.0,0.0::-457.145,73.67347877628693
-457.145
10.0,0.0,0.0,0.0;0.0,10.0,10.0,0.0::-431.725,51.40638943750086
-431.725
0.0,10.0,10.0,0.0;10.0,0.0,0.0,10.0::-454.43,77.36872817876743
-454.43
10.0,0.0,0.0,10.0;0.0,10.0,10.0,0.0::-429.25,55.62735388277965
-429.25
0.0,10.0,10.0,0.0;10.0,0.0,10.0,0.0::-1746.52,96.13846576683031
-1746.52
10.0,0.0,10.0,0.0;0.0,10.0,10.0,0.0::-1582.16,61.78275973117421
-1582.16
0.0,10.0,10.0,0.0;10.0,0.0,10.0,10.0::-1744.45,87.85600434802393
-1744.45
10.0,0.0,10.0,10.0;0.0,10.0,10.0,0.0::-1570.49,73.0772187483897
-1570.49
0.0,10.0,10.0,0.0;10.0,10.0,0.0,0.0::-1473.075,34.239478310862154
-1473.075
10.0,10.0,0.0,0.0;0.0,10.0,10.0,0.0::-1403.055,147.662129454373
-1403.055
0.0,10.0,10.0,0.0;10.0,10.0,0.0,10.0::-1471.52,32.12724077788193
-1471.52
10.0,10.0,0.0,10.0;0.0,10.0,10.0,0.0::-1436.74,154.88196279748007
-1436.74
0.0,10.0,10.0,0.0;10.0,10.0,10.0,0.0::-2748.945,86.3311037517765
-2748.945
10.0,10.0,10.0,0.0;0.0,10.0,10.0,0.0::-2569.185,152.40770411957527
-2569.185
0.0,10.0,10.0,0.0;10.0,10.0,10.0,10.0::-2773.665,59.208869901392305
-2773.665
10.0,10.0,10.0,10.0;0.0,10.0,10.0,0.0::-2576.565,162.04235025140807
-2576.565
