0.0,10.0,10.0,10.0;0.0,10.0,10.0,10.0::-2723.31,82.07151698366492
-2723.31
0.0,10.0,10.0,10.0;0.0,10.0,10.0,10.0::-2720.85,84.18614791044901
-2720.85
0.0,10.0,10.0,10.0;10.0,0.0,0.0,0.0::-1465.025,40.79450790241253
-1465.025
10.0,0.0,0.0,0.0;0.0,10.0,10.0,10.0::-1481.365,146.79318538338217
-1481.365
0.0,10.0,10.0,10.0;10.0,0.0,0.0,10.0::-1468.805,35.201555008266325
-1468.805
10.0,0.0,0.0,10.0;0.0,10.0,10.0,10.0::-1490.065,148.6180785604497
-1490.065
0.0,10.0,10.0,10.0;10.0,0.0,10.0,0.0::-2767.78,78.82513304777859
-2767.78
10.0,0.0,10.0,0.0;0.0,10.0,10.0,10.0::-2639.3,150.13080962946947
-2639.3
0.0,10.0,10.0,10.0;10.0,0.0,10.0,10.0::-2787.5,50.58255628178552
-2787.5
10.0,0.0,10.0,10.0;0.0,10.0,10.0,10.0::-2620.72,157.10896409816974
-2620.72
0.0,10.0,10.0,10.0;10.0,10.0,0.0,0.0::-1471.595,39.26217613683684
-1471.595
10.0,10.0,0.0,0.0;0.0,10.0,10.0,10.0::-1474.675,145.37595012587192
-1474.675
0.0,10.0,10.0,10.0;10.0,10.0,0.0,10.0::-1475.95,36.823056635754725
-1475.95
10.0,10.0,0.0,10.0;0.0,10.0,10.0,10.0::-1486.43,143.25639636679404
-1486.43
0.0,10.0,10.0,10.0;10.0,10.0,10.0,0.0::-2759.48,82.07371442794577
-2759.48
10.0,10.0,10.0,0.0;0.0,10.0,10.0,10.0::-2621.32,147.47902427125018
-2621.32
0.0,10.0,10.0,10.0;10.0,10.0,10.0,10.0::-2783.64,67.88958241144218
-2783.64
10.0,10.0,10.0,10.0;0.0,10.0,10.0,10.0::-2587.38,156.15530922770444
-2587.38
