10.0,0.0,0.0,0.0;10.0,0.0,0.0,0.0::-772.18,37.226235372382206
-772.18
10.0,0.0,0.0,0.0;10.0,0.0,0.0,0.0::-774.56,38.37383744167372
-774.56
10.0,0.0,0.0,0.0;10.0,0.0,0.0,10.0::-2210.68,49.402252985061324
-2210.68
10.0,0.0,0.0,10.0;10.0,0.0,0.0,0.0::-1062.14,44.95181197682692
-1062.14
10.0,0.0,0.0,0.0;10.0,0.0,10.0,0.0::-1333.175,61.572574048840934
-1333.175
10.0,0.0,10.0,0.0;10.0,0.0,0.0,0.0::-38.215,64.49725788744821
-38.215
10.0,0.0,0.0,0.0;10.0,0.0,10.0,10.0::-2374.29,155.42336021332184
-2374.29
10.0,0.0,10.0,10.0;10.0,0.0,0.0,0.0::-1064.73,33.52449999627139
-1064.73
10.0,0.0,0.0,0.0;10.0,10.0,0.0,0.0::-775.95,31.809471859809303
-775.95
10.0,10.0,0.0,0.0;10.0,0.0,0.0,0.0::-771.99,32.42599111823723
-771.99
10.0,0.0,0.0,0.0;10.0,10.0,0.0,10.0::-2205.76,51.980163524175246
-2205.76
10.0,10.0,0.0,10.0;10.0,0.0,0.0,0.0::-1057.52,46.21714616892739
-1057.52
10.0,0.0,0.0,0.0;10.0,10.0,10.0,0.0::-1332.115,63.7673056902987
-1332.115
10.0,10.0,10.0,0.0;10.0,0.0,0.0,0.0::-48.875,71.32038190447385
-48.875
10.0,0.0,0.0,0.0;10.0,10.0,10.0,10.0::-2370.59,145.67253310078735
-2370.59
10.0,10.0,10.0,10.0;10.0,0.0,0.0,0.0::-1059.79,39.70832280517523
-1059.79
