10.0,0.0,0.0,10.0;10.0,0.0,0.0,10.0::-2507.05,60.69116492538267
-2507.05
10.0,0.0,0.0,10.0;10.0,0.0,0.0,10.0::-2502.23,55.37117571444551
-2502.23
10.0,0.0,0.0,10.0;10.0,0.0,10.0,0.0::-1622.11,72.3400158971506
-1622.11
10.0,0.0,10.0,0.0;10.0,0.0,0.0,10.0::-1476.71,83.9263123221794
-1476.71
10.0,0.0,0.0,10.0;10.0,0.0,10.0,10.0::-2666.58,150.52479397096013
-2666.58
10.0,0.0,10.0,10.0;10.0,0.0,0.0,10.0::-2502.0,52.55768259731397
-2502.0
10.0,0.0,0.0,10.0;10.0,10.0,0.0,0.0::-1051.65,45.2842963951081
-1051.65
10.0,10.0,0.0,0.0;10.0,0.0,0.0,10.0::-2202.99,55.771945456474796
-2202.99
10.0,0.0,0.0,10.0;10.0,10.0,0.0,10.0::-2496.315,60.610215929329954
-2496.315
10.0,10.0,0.0,10.0;10.0,0.0,0.0,10.0::-2497.035,53.785930083991296
-2497.035
10.0,0.0,0.0,10.0;10.0,10.0,10.0,0.0::-1611.25,63.76231253648193
-1611.25
10.0,10.0,10.0,0.0;10.0,0.0,0.0,10.0::-1468.01,81.46517599563632
-1468.01
10.0,0.0,0.0,10.0;10.0,10.0,10.0,10.0::-2693.685,146.86940891485878
-2693.685
10.0,10.0,10.0,10.0;10.0,0.0,0.0,10.0::-2486.265,58.563574643288284
-2486.265
