0.0,0.0,0.0,0.0;0.0,0.0,0.0,0.0::-282.315,18.53451577462977
-282.315
0.0,0.0,0.0,0.0;0.0,0.0,0.0,0.0::-284.175,19.42876411406552
-284.175
0.0,0.0,0.0,0.0;0.0,0.0,0.0,10.0::-287.33,18.819168419459984
-287.33
0.0,0.0,0.0,10.0;0.0,0.0,0.0,0.0::-284.29,17.98460174705017
-284.29
0.0,0.0,0.0,0.0;0.0,0.0,10.0,0.0::-1392.985,534.9754688534791
-1392.985
0.0,0.0,10.0,0.0;0.0,0.0,0.0,0.0::-1126.565,403.97255262579415
-1126.565
0.0,0.0,0.0,0.0;0.0,0.0,10.0,10.0::-1678.915,51.029993876150925
-1678.915
0.0,0.0,10.0,10.0;0.0,0.0,0.0,0.0::-1342.175,42.12489614230521
-1342.175
0.0,0.0,0.0,0.0;0.0,10.0,0.0,0.0::-282.31,19.847012369623798
-282.31
0.0,10.0,0.0,0.0;0.0,0.0,0.0,0.0::-282.83,20.715479719282396
-282.83
0.0,0.0,0.0,0.0;0.0,10.0,0.0,10.0::-285.895,22.558844717759815
-285.895
0.0,10.0,0.0,10.0;0.0,0.0,0.0,0.0::-282.275,19.053001732010625
-282.275
0.0,0.0,0.0,0.0;0.0,10.0,10.0,0.0::-1374.895,558.1741497731689
-1374.895
0.0,10.0,10.0,0.0;0.0,0.0,0.0,0.0::-1111.895,420.1864722655883
-1111.895
0.0,0.0,0.0,0.0;0.0,10.0,10.0,10.0::-1677.29,57.83235167274456
-1677.29
0.0,10.0,10.0,10.0;0.0,0.0,0.0,0.0::-1337.17,48.60674953131511
-1337.17
0.0,0.0,0.0,0.0;10.0,0.0,0.0,0.0::-1183.05,26.729805461319764
-1183.05
10.0,0.0,0.0,0.0;0.0,0.0,0.0,0.0::129.51,22.74873403071037
129.51
0.0,0.0,0.0,0.0;10.0,0.0,0.0,10.0::-1184.96,32.49605206790511
-1184.96
10.0,0.0,0.0,10.0;0.0,0.0,0.0,0.0::126.08,23.851804963146915
126.08
0.0,0.0,0.0,0.0;10.0,0.0,10.0,0.0::-2269.575,553.1963908730785
-2269.575
10.0,0.0,10.0,0.0;0.0,0.0,0.0,0.0::-692.535,412.03327690248506
-692.535
0.0,0.0,0.0,0.0;10.0,0.0,10.0,10.0::-2584.895,56.19787785139221
-2584.895
10.0,0.0,10.0,10.0;0.0,0.0,0.0,0.0::-926.755,43.70849431174676
-926.755
0.0,0.0,0.0,0.0;10.0,10.0,0.0,0.0::-1185.395,33.96058708267571
-1185.395
10.0,10.0,0.0,0.0;0.0,0.0,0.0,0.0::127.385,22.957553767768907
127.385
0.0,0.0,0.0,0.0;10.0,10.0,0.0,10.0::-1186.81,32.745822634345295
-1186.81
10.0,10.0,0.0,10.0;0.0,0.0,0.0,0.0::122.71,26.04843373410386
122.71
0.0,0.0,0.0,0.0;10.0,10.0,10.0,0.0::-2351.035,497.3814595207585
-2351.035
10.0,10.0,10.0,0.0;0.0,0.0,0.0,0.0::-758.015,376.9466637005824
-758.015
0.0,0.0,0.0,0.0;10.0,10.0,10.0,10.0::-2577.955,65.7902764472076
-2577.955
10.0,10.0,10.0,10.0;0.0,0.0,0.0,0.0::-927.395,53.17928614601741
-927.395
0.0,0.0,0.0,10.0;0.0,0.0,0.0,10.0::-282.94,17.578435652810516
-282.94
0.0,0.0,0.0,10.0;0.0,0.0,0.0,10.0::-283.46,16.935566125760303
-283.46
0.0,0.0,0.0,10.0;0.0,0.0,10.0,0.0::-1479.205,468.74929917280946
-1479.205
0.0,0.0,10.0,0.0;0.0,0.0,0.0,10.0::-1192.805,357.7793027482166
-1192.805
0.0,0.0,0.0,10.0;0.0,0.0,10.0,10.0::-1676.915,53.57327015406097
-1676.915
0.0,0.0,10.0,10.0;0.0,0.0,0.0,10.0::-1339.435,46.06097344824575
-1339.435
0.0,0.0,0.0,10.0;0.0,10.0,0.0,0.0::-283.86,17.80857658545455
-283.86
0.0,10.0,0.0,0.0;0.0,0.0,0.0,10.0::-285.3,19.105889144449673
-285.3
0.0,0.0,0.0,10.0;0.0,10.0,0.0,10.0::-283.15,18.0960631077591
-283.15
0.0,10.0,0.0,10.0;0.0,0.0,0.0,10.0::-284.15,18.591597564491334
-284.15
0.0,0.0,0.0,10.0;0.0,10.0,10.0,0.0::-1417.7,518.7677081314911
-1417.7
0.0,10.0,10.0,0.0;0.0,0.0,0.0,10.0::-1148.44,391.73615023380216
-1148.44
0.0,0.0,0.0,10.0;0.0,10.0,10.0,10.0::-1675.475,47.98090114826942
-1675.475
0.0,10.0,10.0,10.0;0.0,0.0,0.0,10.0::-1339.975,42.76706530731329
-1339.975
0.0,0.0,0.0,10.0;10.0,0.0,0.0,0.0::-1467.84,36.48957933437983
-1467.84
10.0,0.0,0.0,0.0;0.0,0.0,0.0,10.0::-1307.94,45.930506202305246
-1307.94
0.0,0.0,0.0,10.0;10.0,0.0,0.0,10.0::-1474.925,36.463500586202635
-1474.925
10.0,0.0,0.0,10.0;0.0,0.0,0.0,10.0::-1315.885,45.37564627638928
-1315.885
0.0,0.0,0.0,10.0;10.0,0.0,10.0,0.0::-2672.865,450.51510992973357
-2672.865
10.0,0.0,10.0,0.0;0.0,0.0,0.0,10.0::-2223.525,342.9908262257171
-2223.525
0.0,0.0,0.0,10.0;10.0,0.0,10.0,10.0::-2866.155,58.46608824780395
-2866.155
10.0,0.0,10.0,10.0;0.0,0.0,0.0,10.0::-2362.515,59.634069750437114
-2362.515
0.0,0.0,0.0,10.0;10.0,10.0,0.0,0.0::-1470.45,44.99474969371427
-1470.45
10.0,10.0,0.0,0.0;0.0,0.0,0.0,10.0::-1308.99,48.568610233359564
-1308.99
0.0,0.0,0.0,10.0;10.0,10.0,0.0,10.0::-1469.165,42.896856236792004
-1469.165
10.0,10.0,0.0,10.0;0.0,0.0,0.0,10.0::-1309.465,45.28301309542024
-1309.465
0.0,0.0,0.0,10.0;10.0,10.0,10.0,0.0::-2723.16,398.41895587434095
-2723.16
10.0,10.0,10.0,0.0;0.0,0.0,0.0,10.0::-2257.38,304.55420798274974
-2257.38
0.0,0.0,0.0,10.0;10.0,10.0,10.0,10.0::-2865.28,79.11609570751074
-2865.28
10.0,10.0,10.0,10.0;0.0,0.0,0.0,10.0::-2368.58,70.40027414719349
-2368.58
0.0,0.0,10.0,0.0;0.0,0.0,10.0,0.0::-2237.18,672.9550747263891
-2237.18
0.0,0.0,10.0,0.0;0.0,0.0,10.0,0.0::-2214.58,696.5516123016297
-2214.58
0.0,0.0,10.0,0.0;0.0,0.0,10.0,10.0::-2583.93,343.1411810028053
-2583.93
0.0,0.0,10.0,10.0;0.0,0.0,10.0,0.0::-2532.93,458.8245526342285
-2532.93
0.0,0.0,10.0,0.0;0.0,10.0,0.0,0.0::-1433.84,44.96142124088163
-1433.84
0.0,10.0,0.0,0.0;0.0,0.0,10.0,0.0::-1571.02,72.47575180706993
-1571.02
0.0,0.0,10.0,0.0;0.0,10.0,0.0,10.0::-1430.985,46.73352410208329
-1430.985
0.0,10.0,0.0,10.0;0.0,0.0,10.0,0.0::-1567.005,74.22966034544412
-1567.005
0.0,0.0,10.0,0.0;0.0,10.0,10.0,0.0::-2619.735,438.81294109791247
-2619.735
0.0,10.0,10.0,0.0;0.0,0.0,10.0,0.0::-2475.135,330.3533249038066
-2475.135
0.0,0.0,10.0,0.0;0.0,10.0,10.0,10.0::-2841.065,58.13564547676408
-2841.065
0.0,10.0,10.0,10.0;0.0,0.0,10.0,0.0::-2643.805,72.68197489749436
-2643.805
0.0,0.0,10.0,0.0;10.0,0.0,0.0,0.0::-445.08,68.38986474617418
-445.08
10.0,0.0,0.0,0.0;0.0,0.0,10.0,0.0::-437.82,58.70900782673814
-437.82
0.0,0.0,10.0,0.0;10.0,0.0,0.0,10.0::-462.43,79.660498994169
-462.43
10.0,0.0,0.0,10.0;0.0,0.0,10.0,0.0::-433.13,58.55871497907035
-433.13
0.0,0.0,10.0,0.0;10.0,0.0,10.0,0.0::-1632.73,445.10809597220316
-1632.73
10.0,0.0,10.0,0.0;0.0,0.0,10.0,0.0::-1332.95,339.9404764072675
-1332.95
0.0,0.0,10.0,0.0;10.0,0.0,10.0,10.0::-1832.02,77.61607178928858
-1832.02
10.0,0.0,10.0,10.0;0.0,0.0,10.0,0.0::-1477.4,66.29868022819159
-1477.4
0.0,0.0,10.0,0.0;10.0,10.0,0.0,0.0::-1465.485,30.972040213715335
-1465.485
10.0,10.0,0.0,0.0;0.0,0.0,10.0,0.0::-1424.025,159.90894870206608
-1424.025
0.0,0.0,10.0,0.0;10.0,10.0,0.0,10.0::-1472.97,36.16039407971103
-1472.97
10.0,10.0,0.0,10.0;0.0,0.0,10.0,0.0::-1431.51,139.065146244485
-1431.51
0.0,0.0,10.0,0.0;10.0,10.0,10.0,0.0::-2610.05,517.2160694526032
-2610.05
10.0,10.0,10.0,0.0;0.0,0.0,10.0,0.0::-2275.39,424.2129334426286
-2275.39
0.0,0.0,10.0,0.0;10.0,10.0,10.0,10.0::-2845.965,76.79496256265772
-2845.965
10.0,10.0,10.0,10.0;0.0,0.0,10.0,0.0::-2489.505,162.76935361117586
-2489.505
0.0,0.0,10.0,10.0;0.0,0.0,10.0,10.0::-2732.515,63.70099901100453
-2732.515
0.0,0.0,10.0,10.0;0.0,0.0,10.0,10.0::-2733.515,69.78414773428132
-2733.515
0.0,0.0,10.0,10.0;0.0,10.0,0.0,0.0::-1428.435,40.638384256759025
-1428.435
0.0,10.0,0.0,0.0;0.0,0.0,10.0,10.0::-1597.515,51.37014964938297
-1597.515
0.0,0.0,10.0,10.0;0.0,10.0,0.0,10.0::-1431.045,49.78057326909765
-1431.045
0.0,10.0,0.0,10.0;0.0,0.0,10.0,10.0::-1593.105,58.57743998332463
-1593.105
0.0,0.0,10.0,10.0;0.0,10.0,10.0,0.0::-2561.215,517.7952599966516
-2561.215
0.0,10.0,10.0,0.0;0.0,0.0,10.0,10.0::-2456.855,387.6939211220625
-2456.855
0.0,0.0,10.0,10.0;0.0,10.0,10.0,10.0::-2823.035,76.93221870581921
-2823.035
0.0,10.0,10.0,10.0;0.0,0.0,10.0,10.0::-2651.515,71.15393365795035
-2651.515
0.0,0.0,10.0,10.0;10.0,0.0,0.0,0.0::-1471.59,41.21616066544772
-1471.59
10.0,0.0,0.0,0.0;0.0,0.0,10.0,10.0::-1479.15,150.58956637164474
-1479.15
0.0,0.0,10.0,10.0;10.0,0.0,0.0,10.0::-1463.035,33.29521399540781
-1463.035
10.0,0.0,0.0,10.0;0.0,0.0,10.0,10.0::-1511.435,147.83505428348175
-1511.435
0.0,0.0,10.0,10.0;10.0,0.0,10.0,0.0::-2683.66,462.06634198997887
-2683.66
10.0,0.0,10.0,0.0;0.0,0.0,10.0,10.0::-2420.06,386.6264041681582
-2420.06
0.0,0.0,10.0,10.0;10.0,0.0,10.0,10.0::-2860.015,69.6030335186621
-2860.015
10.0,0.0,10.0,10.0;0.0,0.0,10.0,10.0::-2510.615,149.58677840972442
-2510.615
0.0,0.0,10.0,10.0;10.0,10.0,0.0,0.0::-1474.86,37.71664619236445
-1474.86
10.0,10.0,0.0,0.0;0.0,0.0,10.0,10.0::-1492.02,141.00115105913144
-1492.02
0.0,0.0,10.0,10.0;10.0,10.0,0.0,10.0::-1475.475,40.80327039588861
-1475.475
10.0,10.0,0.0,10.0;0.0,0.0,10.0,10.0::-1470.555,146.12205334924633
-1470.555
0.0,0.0,10.0,10.0;10.0,10.0,10.0,0.0::-2639.295,488.2269917517876
-2639.295
10.0,10.0,10.0,0.0;0.0,0.0,10.0,10.0::-2349.555,379.9654911633424
-2349.555
0.0,0.0,10.0,10.0;10.0,10.0,10.0,10.0::-2855.72,82.50582767295896
-2855.72
10.0,10.0,10.0,10.0;0.0,0.0,10.0,10.0::-2523.34,164.28041392691952
-2523.34
0.0,10.0,0.0,0.0;0.0,10.0,0.0,0.0::-281.84,19.05765987733016
-281.84
0.0,10.0,0.0,0.0;0.0,10.0,0.0,0.0::-280.54,20.372245826123347
-280.54
0.0,10.0,0.0,0.0;0.0,10.0,0.0,10.0::-284.34,18.93117534650186
-284.34
0.0,10.0,0.0,10.0;0.0,10.0,0.0,0.0::-282.12,18.075137620499607
-282.12
0.0,10.0,0.0,0.0;0.0,10.0,10.0,0.0::-1569.715,75.78813413061441
-1569.715
0.0,10.0,10.0,0.0;0.0,10.0,0.0,0.0::-1435.175,39.870062390219566
-1435.175
0.0,10.0,0.0,0.0;0.0,10.0,10.0,10.0::-1592.2,49.29416801204783
-1592.2
0.0,10.0,10.0,10.0;0.0,10.0,0.0,0.0::-1426.82,41.84115916176319
-1426.82
0.0,10.0,0.0,0.0;10.0,0.0,0.0,0.0::-1181.615,31.39027357319461
-1181.615
10.0,0.0,0.0,0.0;0.0,10.0,0.0,0.0::126.545,24.20662047870375
126.545
0.0,10.0,0.0,0.0;10.0,0.0,0.0,10.0::-1188.515,31.597978970180993
-1188.515
10.0,0.0,0.0,10.0;0.0,10.0,0.0,0.0::128.885,22.587480492520626
128.885
0.0,10.0,0.0,0.0;10.0,0.0,10.0,0.0::-2466.785,76.96022527903618
-2466.785
10.0,0.0,10.0,0.0;0.0,10.0,0.0,0.0::-1024.405,41.18019517923634
-1024.405
0.0,10.0,0.0,0.0;10.0,0.0,10.0,10.0::-2497.595,64.65685172508788
-2497.595
10.0,0.0,10.0,10.0;0.0,10.0,0.0,0.0::-1018.435,48.820930705999444
-1018.435
0.0,10.0,0.0,0.0;10.0,10.0,0.0,0.0::-1183.56,34.01582572862226
-1183.56
10.0,10.0,0.0,0.0;0.0,10.0,0.0,0.0::125.58,27.430158585031915
125.58
0.0,10.0,0.0,0.0;10.0,10.0,0.0,10.0::-1185.42,28.5005894675882
-1185.42
10.0,10.0,0.0,10.0;0.0,10.0,0.0,0.0::127.26,22.553323480143675
127.26
0.0,10.0,0.0,0.0;10.0,10.0,10.0,0.0::-2476.635,83.9726102666816
-2476.635
10.0,10.0,10.0,0.0;0.0,10.0,0.0,0.0::-1020.075,38.07147061777362
-1020.075
0.0,10.0,0.0,0.0;10.0,10.0,10.0,10.0::-2501.155,52.411052985033606
-2501.155
10.0,10.0,10.0,10.0;0.0,10.0,0.0,0.0::-1014.815,44.13012888039189
-1014.815
0.0,10.0,0.0,10.0;0.0,10.0,0.0,10.0::-284.815,19.852664178895488
-284.815
0.0,10.0,0.0,10.0;0.0,10.0,0.0,10.0::-285.095,19.988833757875923
-285.095
0.0,10.0,0.0,10.0;0.0,10.0,10.0,0.0::-1562.63,77.75267262287518
-1562.63
0.0,10.0,10.0,0.0;0.0,10.0,0.0,10.0::-1434.91,48.07397320796358
-1434.91
0.0,10.0,0.0,10.0;0.0,10.0,10.0,10.0::-1596.77,48.64850562966964
-1596.77
0.0,10.0,10.0,10.0;0.0,10.0,0.0,10.0::-1430.95,44.45365564270276
-1430.95
0.0,10.0,0.0,10.0;10.0,0.0,0.0,0.0::-1472.8,43.43005871513416
-1472.8
10.0,0.0,0.0,0.0;0.0,10.0,0.0,10.0::-1313.66,48.246807148245566
-1313.66
0.0,10.0,0.0,10.0;10.0,0.0,0.0,10.0::-1468.395,41.166994971700326
-1468.395
10.0,0.0,0.0,10.0;0.0,10.0,0.0,10.0::-1300.815,48.01680200721409
-1300.815
0.0,10.0,0.0,10.0;10.0,0.0,10.0,0.0::-2779.515,68.8206529684222
-2779.515
10.0,0.0,10.0,0.0;0.0,10.0,0.0,10.0::-2465.055,54.299949125206375
-2465.055
0.0,10.0,0.0,10.0;10.0,0.0,10.0,10.0::-2776.59,68.91789970682507
-2776.59
10.0,0.0,10.0,10.0;0.0,10.0,0.0,10.0::-2453.49,62.28069444057282
-2453.49
0.0,10.0,0.0,10.0;10.0,10.0,0.0,0.0::-1463.56,40.09970573458115
-1463.56
10.0,10.0,0.0,0.0;0.0,10.0,0.0,10.0::-1300.4,46.30010799123476
-1300.4
0.0,10.0,0.0,10.0;10.0,10.0,0.0,10.0::-1472.29,48.727516866756105
-1472.29
10.0,10.0,0.0,10.0;0.0,10.0,0.0,10.0::-1301.75,47.9476016084225
-1301.75
0.0,10.0,0.0,10.0;10.0,10.0,10.0,0.0::-2770.96,75.19656508112588
-2770.96
10.0,10.0,10.0,0.0;0.0,10.0,0.0,10.0::-2466.5,59.33527618541941
-2466.5
0.0,10.0,0.0,10.0;10.0,10.0,10.0,10.0::-2779.415,64.97638244008358
-2779.415
10.0,10.0,10.0,10.0;0.0,10.0,0.0,10.0::-2450.515,61.592103998808156
-2450.515
0.0,10.0,10.0,0.0;0.0,10.0,10.0,0.0::-2713.535,75.91035024948837
-2713.535
0.0,10.0,10.0,0.0;0.0,10.0,10.0,0.0::-2710.915,86.68540981618534
-2710.915
0.0,10.0,10.0,0.0;0.0,10.0,10.0,10.0::-2733.945,72.32229583606981
-2733.945
0.0,10.0,10.0,10.0;0.0,10.0,10.0,0.0::-2715.405,77.77212530849341
-2715.405
0.0,10.0,10.0,0.0;10.0,0.0,0.0,0.0::-457.145,73.67347877628693
-457.145
10.0,0.0,0.0,0.0;0.0,10.0,10.0,0.0::-431.725,51.40638943750086
-431.725
0.0,10.0,10.0,0.0;10.0,0.0,0.0,10.0::-454.43,77.36872817876743
-454.43
10.0,0.0,0.0,10.0;0.0,10.0,10.0,0.0::-429.25,55.62735388277965
-429.25
0.0,10.0,10.0,0.0;10.0,0.0,10.0,0.0::-1746.52,96.13846576683031
-1746.52
10.0,0.0,10.0,0.0;0.0,10.0,10.0,0.0::-1582.16,61.78275973117421
-1582.16
0.0,10.0,10.0,0.0;10.0,0.0,10.0,10.0::-1744.45,87.85600434802393
-1744.45
10.0,0.0,10.0,10.0;0.0,10.0,10.0,0.0::-1570.49,73.0772187483897
-1570.49
0.0,10.0,10.0,0.0;10.0,10.0,0.0,0.0::-1473.075,34.239478310862154
-1473.075
10.0,10.0,0.0,0.0;0.0,10.0,10.0,0.0::-1403.055,147.662129454373
-1403.055
0.0,10.0,10.0,0.0;10.0,10.0,0.0,10.0::-1471.52,32.12724077788193
-1471.52
10.0,10.0,0.0,10.0;0.0,10.0,10.0,0.0::-1436.74,154.88196279748007
-1436.74
0.0,10.0,10.0,0.0;10.0,10.0,10.0,0.0::-2748.945,86.3311037517765
-2748.945
10.0,10.0,10.0,0.0;0.0,10.0,10.0,0.0::-2569.185,152.40770411957527
-2569.185
0.0,10.0,10.0,0.0;10.0,10.0,10.0,10.0::-2773.665,59.208869901392305
-2773.665
10.0,10.0,10.0,10.0;0.0,10.0,10.0,0.0::-2576.565,162.04235025140807
-2576.565
0.0,10.0,10.0,10.0;0.0,10.0,10.0,10.0::-2723.31,82.07151698366492
-2723.31
0.0,10.0,10.0,10.0;0.0,10.0,10.0,10.0::-2720.85,84.18614791044901
-2720.85
0.0,10.0,10.0,10.0;10.0,0.0,0.0,0.0::-1465.025,40.79450790241253
-1465.025
10.0,0.0,0.0,0.0;0.0,10.0,10.0,10.0::-1481.365,146.79318538338217
-1481.365
0.0,10.0,10.0,10.0;10.0,0.0,0.0,10.0::-1468.805,35.201555008266325
-1468.805
10.0,0.0,0.0,10.0;0.0,10.0,10.0,10.0::-1490.065,148.6180785604497
-1490.065
0.0,10.0,10.0,10.0;10.0,0.0,10.0,0.0::-2767.78,78.82513304777859
-2767.78
10.0,0.0,10.0,0.0;0.0,10.0,10.0,10.0::-2639.3,150.13080962946947
-2639.3
0.0,10.0,10.0,10.0;10.0,0.0,10.0,10.0::-2787.5,50.58255628178552
-2787.5
10.0,0.0,10.0,10.0;0.0,10.0,10.0,10.0::-2620.72,157.10896409816974
-2620.72
0.0,10.0,10.0,10.0;10.0,10.0,0.0,0.0::-1471.595,39.26217613683684
-1471.595
10.0,10.0,0.0,0.0;0.0,10.0,10.0,10.0::-1474.675,145.37595012587192
-1474.675
0.0,10.0,10.0,10.0;10.0,10.0,0.0,10.0::-1475.95,36.823056635754725
-1475.95
10.0,10.0,0.0,10.0;0.0,10.0,10.0,10.0::-1486.43,143.25639636679404
-1486.43
0.0,10.0,10.0,10.0;10.0,10.0,10.0,0.0::-2759.48,82.07371442794577
-2759.48
10.0,10.0,10.0,0.0;0.0,10.0,10.0,10.0::-2621.32,147.47902427125018
-2621.32
0.0,10.0,10.0,10.0;10.0,10.0,10.0,10.0::-2783.64,67.88958241144218
-2783.64
10.0,10.0,10.0,10.0;0.0,10.0,10.0,10.0::-2587.38,156.15530922770444
-2587.38
10.0,0.0,0.0,0.0;10.0,0.0,0.0,0.0::-772.18,37.226235372382206
-772.18
10.0,0.0,0.0,0.0;10.0,0.0,0.0,0.0::-774.56,38.37383744167372
-774.56
10.0,0.0,0.0,0.0;10.0,0.0,0.0,10.0::-2210.68,49.402252985061324
-2210.68
10.0,0.0,0.0,10.0;10.0,0.0,0.0,0.0::-1062.14,44.95181197682692
-1062.14
10.0,0.0,0.0,0.0;10.0,0.0,10.0,0.0::-1333.175,61.572574048840934
-1333.175
10.0,0.0,10.0,0.0;10.0,0.0,0.0,0.0::-38.215,64.49725788744821
-38.215
10.0,0.0,0.0,0.0;10.0,0.0,10.0,10.0::-2374.29,155.42336021332184
-2374.29
10.0,0.0,10.0,10.0;10.0,0.0,0.0,0.0::-1064.73,33.52449999627139
-1064.73
10.0,0.0,0.0,0.0;10.0,10.0,0.0,0.0::-775.95,31.809471859809303
-775.95
10.0,10.0,0.0,0.0;10.0,0.0,0.0,0.0::-771.99,32.42599111823723
-771.99
10.0,0.0,0.0,0.0;10.0,10.0,0.0,10.0::-2205.76,51.980163524175246
-2205.76
10.0,10.0,0.0,10.0;10.0,0.0,0.0,0.0::-1057.52,46.21714616892739
-1057.52
10.0,0.0,0.0,0.0;10.0,10.0,10.0,0.0::-1332.115,63.7673056902987
-1332.115
10.0,10.0,10.0,0.0;10.0,0.0,0.0,0.0::-48.875,71.32038190447385
-48.875
10.0,0.0,0.0,0.0;10.0,10.0,10.0,10.0::-2370.59,145.67253310078735
-2370.59
10.0,10.0,10.0,10.0;10.0,0.0,0.0,0.0::-1059.79,39.70832280517523
-1059.79
10.0,0.0,0.0,10.0;10.0,0.0,0.0,10.0::-2507.05,60.69116492538267
-2507.05
10.0,0.0,0.0,10.0;10.0,0.0,0.0,10.0::-2502.23,55.37117571444551
-2502.23
10.0,0.0,0.0,10.0;10.0,0.0,10.0,0.0::-1622.11,72.3400158971506
-1622.11
10.0,0.0,10.0,0.0;10.0,0.0,0.0,10.0::-1476.71,83.9263123221794
-1476.71
10.0,0.0,0.0,10.0;10.0,0.0,10.0,10.0::-2666.58,150.52479397096013
-2666.58
10.0,0.0,10.0,10.0;10.0,0.0,0.0,10.0::-2502.0,52.55768259731397
-2502.0
10.0,0.0,0.0,10.0;10.0,10.0,0.0,0.0::-1051.65,45.2842963951081
-1051.65
10.0,10.0,0.0,0.0;10.0,0.0,0.0,10.0::-2202.99,55.771945456474796
-2202.99
10.0,0.0,0.0,10.0;10.0,10.0,0.0,10.0::-2496.315,60.610215929329954
-2496.315
10.0,10.0,0.0,10.0;10.0,0.0,0.0,10.0::-2497.035,53.785930083991296
-2497.035
10.0,0.0,0.0,10.0;10.0,10.0,10.0,0.0::-1611.25,63.76231253648193
-1611.25
10.0,10.0,10.0,0.0;10.0,0.0,0.0,10.0::-1468.01,81.46517599563632
-1468.01
10.0,0.0,0.0,10.0;10.0,10.0,10.0,10.0::-2693.685,146.86940891485878
-2693.685
10.0,10.0,10.0,10.0;10.0,0.0,0.0,10.0::-2486.265,58.563574643288284
-2486.265
10.0,0.0,10.0,0.0;10.0,0.0,10.0,0.0::-587.345,87.00001997126208
-587.345
10.0,0.0,10.0,0.0;10.0,0.0,10.0,0.0::-605.065,94.00030997289319
-605.065
10.0,0.0,10.0,0.0;10.0,0.0,10.0,10.0::-1658.585,171.692866115631
-1658.585
10.0,0.0,10.0,10.0;10.0,0.0,10.0,0.0::-1622.665,73.74117082742855
-1622.665
10.0,0.0,10.0,0.0;10.0,10.0,0.0,0.0::-1055.145,38.814642533456365
-1055.145
10.0,10.0,0.0,0.0;10.0,0.0,10.0,0.0::-2330.925,152.14155209869526
-2330.925
10.0,0.0,10.0,0.0;10.0,10.0,0.0,10.0::-2502.97,49.84630477778668
-2502.97
10.0,10.0,0.0,10.0;10.0,0.0,10.0,0.0::-2590.85,158.97519460595097
-2590.85
10.0,0.0,10.0,0.0;10.0,10.0,10.0,0.0::-1620.29,58.09226196319094
-1620.29
10.0,10.0,10.0,0.0;10.0,0.0,10.0,0.0::-1584.13,175.8464617215826
-1584.13
10.0,0.0,10.0,0.0;10.0,10.0,10.0,10.0::-2668.82,152.3541518961659
-2668.82
10.0,10.0,10.0,10.0;10.0,0.0,10.0,0.0::-2579.68,152.85731124156277
-2579.68
10.0,0.0,10.0,10.0;10.0,0.0,10.0,10.0::-2671.635,144.60120772317225
-2671.635
10.0,0.0,10.0,10.0;10.0,0.0,10.0,10.0::-2644.155,153.84017185052804
-2644.155
10.0,0.0,10.0,10.0;10.0,10.0,0.0,0.0::-1065.71,39.96418271402532
-1065.71
10.0,10.0,0.0,0.0;10.0,0.0,10.0,10.0::-2383.45,149.66769023406488
-2383.45
10.0,0.0,10.0,10.0;10.0,10.0,0.0,10.0::-2507.51,60.02724298183284
-2507.51
10.0,10.0,0.0,10.0;10.0,0.0,10.0,10.0::-2658.49,143.61458804731504
-2658.49
10.0,0.0,10.0,10.0;10.0,10.0,10.0,0.0::-1616.035,58.303012572250495
-1616.035
10.0,10.0,10.0,0.0;10.0,0.0,10.0,10.0::-1613.375,165.16092720434818
-1613.375
10.0,0.0,10.0,10.0;10.0,10.0,10.0,10.0::-2641.82,155.6829714516009
-2641.82
10.0,10.0,10.0,10.0;10.0,0.0,10.0,10.0::-2651.02,157.4275693771583
-2651.02
10.0,10.0,0.0,0.0;10.0,10.0,0.0,0.0::-769.8,38.9613269794549
-769.8
10.0,10.0,0.0,0.0;10.0,10.0,0.0,0.0::-777.48,39.50132402844238
-777.48
10.0,10.0,0.0,0.0;10.0,10.0,0.0,10.0::-2216.75,52.84877008975705
-2216.75
10.0,10.0,0.0,10.0;10.0,10.0,0.0,0.0::-1068.43,48.82591627404447
-1068.43
10.0,10.0,0.0,0.0;10.0,10.0,10.0,0.0::-2324.965,151.40959769776816
-2324.965
10.0,10.0,10.0,0.0;10.0,10.0,0.0,0.0::-1057.445,36.17857757015884
-1057.445
10.0,10.0,0.0,0.0;10.0,10.0,10.0,10.0::-2376.06,151.36978364257513
-2376.06
10.0,10.0,10.0,10.0;10.0,10.0,0.0,0.0::-1065.6,37.27432091936753
-1065.6
10.0,10.0,0.0,10.0;10.0,10.0,0.0,10.0::-2496.61,62.62717381456711
-2496.61
10.0,10.0,0.0,10.0;10.0,10.0,0.0,10.0::-2489.93,59.17609399073244
-2489.93
10.0,10.0,0.0,10.0;10.0,10.0,10.0,0.0::-2601.5,162.73989984020514
-2601.5
10.0,10.0,10.0,0.0;10.0,10.0,0.0,10.0::-2501.74,56.54111247579057
-2501.74
10.0,10.0,0.0,10.0;10.0,10.0,10.0,10.0::-2689.45,151.0991313674569
-2689.45
10.0,10.0,10.0,10.0;10.0,10.0,0.0,10.0::-2503.61,54.22543591341611
-2503.61
10.0,10.0,10.0,0.0;10.0,10.0,10.0,0.0::-2637.735,160.61467017367994
-2637.735
10.0,10.0,10.0,0.0;10.0,10.0,10.0,0.0::-2630.295,159.28294156939717
-2630.295
10.0,10.0,10.0,0.0;10.0,10.0,10.0,10.0::-2662.475,159.05013950009598
-2662.475
10.0,10.0,10.0,10.0;10.0,10.0,10.0,0.0::-2622.415,154.86523262178633
-2622.415
10.0,10.0,10.0,10.0;10.0,10.0,10.0,10.0::-2639.965,153.05086172576753
-2639.965
10.0,10.0,10.0,10.0;10.0,10.0,10.0,10.0::-2689.925,150.88711633204474
-2689.925
