0.0,0.0;0.0,0.0::-3750.0,0.0
-3750.0
0.0,0.0;0.0,0.0::-3750.0,0.0
-3750.0
0.0,0.0;0.0,1.0::-3750.0,0.0
-3750.0
0.0,1.0;0.0,0.0::-3750.0,0.0
-3750.0
0.0,0.0;0.0,2.0::-750.0,0.0
-750.0
0.0,2.0;0.0,0.0::-1750.0,0.0
-1750.0
0.0,0.0;0.0,3.0::-750.0,0.0
-750.0
0.0,3.0;0.0,0.0::-1750.0,0.0
-1750.0
0.0,0.0;0.0,4.0::-765.0,0.0
-765.0
0.0,4.0;0.0,0.0::-1760.0,0.0
-1760.0
0.0,0.0;1.0,0.0::-3750.0,0.0
-3750.0
1.0,0.0;0.0,0.0::-3750.0,0.0
-3750.0
0.0,0.0;1.0,1.0::-3750.0,0.0
-3750.0
1.0,1.0;0.0,0.0::-3750.0,0.0
-3750.0
0.0,0.0;1.0,2.0::-750.0,0.0
-750.0
1.0,2.0;0.0,0.0::-1750.0,0.0
-1750.0
0.0,0.0;1.0,3.0::-750.0,0.0
-750.0
1.0,3.0;0.0,0.0::-1750.0,0.0
-1750.0
0.0,0.0;1.0,4.0::-765.0,0.0
-765.0
1.0,4.0;0.0,0.0::-1760.0,0.0
-1760.0
0.0,0.0;2.0,0.0::-3000.0,0.0
-3000.0
2.0,0.0;0.0,0.0::-5750.0,0.0
-5750.0
0.0,0.0;2.0,1.0::-3000.0,0.0
-3000.0
2.0,1.0;0.0,0.0::-5750.0,0.0
-5750.0
0.0,0.0;2.0,2.0::0.0,0.0
0.0
2.0,2.0;0.0,0.0::-3750.0,0.0
-3750.0
0.0,0.0;2.0,3.0::0.0,0.0
0.0
2.0,3.0;0.0,0.0::-3750.0,0.0
-3750.0
0.0,0.0;2.0,4.0::-15.0,0.0
-15.0
2.0,4.0;0.0,0.0::-3760.0,0.0
-3760.0
0.0,0.0;3.0,0.0::-3000.0,0.0
-3000.0
3.0,0.0;0.0,0.0::-5750.0,0.0
-5750.0
0.0,0.0;3.0,1.0::-3000.0,0.0
-3000.0
3.0,1.0;0.0,0.0::-5750.0,0.0
-5750.0
0.0,0.0;3.0,2.0::0.0,0.0
0.0
3.0,2.0;0.0,0.0::-3750.0,0.0
-3750.0
0.0,0.0;3.0,3.0::0.0,0.0
0.0
3.0,3.0;0.0,0.0::-3750.0,0.0
-3750.0
0.0,0.0;3.0,4.0::-15.0,0.0
-15.0
3.0,4.0;0.0,0.0::-3760.0,0.0
-3760.0
0.0,0.0;4.0,0.0::-1027.5,0.0
-1027.5
4.0,0.0;0.0,0.0::-2760.0,0.0
-2760.0
0.0,0.0;4.0,1.0::-1027.5,0.0
-1027.5
4.0,1.0;0.0,0.0::-2760.0,0.0
-2760.0
0.0,0.0;4.0,2.0::1972.5,0.0
1972.5
4.0,2.0;0.0,0.0::-760.0,0.0
-760.0
0.0,0.0;4.0,3.0::1972.5,0.0
1972.5
4.0,3.0;0.0,0.0::-760.0,0.0
-760.0
0.0,0.0;4.0,4.0::1957.5,0.0
1957.5
4.0,4.0;0.0,0.0::-770.0,0.0
-770.0
