0.0,1.0;0.0,1.0::-3750.0,0.0
-3750.0
0.0,1.0;0.0,1.0::-3750.0,0.0
-3750.0
0.0,1.0;0.0,2.0::-750.0,0.0
-750.0
0.0,2.0;0.0,1.0::-1750.0,0.0
-1750.0
0.0,1.0;0.0,3.0::-750.0,0.0
-750.0
0.0,3.0;0.0,1.0::-1750.0,0.0
-1750.0
0.0,1.0;0.0,4.0::-765.0,0.0
-765.0
0.0,4.0;0.0,1.0::-1760.0,0.0
-1760.0
0.0,1.0;1.0,0.0::-2375.0,0.0
-2375.0
1.0,0.0;0.0,1.0::-3250.0,0.0
-3250.0
0.0,1.0;1.0,1.0::-2375.0,0.0
-2375.0
1.0,1.0;0.0,1.0::-3250.0,0.0
-3250.0
0.0,1.0;1.0,2.0::625.0,0.0
625.0
1.0,2.0;0.0,1.0::-1250.0,0.0
-1250.0
0.0,1.0;1.0,3.0::625.0,0.0
625.0
1.0,3.0;0.0,1.0::-1250.0,0.0
-1250.0
0.0,1.0;1.0,4.0::610.0,0.0
610.0
1.0,4.0;0.0,1.0::-1260.0,0.0
-1260.0
0.0,1.0;2.0,0.0::-2375.0,0.0
-2375.0
2.0,0.0;0.0,1.0::-3250.0,0.0
-3250.0
0.0,1.0;2.0,1.0::-2375.0,0.0
-2375.0
2.0,1.0;0.0,1.0::-3250.0,0.0
-3250.0
0.0,1.0;2.0,2.0::625.0,0.0
625.0
2.0,2.0;0.0,1.0::-1250.0,0.0
-1250.0
0.0,1.0;2.0,3.0::625.0,0.0
625.0
2.0,3.0;0.0,1.0::-1250.0,0.0
-1250.0
0.0,1.0;2.0,4.0::610.0,0.0
610.0
2.0,4.0;0.0,1.0::-1260.0,0.0
-1260.0
0.0,1.0;3.0,0.0::-1000.0,0.0
-1000.0
3.0,0.0;0.0,1.0::-2750.0,0.0
-2750.0
0.0,1.0;3.0,1.0::-1000.0,0.0
-1000.0
3.0,1.0;0.0,1.0::-2750.0,0.0
-2750.0
0.0,1.0;3.0,2.0::2000.0,0.0
2000.0
3.0,2.0;0.0,1.0::-750.0,0.0
-750.0
0.0,1.0;3.0,3.0::2000.0,0.0
2000.0
3.0,3.0;0.0,1.0::-750.0,0.0
-750.0
0.0,1.0;3.0,4.0::1985.0,0.0
1985.0
3.0,4.0;0.0,1.0::-760.0,0.0
-760.0
0.0,1.0;4.0,0.0::-1027.5,0.0
-1027.5
4.0,0.0;0.0,1.0::-2760.0,0.0
-2760.0
0.0,1.0;4.0,1.0::-1027.5,0.0
-1027.5
4.0,1.0;0.0,1.0::-2760.0,0.0
-2760.0
0.0,1.0;4.0,2.0::1972.5,0.0
1972.5
4.0,2.0;0.0,1.0::-760.0,0.0
-760.0
0.0,1.0;4.0,3.0::1972.5,0.0
1972.5
4.0,3.0;0.0,1.0::-760.0,0.0
-760.0
0.0,1.0;4.0,4.0::1957.5,0.0
1957.5
4.0,4.0;0.0,1.0::-770.0,0.0
-770.0
