2.0,0.0;2.0,0.0::-5000.0,0.0
-5000.0
2.0,0.0;2.0,0.0::-5000.0,0.0
-5000.0
2.0,0.0;2.0,1.0::-2500.0,0.0
-2500.0
2.0,1.0;2.0,0.0::-4375.0,0.0
-4375.0
2.0,0.0;2.0,2.0::-2500.0,0.0
-2500.0
2.0,2.0;2.0,0.0::-4375.0,0.0
-4375.0
2.0,0.0;2.0,3.0::0.0,0.0
0.0
2.0,3.0;2.0,0.0::-3750.0,0.0
-3750.0
2.0,0.0;2.0,4.0::0.0,0.0
0.0
2.0,4.0;2.0,0.0::-3750.0,0.0
-3750.0
2.0,0.0;3.0,0.0::-5000.0,0.0
-5000.0
3.0,0.0;2.0,0.0::-5000.0,0.0
-5000.0
2.0,0.0;3.0,1.0::-2500.0,0.0
-2500.0
3.0,1.0;2.0,0.0::-4375.0,0.0
-4375.0
2.0,0.0;3.0,2.0::-2500.0,0.0
-2500.0
3.0,2.0;2.0,0.0::-4375.0,0.0
-4375.0
2.0,0.0;3.0,3.0::0.0,0.0
0.0
3.0,3.0;2.0,0.0::-3750.0,0.0
-3750.0
2.0,0.0;3.0,4.0::0.0,0.0
0.0
3.0,4.0;2.0,0.0::-3750.0,0.0
-3750.0
2.0,0.0;4.0,0.0::-3027.5,0.0
-3027.5
4.0,0.0;2.0,0.0::-2010.0,0.0
-2010.0
2.0,0.0;4.0,1.0::-527.5,0.0
-527.5
4.0,1.0;2.0,0.0::-1385.0,0.0
-1385.0
2.0,0.0;4.0,2.0::-527.5,0.0
-527.5
4.0,2.0;2.0,0.0::-1385.0,0.0
-1385.0
2.0,0.0;4.0,3.0::1972.5,0.0
1972.5
4.0,3.0;2.0,0.0::-760.0,0.0
-760.0
2.0,0.0;4.0,4.0::1972.5,0.0
1972.5
4.0,4.0;2.0,0.0::-760.0,0.0
-760.0
