2.0,2.0;2.0,2.0::-1875.0,0.0
-1875.0
2.0,2.0;2.0,2.0::-1875.0,0.0
-1875.0
2.0,2.0;2.0,3.0::625.0,0.0
625.0
2.0,3.0;2.0,2.0::-1250.0,0.0
-1250.0
2.0,2.0;2.0,4.0::625.0,0.0
625.0
2.0,4.0;2.0,2.0::-1250.0,0.0
-1250.0
2.0,2.0;3.0,0.0::-5000.0,0.0
-5000.0
3.0,0.0;2.0,2.0::-5000.0,0.0
-5000.0
2.0,2.0;3.0,1.0::-2500.0,0.0
-2500.0
3.0,1.0;2.0,2.0::-4375.0,0.0
-4375.0
2.0,2.0;3.0,2.0::-2500.0,0.0
-2500.0
3.0,2.0;2.0,2.0::-4375.0,0.0
-4375.0
2.0,2.0;3.0,3.0::0.0,0.0
0.0
3.0,3.0;2.0,2.0::-3750.0,0.0
-3750.0
2.0,2.0;3.0,4.0::0.0,0.0
0.0
3.0,4.0;2.0,2.0::-3750.0,0.0
-3750.0
2.0,2.0;4.0,0.0::-3750.0,0.0
-3750.0
4.0,0.0;2.0,2.0::0.0,0.0
0.0
2.0,2.0;4.0,1.0::-1250.0,0.0
-1250.0
4.0,1.0;2.0,2.0::625.0,0.0
625.0
2.0,2.0;4.0,2.0::-1250.0,0.0
-1250.0
4.0,2.0;2.0,2.0::625.0,0.0
625.0
2.0,2.0;4.0,3.0::1250.0,0.0
1250.0
4.0,3.0;2.0,2.0::1250.0,0.0
1250.0
2.0,2.0;4.0,4.0::1250.0,0.0
1250.0
4.0,4.0;2.0,2.0::1250.0,0.0
1250.0
