2.0,4.0;2.0,4.0::1250.0,0.0
1250.0
2.0,4.0;2.0,4.0::1250.0,0.0
1250.0
2.0,4.0;3.0,0.0::-3013.75,0.0
-3013.75
3.0,0.0;2.0,4.0::-2005.0,0.0
-2005.0
2.0,4.0;3.0,1.0::-513.75,0.0
-513.75
3.0,1.0;2.0,4.0::-1380.0,0.0
-1380.0
2.0,4.0;3.0,2.0::-513.75,0.0
-513.75
3.0,2.0;2.0,4.0::-1380.0,0.0
-1380.0
2.0,4.0;3.0,3.0::1986.25,0.0
1986.25
3.0,3.0;2.0,4.0::-755.0,0.0
-755.0
2.0,4.0;3.0,4.0::1986.25,0.0
1986.25
3.0,4.0;2.0,4.0::-755.0,0.0
-755.0
2.0,4.0;4.0,0.0::-3760.0,0.0
-3760.0
4.0,0.0;2.0,4.0::-15.0,0.0
-15.0
2.0,4.0;4.0,1.0::-1260.0,0.0
-1260.0
4.0,1.0;2.0,4.0::610.0,0.0
610.0
2.0,4.0;4.0,2.0::-1260.0,0.0
-1260.0
4.0,2.0;2.0,4.0::610.0,0.0
610.0
2.0,4.0;4.0,3.0::1240.0,0.0
1240.0
4.0,3.0;2.0,4.0::1235.0,0.0
1235.0
2.0,4.0;4.0,4.0::1240.0,0.0
1240.0
4.0,4.0;2.0,4.0::1235.0,0.0
1235.0
