3.0,0.0;3.0,0.0::-5000.0,0.0
-5000.0
3.0,0.0;3.0,0.0::-5000.0,0.0
-5000.0
3.0,0.0;3.0,1.0::-2000.0,0.0
-2000.0
3.0,1.0;3.0,0.0::-3000.0,0.0
-3000.0
3.0,0.0;3.0,2.0::-5000.0,0.0
-5000.0
3.0,2.0;3.0,0.0::-5000.0,0.0
-5000.0
3.0,0.0;3.0,3.0::-2000.0,0.0
-2000.0
3.0,3.0;3.0,0.0::-3000.0,0.0
-3000.0
3.0,0.0;3.0,4.0::-2005.0,0.0
-2005.0
3.0,4.0;3.0,0.0::-3013.75,0.0
-3013.75
3.0,0.0;4.0,0.0::-3027.5,0.0
-3027.5
4.0,0.0;3.0,0.0::-2010.0,0.0
-2010.0
3.0,0.0;4.0,1.0::-27.5,0.0
-27.5
4.0,1.0;3.0,0.0::-10.0,0.0
-10.0
3.0,0.0;4.0,2.0::-3027.5,0.0
-3027.5
4.0,2.0;3.0,0.0::-2010.0,0.0
-2010.0
3.0,0.0;4.0,3.0::-27.5,0.0
-27.5
4.0,3.0;3.0,0.0::-10.0,0.0
-10.0
3.0,0.0;4.0,4.0::-32.5,0.0
-32.5
4.0,4.0;3.0,0.0::-23.75,0.0
-23.75
