3.0,2.0;3.0,2.0::-5000.0,0.0
-5000.0
3.0,2.0;3.0,2.0::-5000.0,0.0
-5000.0
3.0,2.0;3.0,3.0::-2000.0,0.0
-2000.0
3.0,3.0;3.0,2.0::-3000.0,0.0
-3000.0
3.0,2.0;3.0,4.0::-2005.0,0.0
-2005.0
3.0,4.0;3.0,2.0::-3013.75,0.0
-3013.75
3.0,2.0;4.0,0.0::-3750.0,0.0
-3750.0
4.0,0.0;3.0,2.0::0.0,0.0
0.0
3.0,2.0;4.0,1.0::-750.0,0.0
-750.0
4.0,1.0;3.0,2.0::2000.0,0.0
2000.0
3.0,2.0;4.0,2.0::-3750.0,0.0
-3750.0
4.0,2.0;3.0,2.0::0.0,0.0
0.0
3.0,2.0;4.0,3.0::-750.0,0.0
-750.0
4.0,3.0;3.0,2.0::2000.0,0.0
2000.0
3.0,2.0;4.0,4.0::-755.0,0.0
-755.0
4.0,4.0;3.0,2.0::1986.25,0.0
1986.25
