0.0,3.0;0.0,3.0::1250.0,0.0
1250.0
0.0,3.0;0.0,3.0::1250.0,0.0
1250.0
0.0,3.0;0.0,4.0::1235.0,0.0
1235.0
0.0,4.0;0.0,3.0::1240.0,0.0
1240.0
0.0,3.0;1.0,0.0::-1000.0,0.0
-1000.0
1.0,0.0;0.0,3.0::-2750.0,0.0
-2750.0
0.0,3.0;1.0,1.0::-1000.0,0.0
-1000.0
1.0,1.0;0.0,3.0::-2750.0,0.0
-2750.0
0.0,3.0;1.0,2.0::2000.0,0.0
2000.0
1.0,2.0;0.0,3.0::-750.0,0.0
-750.0
0.0,3.0;1.0,3.0::2000.0,0.0
2000.0
1.0,3.0;0.0,3.0::-750.0,0.0
-750.0
0.0,3.0;1.0,4.0::1985.0,0.0
1985.0
1.0,4.0;0.0,3.0::-760.0,0.0
-760.0
0.0,3.0;2.0,0.0::-1750.0,0.0
-1750.0
2.0,0.0;0.0,3.0::-750.0,0.0
-750.0
0.0,3.0;2.0,1.0::-1750.0,0.0
-1750.0
2.0,1.0;0.0,3.0::-750.0,0.0
-750.0
0.0,3.0;2.0,2.0::1250.0,0.0
1250.0
2.0,2.0;0.0,3.0::1250.0,0.0
1250.0
0.0,3.0;2.0,3.0::1250.0,0.0
1250.0
2.0,3.0;0.0,3.0::1250.0,0.0
1250.0
0.0,3.0;2.0,4.0::1235.0,0.0
1235.0
2.0,4.0;0.0,3.0::1240.0,0.0
1240.0
0.0,3.0;3.0,0.0::-1000.0,0.0
-1000.0
3.0,0.0;0.0,3.0::-2750.0,0.0
-2750.0
0.0,3.0;3.0,1.0::-1000.0,0.0
-1000.0
3.0,1.0;0.0,3.0::-2750.0,0.0
-2750.0
0.0,3.0;3.0,2.0::2000.0,0.0
2000.0
3.0,2.0;0.0,3.0::-750.0,0.0
-750.0
0.0,3.0;3.0,3.0::2000.0,0.0
2000.0
3.0,3.0;0.0,3.0::-750.0,0.0
-750.0
0.0,3.0;3.0,4.0::1985.0,0.0
1985.0
3.0,4.0;0.0,3.0::-760.0,0.0
-760.0
0.0,3.0;4.0,0.0::-1750.0,0.0
-1750.0
4.0,0.0;0.0,3.0::-750.0,0.0
-750.0
0.0,3.0;4.0,1.0::-1750.0,0.0
-1750.0
4.0,1.0;0.0,3.0::-750.0,0.0
-750.0
0.0,3.0;4.0,2.0::1250.0,0.0
1250.0
4.0,2.0;0.0,3.0::1250.0,0.0
1250.0
0.0,3.0;4.0,3.0::1250.0,0.0
1250.0
4.0,3.0;0.0,3.0::1250.0,0.0
1250.0
0.0,3.0;4.0,4.0::1235.0,0.0
1235.0
4.0,4.0;0.0,3.0::1240.0,0.0
1240.0
