0.0,4.0;0.0,4.0::1225.0,0.0
1225.0
0.0,4.0;0.0,4.0::1225.0,0.0
1225.0
0.0,4.0;1.0,0.0::-1013.75,0.0
-1013.75
1.0,0.0;0.0,4.0::-2755.0,0.0
-2755.0
0.0,4.0;1.0,1.0::-1013.75,0.0
-1013.75
1.0,1.0;0.0,4.0::-2755.0,0.0
-2755.0
0.0,4.0;1.0,2.0::1986.25,0.0
1986.25
1.0,2.0;0.0,4.0::-755.0,0.0
-755.0
0.0,4.0;1.0,3.0::1986.25,0.0
1986.25
1.0,3.0;0.0,4.0::-755.0,0.0
-755.0
0.0,4.0;1.0,4.0::1971.25,0.0
1971.25
1.0,4.0;0.0,4.0::-765.0,0.0
-765.0
0.0,4.0;2.0,0.0::-1750.0,0.0
-1750.0
2.0,0.0;0.0,4.0::-750.0,0.0
-750.0
0.0,4.0;2.0,1.0::-1750.0,0.0
-1750.0
2.0,1.0;0.0,4.0::-750.0,0.0
-750.0
0.0,4.0;2.0,2.0::1250.0,0.0
1250.0
2.0,2.0;0.0,4.0::1250.0,0.0
1250.0
0.0,4.0;2.0,3.0::1250.0,0.0
1250.0
2.0,3.0;0.0,4.0::1250.0,0.0
1250.0
0.0,4.0;2.0,4.0::1235.0,0.0
1235.0
2.0,4.0;0.0,4.0::1240.0,0.0
1240.0
0.0,4.0;3.0,0.0::-1013.75,0.0
-1013.75
3.0,0.0;0.0,4.0::-2755.0,0.0
-2755.0
0.0,4.0;3.0,1.0::-1013.75,0.0
-1013.75
3.0,1.0;0.0,4.0::-2755.0,0.0
-2755.0
0.0,4.0;3.0,2.0::1986.25,0.0
1986.25
3.0,2.0;0.0,4.0::-755.0,0.0
-755.0
0.0,4.0;3.0,3.0::1986.25,0.0
1986.25
3.0,3.0;0.0,4.0::-755.0,0.0
-755.0
0.0,4.0;3.0,4.0::1971.25,0.0
1971.25
3.0,4.0;0.0,4.0::-765.0,0.0
-765.0
0.0,4.0;4.0,0.0::-1760.0,0.0
-1760.0
4.0,0.0;0.0,4.0::-765.0,0.0
-765.0
0.0,4.0;4.0,1.0::-1760.0,0.0
-1760.0
4.0,1.0;0.0,4.0::-765.0,0.0
-765.0
0.0,4.0;4.0,2.0::1240.0,0.0
1240.0
4.0,2.0;0.0,4.0::1235.0,0.0
1235.0
0.0,4.0;4.0,3.0::1240.0,0.0
1240.0
4.0,3.0;0.0,4.0::1235.0,0.0
1235.0
0.0,4.0;4.0,4.0::1225.0,0.0
1225.0
4.0,4.0;0.0,4.0::1225.0,0.0
1225.0
