1.0,1.0;1.0,1.0::-1875.0,0.0
-1875.0
1.0,1.0;1.0,1.0::-1875.0,0.0
-1875.0
1.0,1.0;1.0,2.0::-1875.0,0.0
-1875.0
1.0,2.0;1.0,1.0::-1875.0,0.0
-1875.0
1.0,1.0;1.0,3.0::-1375.0,0.0
-1375.0
1.0,3.0;1.0,1.0::-500.0,0.0
-500.0
1.0,1.0;1.0,4.0::-1380.0,0.0
-1380.0
1.0,4.0;1.0,1.0::-513.75,0.0
-513.75
1.0,1.0;2.0,0.0::-2375.0,0.0
-2375.0
2.0,0.0;1.0,1.0::-3250.0,0.0
-3250.0
1.0,1.0;2.0,1.0::-1875.0,0.0
-1875.0
2.0,1.0;1.0,1.0::-1875.0,0.0
-1875.0
1.0,1.0;2.0,2.0::-1875.0,0.0
-1875.0
2.0,2.0;1.0,1.0::-1875.0,0.0
-1875.0
1.0,1.0;2.0,3.0::-1375.0,0.0
-1375.0
2.0,3.0;1.0,1.0::-500.0,0.0
-500.0
1.0,1.0;2.0,4.0::-1380.0,0.0
-1380.0
2.0,4.0;1.0,1.0::-513.75,0.0
-513.75
1.0,1.0;3.0,0.0::-1000.0,0.0
-1000.0
3.0,0.0;1.0,1.0::-2750.0,0.0
-2750.0
1.0,1.0;3.0,1.0::-500.0,0.0
-500.0
3.0,1.0;1.0,1.0::-1375.0,0.0
-1375.0
1.0,1.0;3.0,2.0::-500.0,0.0
-500.0
3.0,2.0;1.0,1.0::-1375.0,0.0
-1375.0
1.0,1.0;3.0,3.0::0.0,0.0
0.0
3.0,3.0;1.0,1.0::0.0,0.0
0.0
1.0,1.0;3.0,4.0::-5.0,0.0
-5.0
3.0,4.0;1.0,1.0::-13.75,0.0
-13.75
1.0,1.0;4.0,0.0::-1027.5,0.0
-1027.5
4.0,0.0;1.0,1.0::-2760.0,0.0
-2760.0
1.0,1.0;4.0,1.0::-527.5,0.0
-527.5
4.0,1.0;1.0,1.0::-1385.0,0.0
-1385.0
1.0,1.0;4.0,2.0::-527.5,0.0
-527.5
4.0,2.0;1.0,1.0::-1385.0,0.0
-1385.0
1.0,1.0;4.0,3.0::-27.5,0.0
-27.5
4.0,3.0;1.0,1.0::-10.0,0.0
-10.0
1.0,1.0;4.0,4.0::-32.5,0.0
-32.5
4.0,4.0;1.0,1.0::-23.75,0.0
-23.75
