1.0,2.0;1.0,2.0::-1875.0,0.0
-1875.0
1.0,2.0;1.0,2.0::-1875.0,0.0
-1875.0
1.0,2.0;1.0,3.0::-1375.0,0.0
-1375.0
1.0,3.0;1.0,2.0::-500.0,0.0
-500.0
1.0,2.0;1.0,4.0::-1380.0,0.0
-1380.0
1.0,4.0;1.0,2.0::-513.75,0.0
-513.75
1.0,2.0;2.0,0.0::-2375.0,0.0
-2375.0
2.0,0.0;1.0,2.0::-3250.0,0.0
-3250.0
1.0,2.0;2.0,1.0::-1875.0,0.0
-1875.0
2.0,1.0;1.0,2.0::-1875.0,0.0
-1875.0
1.0,2.0;2.0,2.0::-1875.0,0.0
-1875.0
2.0,2.0;1.0,2.0::-1875.0,0.0
-1875.0
1.0,2.0;2.0,3.0::-1375.0,0.0
-1375.0
2.0,3.0;1.0,2.0::-500.0,0.0
-500.0
1.0,2.0;2.0,4.0::-1380.0,0.0
-1380.0
2.0,4.0;1.0,2.0::-513.75,0.0
-513.75
1.0,2.0;3.0,0.0::-3000.0,0.0
-3000.0
3.0,0.0;1.0,2.0::-5750.0,0.0
-5750.0
1.0,2.0;3.0,1.0::-2500.0,0.0
-2500.0
3.0,1.0;1.0,2.0::-4375.0,0.0
-4375.0
1.0,2.0;3.0,2.0::-2500.0,0.0
-2500.0
3.0,2.0;1.0,2.0::-4375.0,0.0
-4375.0
1.0,2.0;3.0,3.0::-2000.0,0.0
-2000.0
3.0,3.0;1.0,2.0::-3000.0,0.0
-3000.0
1.0,2.0;3.0,4.0::-2005.0,0.0
-2005.0
3.0,4.0;1.0,2.0::-3013.75,0.0
-3013.75
1.0,2.0;4.0,0.0::-1750.0,0.0
-1750.0
4.0,0.0;1.0,2.0::-750.0,0.0
-750.0
1.0,2.0;4.0,1.0::-1250.0,0.0
-1250.0
4.0,1.0;1.0,2.0::625.0,0.0
625.0
1.0,2.0;4.0,2.0::-1250.0,0.0
-1250.0
4.0,2.0;1.0,2.0::625.0,0.0
625.0
1.0,2.0;4.0,3.0::-750.0,0.0
-750.0
4.0,3.0;1.0,2.0::2000.0,0.0
2000.0
1.0,2.0;4.0,4.0::-755.0,0.0
-755.0
4.0,4.0;1.0,2.0::1986.25,0.0
1986.25
