1.0,4.0;1.0,4.0::-18.75,0.0
-18.75
1.0,4.0;1.0,4.0::-18.75,0.0
-18.75
1.0,4.0;2.0,0.0::-1750.0,0.0
-1750.0
2.0,0.0;1.0,4.0::-750.0,0.0
-750.0
1.0,4.0;2.0,1.0::-1250.0,0.0
-1250.0
2.0,1.0;1.0,4.0::625.0,0.0
625.0
1.0,4.0;2.0,2.0::-1250.0,0.0
-1250.0
2.0,2.0;1.0,4.0::625.0,0.0
625.0
1.0,4.0;2.0,3.0::-750.0,0.0
-750.0
2.0,3.0;1.0,4.0::2000.0,0.0
2000.0
1.0,4.0;2.0,4.0::-755.0,0.0
-755.0
2.0,4.0;1.0,4.0::1986.25,0.0
1986.25
1.0,4.0;3.0,0.0::-1013.75,0.0
-1013.75
3.0,0.0;1.0,4.0::-2755.0,0.0
-2755.0
1.0,4.0;3.0,1.0::-513.75,0.0
-513.75
3.0,1.0;1.0,4.0::-1380.0,0.0
-1380.0
1.0,4.0;3.0,2.0::-513.75,0.0
-513.75
3.0,2.0;1.0,4.0::-1380.0,0.0
-1380.0
1.0,4.0;3.0,3.0::-13.75,0.0
-13.75
3.0,3.0;1.0,4.0::-5.0,0.0
-5.0
1.0,4.0;3.0,4.0::-18.75,0.0
-18.75
3.0,4.0;1.0,4.0::-18.75,0.0
-18.75
1.0,4.0;4.0,0.0::-1760.0,0.0
-1760.0
4.0,0.0;1.0,4.0::-765.0,0.0
-765.0
1.0,4.0;4.0,1.0::-1260.0,0.0
-1260.0
4.0,1.0;1.0,4.0::610.0,0.0
610.0
1.0,4.0;4.0,2.0::-1260.0,0.0
-1260.0
4.0,2.0;1.0,4.0::610.0,0.0
610.0
1.0,4.0;4.0,3.0::-760.0,0.0
-760.0
4.0,3.0;1.0,4.0::1985.0,0.0
1985.0
1.0,4.0;4.0,4.0::-765.0,0.0
-765.0
4.0,4.0;1.0,4.0::1971.25,0.0
1971.25
