0.0,4.0;0.0,4.0::-30.0,0.0
-30.0
0.0,4.0;0.0,4.0::-30.0,0.0
-30.0
0.0,4.0;1.0,0.0::-1515.0,0.0
-1515.0
1.0,0.0;0.0,4.0::-1515.0,0.0
-1515.0
0.0,4.0;1.0,1.0::-1515.0,0.0
-1515.0
1.0,1.0;0.0,4.0::-1515.0,0.0
-1515.0
0.0,4.0;1.0,2.0::985.0,0.0
985.0
1.0,2.0;0.0,4.0::-1015.0,0.0
-1015.0
0.0,4.0;1.0,3.0::985.0,0.0
985.0
1.0,3.0;0.0,4.0::-1015.0,0.0
-1015.0
0.0,4.0;1.0,4.0::960.0,0.0
960.0
1.0,4.0;0.0,4.0::-1020.0,0.0
-1020.0
0.0,4.0;2.0,0.0::-2000.0,0.0
-2000.0
2.0,0.0;0.0,4.0::-4000.0,0.0
-4000.0
0.0,4.0;2.0,1.0::-2000.0,0.0
-2000.0
2.0,1.0;0.0,4.0::-4000.0,0.0
-4000.0
0.0,4.0;2.0,2.0::500.0,0.0
500.0
2.0,2.0;0.0,4.0::-3500.0,0.0
-3500.0
0.0,4.0;2.0,3.0::500.0,0.0
500.0
2.0,3.0;0.0,4.0::-3500.0,0.0
-3500.0
0.0,4.0;2.0,4.0::475.0,0.0
475.0
2.0,4.0;0.0,4.0::-3505.0,0.0
-3505.0
0.0,4.0;3.0,0.0::-1515.0,0.0
-1515.0
3.0,0.0;0.0,4.0::-1515.0,0.0
-1515.0
0.0,4.0;3.0,1.0::-1515.0,0.0
-1515.0
3.0,1.0;0.0,4.0::-1515.0,0.0
-1515.0
0.0,4.0;3.0,2.0::985.0,0.0
985.0
3.0,2.0;0.0,4.0::-1015.0,0.0
-1015.0
0.0,4.0;3.0,3.0::985.0,0.0
985.0
3.0,3.0;0.0,4.0::-1015.0,0.0
-1015.0
0.0,4.0;3.0,4.0::960.0,0.0
960.0
3.0,4.0;0.0,4.0::-1020.0,0.0
-1020.0
0.0,4.0;4.0,0.0::-1501.5,0.0
-1501.5
4.0,0.0;0.0,4.0::-1501.5,0.0
-1501.5
0.0,4.0;4.0,1.0::-1501.5,0.0
-1501.5
4.0,1.0;0.0,4.0::-1501.5,0.0
-1501.5
0.0,4.0;4.0,2.0::998.5,0.0
998.5
4.0,2.0;0.0,4.0::-1001.5,0.0
-1001.5
0.0,4.0;4.0,3.0::998.5,0.0
998.5
4.0,3.0;0.0,4.0::-1001.5,0.0
-1001.5
0.0,4.0;4.0,4.0::973.5,0.0
973.5
4.0,4.0;0.0,4.0::-1006.5,0.0
-1006.5
