1.0,1.0;1.0,1.0::-1500.0,0.0
-1500.0
1.0,1.0;1.0,1.0::-1500.0,0.0
-1500.0
1.0,1.0;1.0,2.0::-1500.0,0.0
-1500.0
1.0,2.0;1.0,1.0::-1500.0,0.0
-1500.0
1.0,1.0;1.0,3.0::-750.0,0.0
-750.0
1.0,3.0;1.0,1.0::-750.0,0.0
-750.0
1.0,1.0;1.0,4.0::-765.0,0.0
-765.0
1.0,4.0;1.0,1.0::-765.0,0.0
-765.0
1.0,1.0;2.0,0.0::-2250.0,0.0
-2250.0
2.0,0.0;1.0,1.0::-2250.0,0.0
-2250.0
1.0,1.0;2.0,1.0::-1500.0,0.0
-1500.0
2.0,1.0;1.0,1.0::-1500.0,0.0
-1500.0
1.0,1.0;2.0,2.0::-1500.0,0.0
-1500.0
2.0,2.0;1.0,1.0::-1500.0,0.0
-1500.0
1.0,1.0;2.0,3.0::-750.0,0.0
-750.0
2.0,3.0;1.0,1.0::-750.0,0.0
-750.0
1.0,1.0;2.0,4.0::-765.0,0.0
-765.0
2.0,4.0;1.0,1.0::-765.0,0.0
-765.0
1.0,1.0;3.0,0.0::-1500.0,0.0
-1500.0
3.0,0.0;1.0,1.0::-1500.0,0.0
-1500.0
1.0,1.0;3.0,1.0::-750.0,0.0
-750.0
3.0,1.0;1.0,1.0::-750.0,0.0
-750.0
1.0,1.0;3.0,2.0::-750.0,0.0
-750.0
3.0,2.0;1.0,1.0::-750.0,0.0
-750.0
1.0,1.0;3.0,3.0::0.0,0.0
0.0
3.0,3.0;1.0,1.0::0.0,0.0
0.0
1.0,1.0;3.0,4.0::-15.0,0.0
-15.0
3.0,4.0;1.0,1.0::-15.0,0.0
-15.0
1.0,1.0;4.0,0.0::-1501.5,0.0
-1501.5
4.0,0.0;1.0,1.0::-1501.5,0.0
-1501.5
1.0,1.0;4.0,1.0::-751.5,0.0
-751.5
4.0,1.0;1.0,1.0::-751.5,0.0
-751.5
1.0,1.0;4.0,2.0::-751.5,0.0
-751.5
4.0,2.0;1.0,1.0::-751.5,0.0
-751.5
1.0,1.0;4.0,3.0::-1.5,0.0
-1.5
4.0,3.0;1.0,1.0::-1.5,0.0
-1.5
1.0,1.0;4.0,4.0::-16.5,0.0
-16.5
4.0,4.0;1.0,1.0::-16.5,0.0
-16.5
