2.0,4.0;2.0,4.0::-3000.0,0.0
-3000.0
2.0,4.0;2.0,4.0::-3000.0,0.0
-3000.0
2.0,4.0;3.0,0.0::-2515.0,0.0
-2515.0
3.0,0.0;2.0,4.0::-507.5,0.0
-507.5
2.0,4.0;3.0,1.0::-765.0,0.0
-765.0
3.0,1.0;2.0,4.0::-1507.5,0.0
-1507.5
2.0,4.0;3.0,2.0::-765.0,0.0
-765.0
3.0,2.0;2.0,4.0::-1507.5,0.0
-1507.5
2.0,4.0;3.0,3.0::985.0,0.0
985.0
3.0,3.0;2.0,4.0::-2507.5,0.0
-2507.5
2.0,4.0;3.0,4.0::-2515.0,0.0
-2515.0
3.0,4.0;2.0,4.0::-507.5,0.0
-507.5
2.0,4.0;4.0,0.0::-5002.5,0.0
-5002.5
4.0,0.0;2.0,4.0::487.5,0.0
487.5
2.0,4.0;4.0,1.0::-3252.5,0.0
-3252.5
4.0,1.0;2.0,4.0::-512.5,0.0
-512.5
2.0,4.0;4.0,2.0::-3252.5,0.0
-3252.5
4.0,2.0;2.0,4.0::-512.5,0.0
-512.5
2.0,4.0;4.0,3.0::-1502.5,0.0
-1502.5
4.0,3.0;2.0,4.0::-1512.5,0.0
-1512.5
2.0,4.0;4.0,4.0::-5002.5,0.0
-5002.5
4.0,4.0;2.0,4.0::487.5,0.0
487.5
