0.0,2.0;0.0,2.0::-1500.0,0.0
-1500.0
0.0,2.0;0.0,2.0::-1500.0,0.0
-1500.0
0.0,2.0;0.0,3.0::-1500.0,0.0
-1500.0
0.0,3.0;0.0,2.0::-1500.0,0.0
-1500.0
0.0,2.0;0.0,4.0::-1512.5,0.0
-1512.5
0.0,4.0;0.0,2.0::-1502.5,0.0
-1502.5
0.0,2.0;1.0,0.0::-3000.0,0.0
-3000.0
1.0,0.0;0.0,2.0::-3750.0,0.0
-3750.0
0.0,2.0;1.0,1.0::-3000.0,0.0
-3000.0
1.0,1.0;0.0,2.0::-3750.0,0.0
-3750.0
0.0,2.0;1.0,2.0::-500.0,0.0
-500.0
1.0,2.0;0.0,2.0::-3250.0,0.0
-3250.0
0.0,2.0;1.0,3.0::-500.0,0.0
-500.0
1.0,3.0;0.0,2.0::-3250.0,0.0
-3250.0
0.0,2.0;1.0,4.0::-512.5,0.0
-512.5
1.0,4.0;0.0,2.0::-3252.5,0.0
-3252.5
0.0,2.0;2.0,0.0::-3000.0,0.0
-3000.0
2.0,0.0;0.0,2.0::-3750.0,0.0
-3750.0
0.0,2.0;2.0,1.0::-3000.0,0.0
-3000.0
2.0,1.0;0.0,2.0::-3750.0,0.0
-3750.0
0.0,2.0;2.0,2.0::-500.0,0.0
-500.0
2.0,2.0;0.0,2.0::-3250.0,0.0
-3250.0
0.0,2.0;2.0,3.0::-500.0,0.0
-500.0
2.0,3.0;0.0,2.0::-3250.0,0.0
-3250.0
0.0,2.0;2.0,4.0::-512.5,0.0
-512.5
2.0,4.0;0.0,2.0::-3252.5,0.0
-3252.5
0.0,2.0;3.0,0.0::-2000.0,0.0
-2000.0
3.0,0.0;0.0,2.0::-5500.0,0.0
-5500.0
0.0,2.0;3.0,1.0::-2000.0,0.0
-2000.0
3.0,1.0;0.0,2.0::-5500.0,0.0
-5500.0
0.0,2.0;3.0,2.0::500.0,0.0
500.0
3.0,2.0;0.0,2.0::-5000.0,0.0
-5000.0
0.0,2.0;3.0,3.0::500.0,0.0
500.0
3.0,3.0;0.0,2.0::-5000.0,0.0
-5000.0
0.0,2.0;3.0,4.0::487.5,0.0
487.5
3.0,4.0;0.0,2.0::-5002.5,0.0
-5002.5
0.0,2.0;4.0,0.0::-4000.0,0.0
-4000.0
4.0,0.0;0.0,2.0::-2000.0,0.0
-2000.0
0.0,2.0;4.0,1.0::-4000.0,0.0
-4000.0
4.0,1.0;0.0,2.0::-2000.0,0.0
-2000.0
0.0,2.0;4.0,2.0::-1500.0,0.0
-1500.0
4.0,2.0;0.0,2.0::-1500.0,0.0
-1500.0
0.0,2.0;4.0,3.0::-1500.0,0.0
-1500.0
4.0,3.0;0.0,2.0::-1500.0,0.0
-1500.0
0.0,2.0;4.0,4.0::-1512.5,0.0
-1512.5
4.0,4.0;0.0,2.0::-1502.5,0.0
-1502.5
