0.0,4.0;0.0,4.0::-1515.0,0.0
-1515.0
0.0,4.0;0.0,4.0::-1515.0,0.0
-1515.0
0.0,4.0;1.0,0.0::-1515.0,0.0
-1515.0
1.0,0.0;0.0,4.0::-3007.5,0.0
-3007.5
0.0,4.0;1.0,1.0::-1515.0,0.0
-1515.0
1.0,1.0;0.0,4.0::-3007.5,0.0
-3007.5
0.0,4.0;1.0,2.0::985.0,0.0
985.0
1.0,2.0;0.0,4.0::-2507.5,0.0
-2507.5
0.0,4.0;1.0,3.0::985.0,0.0
985.0
1.0,3.0;0.0,4.0::-2507.5,0.0
-2507.5
0.0,4.0;1.0,4.0::972.5,0.0
972.5
1.0,4.0;0.0,4.0::-2510.0,0.0
-2510.0
0.0,4.0;2.0,0.0::-2000.0,0.0
-2000.0
2.0,0.0;0.0,4.0::-5500.0,0.0
-5500.0
0.0,4.0;2.0,1.0::-2000.0,0.0
-2000.0
2.0,1.0;0.0,4.0::-5500.0,0.0
-5500.0
0.0,4.0;2.0,2.0::500.0,0.0
500.0
2.0,2.0;0.0,4.0::-5000.0,0.0
-5000.0
0.0,4.0;2.0,3.0::500.0,0.0
500.0
2.0,3.0;0.0,4.0::-5000.0,0.0
-5000.0
0.0,4.0;2.0,4.0::487.5,0.0
487.5
2.0,4.0;0.0,4.0::-5002.5,0.0
-5002.5
0.0,4.0;3.0,0.0::-1515.0,0.0
-1515.0
3.0,0.0;0.0,4.0::-3007.5,0.0
-3007.5
0.0,4.0;3.0,1.0::-1515.0,0.0
-1515.0
3.0,1.0;0.0,4.0::-3007.5,0.0
-3007.5
0.0,4.0;3.0,2.0::985.0,0.0
985.0
3.0,2.0;0.0,4.0::-2507.5,0.0
-2507.5
0.0,4.0;3.0,3.0::985.0,0.0
985.0
3.0,3.0;0.0,4.0::-2507.5,0.0
-2507.5
0.0,4.0;3.0,4.0::972.5,0.0
972.5
3.0,4.0;0.0,4.0::-2510.0,0.0
-2510.0
0.0,4.0;4.0,0.0::-4002.5,0.0
-4002.5
4.0,0.0;0.0,4.0::-2012.5,0.0
-2012.5
0.0,4.0;4.0,1.0::-4002.5,0.0
-4002.5
4.0,1.0;0.0,4.0::-2012.5,0.0
-2012.5
0.0,4.0;4.0,2.0::-1502.5,0.0
-1502.5
4.0,2.0;0.0,4.0::-1512.5,0.0
-1512.5
0.0,4.0;4.0,3.0::-1502.5,0.0
-1502.5
4.0,3.0;0.0,4.0::-1512.5,0.0
-1512.5
0.0,4.0;4.0,4.0::-1515.0,0.0
-1515.0
4.0,4.0;0.0,4.0::-1515.0,0.0
-1515.0
