0.0,0.0;0.0,0.0::-4500.0,0.0
-4500.0
0.0,0.0;0.0,0.0::-4500.0,0.0
-4500.0
0.0,0.0;0.0,1.0::-4500.0,0.0
-4500.0
0.0,1.0;0.0,0.0::-4500.0,0.0
-4500.0
0.0,0.0;0.0,2.0::-2000.0,0.0
-2000.0
0.0,2.0;0.0,0.0::-4000.0,0.0
-4000.0
0.0,0.0;0.0,3.0::-2000.0,0.0
-2000.0
0.0,3.0;0.0,0.0::-4000.0,0.0
-4000.0
0.0,0.0;0.0,4.0::-2012.5,0.0
-2012.5
0.0,4.0;0.0,0.0::-4002.5,0.0
-4002.5
0.0,0.0;1.0,0.0::-4500.0,0.0
-4500.0
1.0,0.0;0.0,0.0::-4500.0,0.0
-4500.0
0.0,0.0;1.0,1.0::-4500.0,0.0
-4500.0
1.0,1.0;0.0,0.0::-4500.0,0.0
-4500.0
0.0,0.0;1.0,2.0::-2000.0,0.0
-2000.0
1.0,2.0;0.0,0.0::-4000.0,0.0
-4000.0
0.0,0.0;1.0,3.0::-2000.0,0.0
-2000.0
1.0,3.0;0.0,0.0::-4000.0,0.0
-4000.0
0.0,0.0;1.0,4.0::-2012.5,0.0
-2012.5
1.0,4.0;0.0,0.0::-4002.5,0.0
-4002.5
0.0,0.0;2.0,0.0::-2000.0,0.0
-2000.0
2.0,0.0;0.0,0.0::-5500.0,0.0
-5500.0
0.0,0.0;2.0,1.0::-2000.0,0.0
-2000.0
2.0,1.0;0.0,0.0::-5500.0,0.0
-5500.0
0.0,0.0;2.0,2.0::500.0,0.0
500.0
2.0,2.0;0.0,0.0::-5000.0,0.0
-5000.0
0.0,0.0;2.0,3.0::500.0,0.0
500.0
2.0,3.0;0.0,0.0::-5000.0,0.0
-5000.0
0.0,0.0;2.0,4.0::487.5,0.0
487.5
2.0,4.0;0.0,0.0::-5002.5,0.0
-5002.5
0.0,0.0;3.0,0.0::-2000.0,0.0
-2000.0
3.0,0.0;0.0,0.0::-5500.0,0.0
-5500.0
0.0,0.0;3.0,1.0::-2000.0,0.0
-2000.0
3.0,1.0;0.0,0.0::-5500.0,0.0
-5500.0
0.0,0.0;3.0,2.0::500.0,0.0
500.0
3.0,2.0;0.0,0.0::-5000.0,0.0
-5000.0
0.0,0.0;3.0,3.0::500.0,0.0
500.0
3.0,3.0;0.0,0.0::-5000.0,0.0
-5000.0
0.0,0.0;3.0,4.0::487.5,0.0
487.5
3.0,4.0;0.0,0.0::-5002.5,0.0
-5002.5
0.0,0.0;4.0,0.0::-1530.0,0.0
-1530.0
4.0,0.0;0.0,0.0::-3015.0,0.0
-3015.0
0.0,0.0;4.0,1.0::-1530.0,0.0
-1530.0
4.0,1.0;0.0,0.0::-3015.0,0.0
-3015.0
0.0,0.0;4.0,2.0::970.0,0.0
970.0
4.0,2.0;0.0,0.0::-2515.0,0.0
-2515.0
0.0,0.0;4.0,3.0::970.0,0.0
970.0
4.0,3.0;0.0,0.0::-2515.0,0.0
-2515.0
0.0,0.0;4.0,4.0::957.5,0.0
957.5
4.0,4.0;0.0,0.0::-2517.5,0.0
-2517.5
0.0,1.0;0.0,1.0::-4500.0,0.0
-4500.0
0.0,1.0;0.0,1.0::-4500.0,0.0
-4500.0
0.0,1.0;0.0,2.0::-2000.0,0.0
-2000.0
0.0,2.0;0.0,1.0::-4000.0,0.0
-4000.0
0.0,1.0;0.0,3.0::-2000.0,0.0
-2000.0
0.0,3.0;0.0,1.0::-4000.0,0.0
-4000.0
0.0,1.0;0.0,4.0::-2012.5,0.0
-2012.5
0.0,4.0;0.0,1.0::-4002.5,0.0
-4002.5
0.0,1.0;1.0,0.0::-3000.0,0.0
-3000.0
1.0,0.0;0.0,1.0::-3750.0,0.0
-3750.0
0.0,1.0;1.0,1.0::-3000.0,0.0
-3000.0
1.0,1.0;0.0,1.0::-3750.0,0.0
-3750.0
0.0,1.0;1.0,2.0::-500.0,0.0
-500.0
1.0,2.0;0.0,1.0::-3250.0,0.0
-3250.0
0.0,1.0;1.0,3.0::-500.0,0.0
-500.0
1.0,3.0;0.0,1.0::-3250.0,0.0
-3250.0
0.0,1.0;1.0,4.0::-512.5,0.0
-512.5
1.0,4.0;0.0,1.0::-3252.5,0.0
-3252.5
0.0,1.0;2.0,0.0::-3000.0,0.0
-3000.0
2.0,0.0;0.0,1.0::-3750.0,0.0
-3750.0
0.0,1.0;2.0,1.0::-3000.0,0.0
-3000.0
2.0,1.0;0.0,1.0::-3750.0,0.0
-3750.0
0.0,1.0;2.0,2.0::-500.0,0.0
-500.0
2.0,2.0;0.0,1.0::-3250.0,0.0
-3250.0
0.0,1.0;2.0,3.0::-500.0,0.0
-500.0
2.0,3.0;0.0,1.0::-3250.0,0.0
-3250.0
0.0,1.0;2.0,4.0::-512.5,0.0
-512.5
2.0,4.0;0.0,1.0::-3252.5,0.0
-3252.5
0.0,1.0;3.0,0.0::-1500.0,0.0
-1500.0
3.0,0.0;0.0,1.0::-3000.0,0.0
-3000.0
0.0,1.0;3.0,1.0::-1500.0,0.0
-1500.0
3.0,1.0;0.0,1.0::-3000.0,0.0
-3000.0
0.0,1.0;3.0,2.0::1000.0,0.0
1000.0
3.0,2.0;0.0,1.0::-2500.0,0.0
-2500.0
0.0,1.0;3.0,3.0::1000.0,0.0
1000.0
3.0,3.0;0.0,1.0::-2500.0,0.0
-2500.0
0.0,1.0;3.0,4.0::987.5,0.0
987.5
3.0,4.0;0.0,1.0::-2502.5,0.0
-2502.5
0.0,1.0;4.0,0.0::-1530.0,0.0
-1530.0
4.0,0.0;0.0,1.0::-3015.0,0.0
-3015.0
0.0,1.0;4.0,1.0::-1530.0,0.0
-1530.0
4.0,1.0;0.0,1.0::-3015.0,0.0
-3015.0
0.0,1.0;4.0,2.0::970.0,0.0
970.0
4.0,2.0;0.0,1.0::-2515.0,0.0
-2515.0
0.0,1.0;4.0,3.0::970.0,0.0
970.0
4.0,3.0;0.0,1.0::-2515.0,0.0
-2515.0
0.0,1.0;4.0,4.0::957.5,0.0
957.5
4.0,4.0;0.0,1.0::-2517.5,0.0
-2517.5
0.0,2.0;0.0,2.0::-1500.0,0.0
-1500.0
0.0,2.0;0.0,2.0::-1500.0,0.0
-1500.0
0.0,2.0;0.0,3.0::-1500.0,0.0
-1500.0
0.0,3.0;0.0,2.0::-1500.0,0.0
-1500.0
0.0,2.0;0.0,4.0::-1512.5,0.0
-1512.5
0.0,4.0;0.0,2.0::-1502.5,0.0
-1502.5
0.0,2.0;1.0,0.0::-3000.0,0.0
-3000.0
1.0,0.0;0.0,2.0::-3750.0,0.0
-3750.0
0.0,2.0;1.0,1.0::-3000.0,0.0
-3000.0
1.0,1.0;0.0,2.0::-3750.0,0.0
-3750.0
0.0,2.0;1.0,2.0::-500.0,0.0
-500.0
1.0,2.0;0.0,2.0::-3250.0,0.0
-3250.0
0.0,2.0;1.0,3.0::-500.0,0.0
-500.0
1.0,3.0;0.0,2.0::-3250.0,0.0
-3250.0
0.0,2.0;1.0,4.0::-512.5,0.0
-512.5
1.0,4.0;0.0,2.0::-3252.5,0.0
-3252.5
0.0,2.0;2.0,0.0::-3000.0,0.0
-3000.0
2.0,0.0;0.0,2.0::-3750.0,0.0
-3750.0
0.0,2.0;2.0,1.0::-3000.0,0.0
-3000.0
2.0,1.0;0.0,2.0::-3750.0,0.0
-3750.0
0.0,2.0;2.0,2.0::-500.0,0.0
-500.0
2.0,2.0;0.0,2.0::-3250.0,0.0
-3250.0
0.0,2.0;2.0,3.0::-500.0,0.0
-500.0
2.0,3.0;0.0,2.0::-3250.0,0.0
-3250.0
0.0,2.0;2.0,4.0::-512.5,0.0
-512.5
2.0,4.0;0.0,2.0::-3252.5,0.0
-3252.5
0.0,2.0;3.0,0.0::-2000.0,0.0
-2000.0
3.0,0.0;0.0,2.0::-5500.0,0.0
-5500.0
0.0,2.0;3.0,1.0::-2000.0,0.0
-2000.0
3.0,1.0;0.0,2.0::-5500.0,0.0
-5500.0
0.0,2.0;3.0,2.0::500.0,0.0
500.0
3.0,2.0;0.0,2.0::-5000.0,0.0
-5000.0
0.0,2.0;3.0,3.0::500.0,0.0
500.0
3.0,3.0;0.0,2.0::-5000.0,0.0
-5000.0
0.0,2.0;3.0,4.0::487.5,0.0
487.5
3.0,4.0;0.0,2.0::-5002.5,0.0
-5002.5
0.0,2.0;4.0,0.0::-4000.0,0.0
-4000.0
4.0,0.0;0.0,2.0::-2000.0,0.0
-2000.0
0.0,2.0;4.0,1.0::-4000.0,0.0
-4000.0
4.0,1.0;0.0,2.0::-2000.0,0.0
-2000.0
0.0,2.0;4.0,2.0::-1500.0,0.0
-1500.0
4.0,2.0;0.0,2.0::-1500.0,0.0
-1500.0
0.0,2.0;4.0,3.0::-1500.0,0.0
-1500.0
4.0,3.0;0.0,2.0::-1500.0,0.0
-1500.0
0.0,2.0;4.0,4.0::-1512.5,0.0
-1512.5
4.0,4.0;0.0,2.0::-1502.5,0.0
-1502.5
0.0,3.0;0.0,3.0::-1500.0,0.0
-1500.0
0.0,3.0;0.0,3.0::-1500.0,0.0
-1500.0
0.0,3.0;0.0,4.0::-1512.5,0.0
-1512.5
0.0,4.0;0.0,3.0::-1502.5,0.0
-1502.5
0.0,3.0;1.0,0.0::-1500.0,0.0
-1500.0
1.0,0.0;0.0,3.0::-3000.0,0.0
-3000.0
0.0,3.0;1.0,1.0::-1500.0,0.0
-1500.0
1.0,1.0;0.0,3.0::-3000.0,0.0
-3000.0
0.0,3.0;1.0,2.0::1000.0,0.0
1000.0
1.0,2.0;0.0,3.0::-2500.0,0.0
-2500.0
0.0,3.0;1.0,3.0::1000.0,0.0
1000.0
1.0,3.0;0.0,3.0::-2500.0,0.0
-2500.0
0.0,3.0;1.0,4.0::987.5,0.0
987.5
1.0,4.0;0.0,3.0::-2502.5,0.0
-2502.5
0.0,3.0;2.0,0.0::-4000.0,0.0
-4000.0
2.0,0.0;0.0,3.0::-2000.0,0.0
-2000.0
0.0,3.0;2.0,1.0::-4000.0,0.0
-4000.0
2.0,1.0;0.0,3.0::-2000.0,0.0
-2000.0
0.0,3.0;2.0,2.0::-1500.0,0.0
-1500.0
2.0,2.0;0.0,3.0::-1500.0,0.0
-1500.0
0.0,3.0;2.0,3.0::-1500.0,0.0
-1500.0
2.0,3.0;0.0,3.0::-1500.0,0.0
-1500.0
0.0,3.0;2.0,4.0::-1512.5,0.0
-1512.5
2.0,4.0;0.0,3.0::-1502.5,0.0
-1502.5
0.0,3.0;3.0,0.0::-1500.0,0.0
-1500.0
3.0,0.0;0.0,3.0::-3000.0,0.0
-3000.0
0.0,3.0;3.0,1.0::-1500.0,0.0
-1500.0
3.0,1.0;0.0,3.0::-3000.0,0.0
-3000.0
0.0,3.0;3.0,2.0::1000.0,0.0
1000.0
3.0,2.0;0.0,3.0::-2500.0,0.0
-2500.0
0.0,3.0;3.0,3.0::1000.0,0.0
1000.0
3.0,3.0;0.0,3.0::-2500.0,0.0
-2500.0
0.0,3.0;3.0,4.0::987.5,0.0
987.5
3.0,4.0;0.0,3.0::-2502.5,0.0
-2502.5
0.0,3.0;4.0,0.0::-4000.0,0.0
-4000.0
4.0,0.0;0.0,3.0::-2000.0,0.0
-2000.0
0.0,3.0;4.0,1.0::-4000.0,0.0
-4000.0
4.0,1.0;0.0,3.0::-2000.0,0.0
-2000.0
0.0,3.0;4.0,2.0::-1500.0,0.0
-1500.0
4.0,2.0;0.0,3.0::-1500.0,0.0
-1500.0
0.0,3.0;4.0,3.0::-1500.0,0.0
-1500.0
4.0,3.0;0.0,3.0::-1500.0,0.0
-1500.0
0.0,3.0;4.0,4.0::-1512.5,0.0
-1512.5
4.0,4.0;0.0,3.0::-1502.5,0.0
-1502.5
0.0,4.0;0.0,4.0::-1515.0,0.0
-1515.0
0.0,4.0;0.0,4.0::-1515.0,0.0
-1515.0
0.0,4.0;1.0,0.0::-1515.0,0.0
-1515.0
1.0,0.0;0.0,4.0::-3007.5,0.0
-3007.5
0.0,4.0;1.0,1.0::-1515.0,0.0
-1515.0
1.0,1.0;0.0,4.0::-3007.5,0.0
-3007.5
0.0,4.0;1.0,2.0::985.0,0.0
985.0
1.0,2.0;0.0,4.0::-2507.5,0.0
-2507.5
0.0,4.0;1.0,3.0::985.0,0.0
985.0
1.0,3.0;0.0,4.0::-2507.5,0.0
-2507.5
0.0,4.0;1.0,4.0::972.5,0.0
972.5
1.0,4.0;0.0,4.0::-2510.0,0.0
-2510.0
0.0,4.0;2.0,0.0::-2000.0,0.0
-2000.0
2.0,0.0;0.0,4.0::-5500.0,0.0
-5500.0
0.0,4.0;2.0,1.0::-2000.0,0.0
-2000.0
2.0,1.0;0.0,4.0::-5500.0,0.0
-5500.0
0.0,4.0;2.0,2.0::500.0,0.0
500.0
2.0,2.0;0.0,4.0::-5000.0,0.0
-5000.0
0.0,4.0;2.0,3.0::500.0,0.0
500.0
2.0,3.0;0.0,4.0::-5000.0,0.0
-5000.0
0.0,4.0;2.0,4.0::487.5,0.0
487.5
2.0,4.0;0.0,4.0::-5002.5,0.0
-5002.5
0.0,4.0;3.0,0.0::-1515.0,0.0
-1515.0
3.0,0.0;0.0,4.0::-3007.5,0.0
-3007.5
0.0,4.0;3.0,1.0::-1515.0,0.0
-1515.0
3.0,1.0;0.0,4.0::-3007.5,0.0
-3007.5
0.0,4.0;3.0,2.0::985.0,0.0
985.0
3.0,2.0;0.0,4.0::-2507.5,0.0
-2507.5
0.0,4.0;3.0,3.0::985.0,0.0
985.0
3.0,3.0;0.0,4.0::-2507.5,0.0
-2507.5
0.0,4.0;3.0,4.0::972.5,0.0
972.5
3.0,4.0;0.0,4.0::-2510.0,0.0
-2510.0
0.0,4.0;4.0,0.0::-4002.5,0.0
-4002.5
4.0,0.0;0.0,4.0::-2012.5,0.0
-2012.5
0.0,4.0;4.0,1.0::-4002.5,0.0
-4002.5
4.0,1.0;0.0,4.0::-2012.5,0.0
-2012.5
0.0,4.0;4.0,2.0::-1502.5,0.0
-1502.5
4.0,2.0;0.0,4.0::-1512.5,0.0
-1512.5
0.0,4.0;4.0,3.0::-1502.5,0.0
-1502.5
4.0,3.0;0.0,4.0::-1512.5,0.0
-1512.5
0.0,4.0;4.0,4.0::-1515.0,0.0
-1515.0
4.0,4.0;0.0,4.0::-1515.0,0.0
-1515.0
1.0,0.0;1.0,0.0::-4500.0,0.0
-4500.0
1.0,0.0;1.0,0.0::-4500.0,0.0
-4500.0
1.0,0.0;1.0,1.0::-3750.0,0.0
-3750.0
1.0,1.0;1.0,0.0::-3000.0,0.0
-3000.0
1.0,0.0;1.0,2.0::-3750.0,0.0
-3750.0
1.0,2.0;1.0,0.0::-3000.0,0.0
-3000.0
1.0,0.0;1.0,3.0::-3000.0,0.0
-3000.0
1.0,3.0;1.0,0.0::-1500.0,0.0
-1500.0
1.0,0.0;1.0,4.0::-3007.5,0.0
-3007.5
1.0,4.0;1.0,0.0::-1515.0,0.0
-1515.0
1.0,0.0;2.0,0.0::-2000.0,0.0
-2000.0
2.0,0.0;1.0,0.0::-5500.0,0.0
-5500.0
1.0,0.0;2.0,1.0::-1250.0,0.0
-1250.0
2.0,1.0;1.0,0.0::-4000.0,0.0
-4000.0
1.0,0.0;2.0,2.0::-1250.0,0.0
-1250.0
2.0,2.0;1.0,0.0::-4000.0,0.0
-4000.0
1.0,0.0;2.0,3.0::-500.0,0.0
-500.0
2.0,3.0;1.0,0.0::-2500.0,0.0
-2500.0
1.0,0.0;2.0,4.0::-507.5,0.0
-507.5
2.0,4.0;1.0,0.0::-2515.0,0.0
-2515.0
1.0,0.0;3.0,0.0::-2000.0,0.0
-2000.0
3.0,0.0;1.0,0.0::-5500.0,0.0
-5500.0
1.0,0.0;3.0,1.0::-1250.0,0.0
-1250.0
3.0,1.0;1.0,0.0::-4000.0,0.0
-4000.0
1.0,0.0;3.0,2.0::-1250.0,0.0
-1250.0
3.0,2.0;1.0,0.0::-4000.0,0.0
-4000.0
1.0,0.0;3.0,3.0::-500.0,0.0
-500.0
3.0,3.0;1.0,0.0::-2500.0,0.0
-2500.0
1.0,0.0;3.0,4.0::-507.5,0.0
-507.5
3.0,4.0;1.0,0.0::-2515.0,0.0
-2515.0
1.0,0.0;4.0,0.0::-1530.0,0.0
-1530.0
4.0,0.0;1.0,0.0::-3015.0,0.0
-3015.0
1.0,0.0;4.0,1.0::-780.0,0.0
-780.0
4.0,1.0;1.0,0.0::-1515.0,0.0
-1515.0
1.0,0.0;4.0,2.0::-780.0,0.0
-780.0
4.0,2.0;1.0,0.0::-1515.0,0.0
-1515.0
1.0,0.0;4.0,3.0::-30.0,0.0
-30.0
4.0,3.0;1.0,0.0::-15.0,0.0
-15.0
1.0,0.0;4.0,4.0::-37.5,0.0
-37.5
4.0,4.0;1.0,0.0::-30.0,0.0
-30.0
1.0,1.0;1.0,1.0::-2250.0,0.0
-2250.0
1.0,1.0;1.0,1.0::-2250.0,0.0
-2250.0
1.0,1.0;1.0,2.0::-2250.0,0.0
-2250.0
1.0,2.0;1.0,1.0::-2250.0,0.0
-2250.0
1.0,1.0;1.0,3.0::-1500.0,0.0
-1500.0
1.0,3.0;1.0,1.0::-750.0,0.0
-750.0
1.0,1.0;1.0,4.0::-1507.5,0.0
-1507.5
1.0,4.0;1.0,1.0::-765.0,0.0
-765.0
1.0,1.0;2.0,0.0::-3000.0,0.0
-3000.0
2.0,0.0;1.0,1.0::-3750.0,0.0
-3750.0
1.0,1.0;2.0,1.0::-2250.0,0.0
-2250.0
2.0,1.0;1.0,1.0::-2250.0,0.0
-2250.0
1.0,1.0;2.0,2.0::-2250.0,0.0
-2250.0
2.0,2.0;1.0,1.0::-2250.0,0.0
-2250.0
1.0,1.0;2.0,3.0::-1500.0,0.0
-1500.0
2.0,3.0;1.0,1.0::-750.0,0.0
-750.0
1.0,1.0;2.0,4.0::-1507.5,0.0
-1507.5
2.0,4.0;1.0,1.0::-765.0,0.0
-765.0
1.0,1.0;3.0,0.0::-1500.0,0.0
-1500.0
3.0,0.0;1.0,1.0::-3000.0,0.0
-3000.0
1.0,1.0;3.0,1.0::-750.0,0.0
-750.0
3.0,1.0;1.0,1.0::-1500.0,0.0
-1500.0
1.0,1.0;3.0,2.0::-750.0,0.0
-750.0
3.0,2.0;1.0,1.0::-1500.0,0.0
-1500.0
1.0,1.0;3.0,3.0::0.0,0.0
0.0
3.0,3.0;1.0,1.0::0.0,0.0
0.0
1.0,1.0;3.0,4.0::-7.5,0.0
-7.5
3.0,4.0;1.0,1.0::-15.0,0.0
-15.0
1.0,1.0;4.0,0.0::-1530.0,0.0
-1530.0
4.0,0.0;1.0,1.0::-3015.0,0.0
-3015.0
1.0,1.0;4.0,1.0::-780.0,0.0
-780.0
4.0,1.0;1.0,1.0::-1515.0,0.0
-1515.0
1.0,1.0;4.0,2.0::-780.0,0.0
-780.0
4.0,2.0;1.0,1.0::-1515.0,0.0
-1515.0
1.0,1.0;4.0,3.0::-30.0,0.0
-30.0
4.0,3.0;1.0,1.0::-15.0,0.0
-15.0
1.0,1.0;4.0,4.0::-37.5,0.0
-37.5
4.0,4.0;1.0,1.0::-30.0,0.0
-30.0
1.0,2.0;1.0,2.0::-2250.0,0.0
-2250.0
1.0,2.0;1.0,2.0::-2250.0,0.0
-2250.0
1.0,2.0;1.0,3.0::-1500.0,0.0
-1500.0
1.0,3.0;1.0,2.0::-750.0,0.0
-750.0
1.0,2.0;1.0,4.0::-1507.5,0.0
-1507.5
1.0,4.0;1.0,2.0::-765.0,0.0
-765.0
1.0,2.0;2.0,0.0::-3000.0,0.0
-3000.0
2.0,0.0;1.0,2.0::-3750.0,0.0
-3750.0
1.0,2.0;2.0,1.0::-2250.0,0.0
-2250.0
2.0,1.0;1.0,2.0::-2250.0,0.0
-2250.0
1.0,2.0;2.0,2.0::-2250.0,0.0
-2250.0
2.0,2.0;1.0,2.0::-2250.0,0.0
-2250.0
1.0,2.0;2.0,3.0::-1500.0,0.0
-1500.0
2.0,3.0;1.0,2.0::-750.0,0.0
-750.0
1.0,2.0;2.0,4.0::-1507.5,0.0
-1507.5
2.0,4.0;1.0,2.0::-765.0,0.0
-765.0
1.0,2.0;3.0,0.0::-2000.0,0.0
-2000.0
3.0,0.0;1.0,2.0::-5500.0,0.0
-5500.0
1.0,2.0;3.0,1.0::-1250.0,0.0
-1250.0
3.0,1.0;1.0,2.0::-4000.0,0.0
-4000.0
1.0,2.0;3.0,2.0::-1250.0,0.0
-1250.0
3.0,2.0;1.0,2.0::-4000.0,0.0
-4000.0
1.0,2.0;3.0,3.0::-500.0,0.0
-500.0
3.0,3.0;1.0,2.0::-2500.0,0.0
-2500.0
1.0,2.0;3.0,4.0::-507.5,0.0
-507.5
3.0,4.0;1.0,2.0::-2515.0,0.0
-2515.0
1.0,2.0;4.0,0.0::-4000.0,0.0
-4000.0
4.0,0.0;1.0,2.0::-2000.0,0.0
-2000.0
1.0,2.0;4.0,1.0::-3250.0,0.0
-3250.0
4.0,1.0;1.0,2.0::-500.0,0.0
-500.0
1.0,2.0;4.0,2.0::-3250.0,0.0
-3250.0
4.0,2.0;1.0,2.0::-500.0,0.0
-500.0
1.0,2.0;4.0,3.0::-2500.0,0.0
-2500.0
4.0,3.0;1.0,2.0::1000.0,0.0
1000.0
1.0,2.0;4.0,4.0::-2507.5,0.0
-2507.5
4.0,4.0;1.0,2.0::985.0,0.0
985.0
1.0,3.0;1.0,3.0::0.0,0.0
0.0
1.0,3.0;1.0,3.0::0.0,0.0
0.0
1.0,3.0;1.0,4.0::-7.5,0.0
-7.5
1.0,4.0;1.0,3.0::-15.0,0.0
-15.0
1.0,3.0;2.0,0.0::-4000.0,0.0
-4000.0
2.0,0.0;1.0,3.0::-2000.0,0.0
-2000.0
1.0,3.0;2.0,1.0::-3250.0,0.0
-3250.0
2.0,1.0;1.0,3.0::-500.0,0.0
-500.0
1.0,3.0;2.0,2.0::-3250.0,0.0
-3250.0
2.0,2.0;1.0,3.0::-500.0,0.0
-500.0
1.0,3.0;2.0,3.0::-2500.0,0.0
-2500.0
2.0,3.0;1.0,3.0::1000.0,0.0
1000.0
1.0,3.0;2.0,4.0::-2507.5,0.0
-2507.5
2.0,4.0;1.0,3.0::985.0,0.0
985.0
1.0,3.0;3.0,0.0::-1500.0,0.0
-1500.0
3.0,0.0;1.0,3.0::-3000.0,0.0
-3000.0
1.0,3.0;3.0,1.0::-750.0,0.0
-750.0
3.0,1.0;1.0,3.0::-1500.0,0.0
-1500.0
1.0,3.0;3.0,2.0::-750.0,0.0
-750.0
3.0,2.0;1.0,3.0::-1500.0,0.0
-1500.0
1.0,3.0;3.0,3.0::0.0,0.0
0.0
3.0,3.0;1.0,3.0::0.0,0.0
0.0
1.0,3.0;3.0,4.0::-7.5,0.0
-7.5
3.0,4.0;1.0,3.0::-15.0,0.0
-15.0
1.0,3.0;4.0,0.0::-4000.0,0.0
-4000.0
4.0,0.0;1.0,3.0::-2000.0,0.0
-2000.0
1.0,3.0;4.0,1.0::-3250.0,0.0
-3250.0
4.0,1.0;1.0,3.0::-500.0,0.0
-500.0
1.0,3.0;4.0,2.0::-3250.0,0.0
-3250.0
4.0,2.0;1.0,3.0::-500.0,0.0
-500.0
1.0,3.0;4.0,3.0::-2500.0,0.0
-2500.0
4.0,3.0;1.0,3.0::1000.0,0.0
1000.0
1.0,3.0;4.0,4.0::-2507.5,0.0
-2507.5
4.0,4.0;1.0,3.0::985.0,0.0
985.0
1.0,4.0;1.0,4.0::-22.5,0.0
-22.5
1.0,4.0;1.0,4.0::-22.5,0.0
-22.5
1.0,4.0;2.0,0.0::-2000.0,0.0
-2000.0
2.0,0.0;1.0,4.0::-5500.0,0.0
-5500.0
1.0,4.0;2.0,1.0::-1250.0,0.0
-1250.0
2.0,1.0;1.0,4.0::-4000.0,0.0
-4000.0
1.0,4.0;2.0,2.0::-1250.0,0.0
-1250.0
2.0,2.0;1.0,4.0::-4000.0,0.0
-4000.0
1.0,4.0;2.0,3.0::-500.0,0.0
-500.0
2.0,3.0;1.0,4.0::-2500.0,0.0
-2500.0
1.0,4.0;2.0,4.0::-507.5,0.0
-507.5
2.0,4.0;1.0,4.0::-2515.0,0.0
-2515.0
1.0,4.0;3.0,0.0::-1515.0,0.0
-1515.0
3.0,0.0;1.0,4.0::-3007.5,0.0
-3007.5
1.0,4.0;3.0,1.0::-765.0,0.0
-765.0
3.0,1.0;1.0,4.0::-1507.5,0.0
-1507.5
1.0,4.0;3.0,2.0::-765.0,0.0
-765.0
3.0,2.0;1.0,4.0::-1507.5,0.0
-1507.5
1.0,4.0;3.0,3.0::-15.0,0.0
-15.0
3.0,3.0;1.0,4.0::-7.5,0.0
-7.5
1.0,4.0;3.0,4.0::-22.5,0.0
-22.5
3.0,4.0;1.0,4.0::-22.5,0.0
-22.5
1.0,4.0;4.0,0.0::-4002.5,0.0
-4002.5
4.0,0.0;1.0,4.0::-2012.5,0.0
-2012.5
1.0,4.0;4.0,1.0::-3252.5,0.0
-3252.5
4.0,1.0;1.0,4.0::-512.5,0.0
-512.5
1.0,4.0;4.0,2.0::-3252.5,0.0
-3252.5
4.0,2.0;1.0,4.0::-512.5,0.0
-512.5
1.0,4.0;4.0,3.0::-2502.5,0.0
-2502.5
4.0,3.0;1.0,4.0::987.5,0.0
987.5
1.0,4.0;4.0,4.0::-2510.0,0.0
-2510.0
4.0,4.0;1.0,4.0::972.5,0.0
972.5
2.0,0.0;2.0,0.0::-3000.0,0.0
-3000.0
2.0,0.0;2.0,0.0::-3000.0,0.0
-3000.0
2.0,0.0;2.0,1.0::-1250.0,0.0
-1250.0
2.0,1.0;2.0,0.0::-4000.0,0.0
-4000.0
2.0,0.0;2.0,2.0::-1250.0,0.0
-1250.0
2.0,2.0;2.0,0.0::-4000.0,0.0
-4000.0
2.0,0.0;2.0,3.0::500.0,0.0
500.0
2.0,3.0;2.0,0.0::-5000.0,0.0
-5000.0
2.0,0.0;2.0,4.0::-3000.0,0.0
-3000.0
2.0,4.0;2.0,0.0::-3000.0,0.0
-3000.0
2.0,0.0;3.0,0.0::-3000.0,0.0
-3000.0
3.0,0.0;2.0,0.0::-3000.0,0.0
-3000.0
2.0,0.0;3.0,1.0::-1250.0,0.0
-1250.0
3.0,1.0;2.0,0.0::-4000.0,0.0
-4000.0
2.0,0.0;3.0,2.0::-1250.0,0.0
-1250.0
3.0,2.0;2.0,0.0::-4000.0,0.0
-4000.0
2.0,0.0;3.0,3.0::500.0,0.0
500.0
3.0,3.0;2.0,0.0::-5000.0,0.0
-5000.0
2.0,0.0;3.0,4.0::-3000.0,0.0
-3000.0
3.0,4.0;2.0,0.0::-3000.0,0.0
-3000.0
2.0,0.0;4.0,0.0::-2530.0,0.0
-2530.0
4.0,0.0;2.0,0.0::-515.0,0.0
-515.0
2.0,0.0;4.0,1.0::-780.0,0.0
-780.0
4.0,1.0;2.0,0.0::-1515.0,0.0
-1515.0
2.0,0.0;4.0,2.0::-780.0,0.0
-780.0
4.0,2.0;2.0,0.0::-1515.0,0.0
-1515.0
2.0,0.0;4.0,3.0::970.0,0.0
970.0
4.0,3.0;2.0,0.0::-2515.0,0.0
-2515.0
2.0,0.0;4.0,4.0::-2530.0,0.0
-2530.0
4.0,4.0;2.0,0.0::-515.0,0.0
-515.0
2.0,1.0;2.0,1.0::-2250.0,0.0
-2250.0
2.0,1.0;2.0,1.0::-2250.0,0.0
-2250.0
2.0,1.0;2.0,2.0::-2250.0,0.0
-2250.0
2.0,2.0;2.0,1.0::-2250.0,0.0
-2250.0
2.0,1.0;2.0,3.0::-500.0,0.0
-500.0
2.0,3.0;2.0,1.0::-3250.0,0.0
-3250.0
2.0,1.0;2.0,4.0::-4000.0,0.0
-4000.0
2.0,4.0;2.0,1.0::-1250.0,0.0
-1250.0
2.0,1.0;3.0,0.0::-2500.0,0.0
-2500.0
3.0,0.0;2.0,1.0::-500.0,0.0
-500.0
2.0,1.0;3.0,1.0::-750.0,0.0
-750.0
3.0,1.0;2.0,1.0::-1500.0,0.0
-1500.0
2.0,1.0;3.0,2.0::-750.0,0.0
-750.0
3.0,2.0;2.0,1.0::-1500.0,0.0
-1500.0
2.0,1.0;3.0,3.0::1000.0,0.0
1000.0
3.0,3.0;2.0,1.0::-2500.0,0.0
-2500.0
2.0,1.0;3.0,4.0::-2500.0,0.0
-2500.0
3.0,4.0;2.0,1.0::-500.0,0.0
-500.0
2.0,1.0;4.0,0.0::-2530.0,0.0
-2530.0
4.0,0.0;2.0,1.0::-515.0,0.0
-515.0
2.0,1.0;4.0,1.0::-780.0,0.0
-780.0
4.0,1.0;2.0,1.0::-1515.0,0.0
-1515.0
2.0,1.0;4.0,2.0::-780.0,0.0
-780.0
4.0,2.0;2.0,1.0::-1515.0,0.0
-1515.0
2.0,1.0;4.0,3.0::970.0,0.0
970.0
4.0,3.0;2.0,1.0::-2515.0,0.0
-2515.0
2.0,1.0;4.0,4.0::-2530.0,0.0
-2530.0
4.0,4.0;2.0,1.0::-515.0,0.0
-515.0
2.0,2.0;2.0,2.0::-2250.0,0.0
-2250.0
2.0,2.0;2.0,2.0::-2250.0,0.0
-2250.0
2.0,2.0;2.0,3.0::-500.0,0.0
-500.0
2.0,3.0;2.0,2.0::-3250.0,0.0
-3250.0
2.0,2.0;2.0,4.0::-4000.0,0.0
-4000.0
2.0,4.0;2.0,2.0::-1250.0,0.0
-1250.0
2.0,2.0;3.0,0.0::-3000.0,0.0
-3000.0
3.0,0.0;2.0,2.0::-3000.0,0.0
-3000.0
2.0,2.0;3.0,1.0::-1250.0,0.0
-1250.0
3.0,1.0;2.0,2.0::-4000.0,0.0
-4000.0
2.0,2.0;3.0,2.0::-1250.0,0.0
-1250.0
3.0,2.0;2.0,2.0::-4000.0,0.0
-4000.0
2.0,2.0;3.0,3.0::500.0,0.0
500.0
3.0,3.0;2.0,2.0::-5000.0,0.0
-5000.0
2.0,2.0;3.0,4.0::-3000.0,0.0
-3000.0
3.0,4.0;2.0,2.0::-3000.0,0.0
-3000.0
2.0,2.0;4.0,0.0::-5000.0,0.0
-5000.0
4.0,0.0;2.0,2.0::500.0,0.0
500.0
2.0,2.0;4.0,1.0::-3250.0,0.0
-3250.0
4.0,1.0;2.0,2.0::-500.0,0.0
-500.0
2.0,2.0;4.0,2.0::-3250.0,0.0
-3250.0
4.0,2.0;2.0,2.0::-500.0,0.0
-500.0
2.0,2.0;4.0,3.0::-1500.0,0.0
-1500.0
4.0,3.0;2.0,2.0::-1500.0,0.0
-1500.0
2.0,2.0;4.0,4.0::-5000.0,0.0
-5000.0
4.0,4.0;2.0,2.0::500.0,0.0
500.0
2.0,3.0;2.0,3.0::-1500.0,0.0
-1500.0
2.0,3.0;2.0,3.0::-1500.0,0.0
-1500.0
2.0,3.0;2.0,4.0::-5000.0,0.0
-5000.0
2.0,4.0;2.0,3.0::500.0,0.0
500.0
2.0,3.0;3.0,0.0::-2500.0,0.0
-2500.0
3.0,0.0;2.0,3.0::-500.0,0.0
-500.0
2.0,3.0;3.0,1.0::-750.0,0.0
-750.0
3.0,1.0;2.0,3.0::-1500.0,0.0
-1500.0
2.0,3.0;3.0,2.0::-750.0,0.0
-750.0
3.0,2.0;2.0,3.0::-1500.0,0.0
-1500.0
2.0,3.0;3.0,3.0::1000.0,0.0
1000.0
3.0,3.0;2.0,3.0::-2500.0,0.0
-2500.0
2.0,3.0;3.0,4.0::-2500.0,0.0
-2500.0
3.0,4.0;2.0,3.0::-500.0,0.0
-500.0
2.0,3.0;4.0,0.0::-5000.0,0.0
-5000.0
4.0,0.0;2.0,3.0::500.0,0.0
500.0
2.0,3.0;4.0,1.0::-3250.0,0.0
-3250.0
4.0,1.0;2.0,3.0::-500.0,0.0
-500.0
2.0,3.0;4.0,2.0::-3250.0,0.0
-3250.0
4.0,2.0;2.0,3.0::-500.0,0.0
-500.0
2.0,3.0;4.0,3.0::-1500.0,0.0
-1500.0
4.0,3.0;2.0,3.0::-1500.0,0.0
-1500.0
2.0,3.0;4.0,4.0::-5000.0,0.0
-5000.0
4.0,4.0;2.0,3.0::500.0,0.0
500.0
2.0,4.0;2.0,4.0::-3000.0,0.0
-3000.0
2.0,4.0;2.0,4.0::-3000.0,0.0
-3000.0
2.0,4.0;3.0,0.0::-2515.0,0.0
-2515.0
3.0,0.0;2.0,4.0::-507.5,0.0
-507.5
2.0,4.0;3.0,1.0::-765.0,0.0
-765.0
3.0,1.0;2.0,4.0::-1507.5,0.0
-1507.5
2.0,4.0;3.0,2.0::-765.0,0.0
-765.0
3.0,2.0;2.0,4.0::-1507.5,0.0
-1507.5
2.0,4.0;3.0,3.0::985.0,0.0
985.0
3.0,3.0;2.0,4.0::-2507.5,0.0
-2507.5
2.0,4.0;3.0,4.0::-2515.0,0.0
-2515.0
3.0,4.0;2.0,4.0::-507.5,0.0
-507.5
2.0,4.0;4.0,0.0::-5002.5,0.0
-5002.5
4.0,0.0;2.0,4.0::487.5,0.0
487.5
2.0,4.0;4.0,1.0::-3252.5,0.0
-3252.5
4.0,1.0;2.0,4.0::-512.5,0.0
-512.5
2.0,4.0;4.0,2.0::-3252.5,0.0
-3252.5
4.0,2.0;2.0,4.0::-512.5,0.0
-512.5
2.0,4.0;4.0,3.0::-1502.5,0.0
-1502.5
4.0,3.0;2.0,4.0::-1512.5,0.0
-1512.5
2.0,4.0;4.0,4.0::-5002.5,0.0
-5002.5
4.0,4.0;2.0,4.0::487.5,0.0
487.5
3.0,0.0;3.0,0.0::-3000.0,0.0
-3000.0
3.0,0.0;3.0,0.0::-3000.0,0.0
-3000.0
3.0,0.0;3.0,1.0::-500.0,0.0
-500.0
3.0,1.0;3.0,0.0::-2500.0,0.0
-2500.0
3.0,0.0;3.0,2.0::-3000.0,0.0
-3000.0
3.0,2.0;3.0,0.0::-3000.0,0.0
-3000.0
3.0,0.0;3.0,3.0::-500.0,0.0
-500.0
3.0,3.0;3.0,0.0::-2500.0,0.0
-2500.0
3.0,0.0;3.0,4.0::-507.5,0.0
-507.5
3.0,4.0;3.0,0.0::-2515.0,0.0
-2515.0
3.0,0.0;4.0,0.0::-2530.0,0.0
-2530.0
4.0,0.0;3.0,0.0::-515.0,0.0
-515.0
3.0,0.0;4.0,1.0::-30.0,0.0
-30.0
4.0,1.0;3.0,0.0::-15.0,0.0
-15.0
3.0,0.0;4.0,2.0::-2530.0,0.0
-2530.0
4.0,2.0;3.0,0.0::-515.0,0.0
-515.0
3.0,0.0;4.0,3.0::-30.0,0.0
-30.0
4.0,3.0;3.0,0.0::-15.0,0.0
-15.0
3.0,0.0;4.0,4.0::-37.5,0.0
-37.5
4.0,4.0;3.0,0.0::-30.0,0.0
-30.0
3.0,1.0;3.0,1.0::0.0,0.0
0.0
3.0,1.0;3.0,1.0::0.0,0.0
0.0
3.0,1.0;3.0,2.0::-2500.0,0.0
-2500.0
3.0,2.0;3.0,1.0::-500.0,0.0
-500.0
3.0,1.0;3.0,3.0::0.0,0.0
0.0
3.0,3.0;3.0,1.0::0.0,0.0
0.0
3.0,1.0;3.0,4.0::-7.5,0.0
-7.5
3.0,4.0;3.0,1.0::-15.0,0.0
-15.0
3.0,1.0;4.0,0.0::-2530.0,0.0
-2530.0
4.0,0.0;3.0,1.0::-515.0,0.0
-515.0
3.0,1.0;4.0,1.0::-30.0,0.0
-30.0
4.0,1.0;3.0,1.0::-15.0,0.0
-15.0
3.0,1.0;4.0,2.0::-2530.0,0.0
-2530.0
4.0,2.0;3.0,1.0::-515.0,0.0
-515.0
3.0,1.0;4.0,3.0::-30.0,0.0
-30.0
4.0,3.0;3.0,1.0::-15.0,0.0
-15.0
3.0,1.0;4.0,4.0::-37.5,0.0
-37.5
4.0,4.0;3.0,1.0::-30.0,0.0
-30.0
3.0,2.0;3.0,2.0::-3000.0,0.0
-3000.0
3.0,2.0;3.0,2.0::-3000.0,0.0
-3000.0
3.0,2.0;3.0,3.0::-500.0,0.0
-500.0
3.0,3.0;3.0,2.0::-2500.0,0.0
-2500.0
3.0,2.0;3.0,4.0::-507.5,0.0
-507.5
3.0,4.0;3.0,2.0::-2515.0,0.0
-2515.0
3.0,2.0;4.0,0.0::-5000.0,0.0
-5000.0
4.0,0.0;3.0,2.0::500.0,0.0
500.0
3.0,2.0;4.0,1.0::-2500.0,0.0
-2500.0
4.0,1.0;3.0,2.0::1000.0,0.0
1000.0
3.0,2.0;4.0,2.0::-5000.0,0.0
-5000.0
4.0,2.0;3.0,2.0::500.0,0.0
500.0
3.0,2.0;4.0,3.0::-2500.0,0.0
-2500.0
4.0,3.0;3.0,2.0::1000.0,0.0
1000.0
3.0,2.0;4.0,4.0::-2507.5,0.0
-2507.5
4.0,4.0;3.0,2.0::985.0,0.0
985.0
3.0,3.0;3.0,3.0::0.0,0.0
0.0
3.0,3.0;3.0,3.0::0.0,0.0
0.0
3.0,3.0;3.0,4.0::-7.5,0.0
-7.5
3.0,4.0;3.0,3.0::-15.0,0.0
-15.0
3.0,3.0;4.0,0.0::-5000.0,0.0
-5000.0
4.0,0.0;3.0,3.0::500.0,0.0
500.0
3.0,3.0;4.0,1.0::-2500.0,0.0
-2500.0
4.0,1.0;3.0,3.0::1000.0,0.0
1000.0
3.0,3.0;4.0,2.0::-5000.0,0.0
-5000.0
4.0,2.0;3.0,3.0::500.0,0.0
500.0
3.0,3.0;4.0,3.0::-2500.0,0.0
-2500.0
4.0,3.0;3.0,3.0::1000.0,0.0
1000.0
3.0,3.0;4.0,4.0::-2507.5,0.0
-2507.5
4.0,4.0;3.0,3.0::985.0,0.0
985.0
3.0,4.0;3.0,4.0::-22.5,0.0
-22.5
3.0,4.0;3.0,4.0::-22.5,0.0
-22.5
3.0,4.0;4.0,0.0::-5002.5,0.0
-5002.5
4.0,0.0;3.0,4.0::487.5,0.0
487.5
3.0,4.0;4.0,1.0::-2502.5,0.0
-2502.5
4.0,1.0;3.0,4.0::987.5,0.0
987.5
3.0,4.0;4.0,2.0::-5002.5,0.0
-5002.5
4.0,2.0;3.0,4.0::487.5,0.0
487.5
3.0,4.0;4.0,3.0::-2502.5,0.0
-2502.5
4.0,3.0;3.0,4.0::987.5,0.0
987.5
3.0,4.0;4.0,4.0::-2510.0,0.0
-2510.0
4.0,4.0;3.0,4.0::972.5,0.0
972.5
4.0,0.0;4.0,0.0::-45.0,0.0
-45.0
4.0,0.0;4.0,0.0::-45.0,0.0
-45.0
4.0,0.0;4.0,1.0::-45.0,0.0
-45.0
4.0,1.0;4.0,0.0::-45.0,0.0
-45.0
4.0,0.0;4.0,2.0::970.0,0.0
970.0
4.0,2.0;4.0,0.0::-2515.0,0.0
-2515.0
4.0,0.0;4.0,3.0::970.0,0.0
970.0
4.0,3.0;4.0,0.0::-2515.0,0.0
-2515.0
4.0,0.0;4.0,4.0::957.5,0.0
957.5
4.0,4.0;4.0,0.0::-2517.5,0.0
-2517.5
4.0,1.0;4.0,1.0::-45.0,0.0
-45.0
4.0,1.0;4.0,1.0::-45.0,0.0
-45.0
4.0,1.0;4.0,2.0::970.0,0.0
970.0
4.0,2.0;4.0,1.0::-2515.0,0.0
-2515.0
4.0,1.0;4.0,3.0::970.0,0.0
970.0
4.0,3.0;4.0,1.0::-2515.0,0.0
-2515.0
4.0,1.0;4.0,4.0::957.5,0.0
957.5
4.0,4.0;4.0,1.0::-2517.5,0.0
-2517.5
4.0,2.0;4.0,2.0::-1500.0,0.0
-1500.0
4.0,2.0;4.0,2.0::-1500.0,0.0
-1500.0
4.0,2.0;4.0,3.0::-1500.0,0.0
-1500.0
4.0,3.0;4.0,2.0::-1500.0,0.0
-1500.0
4.0,2.0;4.0,4.0::-1512.5,0.0
-1512.5
4.0,4.0;4.0,2.0::-1502.5,0.0
-1502.5
4.0,3.0;4.0,3.0::-1500.0,0.0
-1500.0
4.0,3.0;4.0,3.0::-1500.0,0.0
-1500.0
4.0,3.0;4.0,4.0::-1512.5,0.0
-1512.5
4.0,4.0;4.0,3.0::-1502.5,0.0
-1502.5
4.0,4.0;4.0,4.0::-1515.0,0.0
-1515.0
4.0,4.0;4.0,4.0::-1515.0,0.0
-1515.0
