    1.0000         0         0   32.3900
    2.0000    0.0894    5.0000   31.8650
    3.0000    0.0000    5.0000   31.8570
    4.0000         0         0   32.8170
    5.0000         0         0   34.3810
    6.0000    0.5020    0.3814   35.3180
    7.0000    0.0229    4.6807   32.5970
    8.0000         0         0   33.5930
    9.0000         0         0   33.2200
   10.0000         0         0   29.4360
   11.0000    4.6804    0.0000   25.6740
   12.0000    5.0000    5.0000   26.9600
   13.0000         0         0   32.9940
   14.0000         0         0   31.5070
   15.0000    5.0000    5.0000   21.4040
   16.0000    0.4107    0.6454   32.2390
   17.0000         0         0   34.4910
   18.0000    0.0000    4.0936   34.3530
   19.0000         0         0   33.7490
   20.0000    5.0000    5.0000   22.5300
   21.0000         0         0   33.3620
   22.0000         0         0   32.9600
   23.0000    2.2678    0.9666   30.2320
   24.0000    3.5773    5.0000   26.9400
   25.0000         0         0   31.0110
   26.0000         0         0   34.9580
   27.0000         0         0   31.5070
   28.0000         0         0   32.9540
   29.0000         0         0   32.4150
   30.0000         0         0   32.9920
   31.0000         0         0   34.1460
   32.0000    0.7441    1.1072   30.8280
   33.0000         0         0   29.8860
   34.0000         0         0   36.3730
   35.0000    0.1170    5.0000   32.1010
   36.0000    0.8450    5.0000   30.7760
   37.0000    5.0000    3.1050   31.1860
   38.0000    0.7817    5.0000   39.8310
   39.0000         0         0   36.3940
   40.0000    0.9949    5.0000   30.0180