2.0,0.0;2.0,0.0::-3000.0,0.0
-3000.0
2.0,0.0;2.0,0.0::-3000.0,0.0
-3000.0
2.0,0.0;2.0,1.0::-1250.0,0.0
-1250.0
2.0,1.0;2.0,0.0::-3250.0,0.0
-3250.0
2.0,0.0;2.0,2.0::-1250.0,0.0
-1250.0
2.0,2.0;2.0,0.0::-3250.0,0.0
-3250.0
2.0,0.0;2.0,3.0::500.0,0.0
500.0
2.0,3.0;2.0,0.0::-3500.0,0.0
-3500.0
2.0,0.0;2.0,4.0::-3000.0,0.0
-3000.0
2.0,4.0;2.0,0.0::-3000.0,0.0
-3000.0
2.0,0.0;3.0,0.0::-3000.0,0.0
-3000.0
3.0,0.0;2.0,0.0::-3000.0,0.0
-3000.0
2.0,0.0;3.0,1.0::-1250.0,0.0
-1250.0
3.0,1.0;2.0,0.0::-3250.0,0.0
-3250.0
2.0,0.0;3.0,2.0::-1250.0,0.0
-1250.0
3.0,2.0;2.0,0.0::-3250.0,0.0
-3250.0
2.0,0.0;3.0,3.0::500.0,0.0
500.0
3.0,3.0;2.0,0.0::-3500.0,0.0
-3500.0
2.0,0.0;3.0,4.0::-3000.0,0.0
-3000.0
3.0,4.0;2.0,0.0::-3000.0,0.0
-3000.0
2.0,0.0;4.0,0.0::-2503.0,0.0
-2503.0
4.0,0.0;2.0,0.0::-503.0,0.0
-503.0
2.0,0.0;4.0,1.0::-753.0,0.0
-753.0
4.0,1.0;2.0,0.0::-753.0,0.0
-753.0
2.0,0.0;4.0,2.0::-753.0,0.0
-753.0
4.0,2.0;2.0,0.0::-753.0,0.0
-753.0
2.0,0.0;4.0,3.0::997.0,0.0
997.0
4.0,3.0;2.0,0.0::-1003.0,0.0
-1003.0
2.0,0.0;4.0,4.0::-2503.0,0.0
-2503.0
4.0,4.0;2.0,0.0::-503.0,0.0
-503.0
