2.0,4.0;2.0,4.0::-3000.0,0.0
-3000.0
2.0,4.0;2.0,4.0::-3000.0,0.0
-3000.0
2.0,4.0;3.0,0.0::-2515.0,0.0
-2515.0
3.0,0.0;2.0,4.0::-515.0,0.0
-515.0
2.0,4.0;3.0,1.0::-765.0,0.0
-765.0
3.0,1.0;2.0,4.0::-765.0,0.0
-765.0
2.0,4.0;3.0,2.0::-765.0,0.0
-765.0
3.0,2.0;2.0,4.0::-765.0,0.0
-765.0
2.0,4.0;3.0,3.0::985.0,0.0
985.0
3.0,3.0;2.0,4.0::-1015.0,0.0
-1015.0
2.0,4.0;3.0,4.0::-2515.0,0.0
-2515.0
3.0,4.0;2.0,4.0::-515.0,0.0
-515.0
2.0,4.0;4.0,0.0::-2510.5,0.0
-2510.5
4.0,0.0;2.0,4.0::-510.5,0.0
-510.5
2.0,4.0;4.0,1.0::-760.5,0.0
-760.5
4.0,1.0;2.0,4.0::-760.5,0.0
-760.5
2.0,4.0;4.0,2.0::-760.5,0.0
-760.5
4.0,2.0;2.0,4.0::-760.5,0.0
-760.5
2.0,4.0;4.0,3.0::989.5,0.0
989.5
4.0,3.0;2.0,4.0::-1010.5,0.0
-1010.5
2.0,4.0;4.0,4.0::-2510.5,0.0
-2510.5
4.0,4.0;2.0,4.0::-510.5,0.0
-510.5
