3.0,0.0;3.0,0.0::-3000.0,0.0
-3000.0
3.0,0.0;3.0,0.0::-3000.0,0.0
-3000.0
3.0,0.0;3.0,1.0::-500.0,0.0
-500.0
3.0,1.0;3.0,0.0::-2500.0,0.0
-2500.0
3.0,0.0;3.0,2.0::-3000.0,0.0
-3000.0
3.0,2.0;3.0,0.0::-3000.0,0.0
-3000.0
3.0,0.0;3.0,3.0::-500.0,0.0
-500.0
3.0,3.0;3.0,0.0::-2500.0,0.0
-2500.0
3.0,0.0;3.0,4.0::-515.0,0.0
-515.0
3.0,4.0;3.0,0.0::-2515.0,0.0
-2515.0
3.0,0.0;4.0,0.0::-2510.5,0.0
-2510.5
4.0,0.0;3.0,0.0::-510.5,0.0
-510.5
3.0,0.0;4.0,1.0::-10.5,0.0
-10.5
4.0,1.0;3.0,0.0::-10.5,0.0
-10.5
3.0,0.0;4.0,2.0::-2510.5,0.0
-2510.5
4.0,2.0;3.0,0.0::-510.5,0.0
-510.5
3.0,0.0;4.0,3.0::-10.5,0.0
-10.5
4.0,3.0;3.0,0.0::-10.5,0.0
-10.5
3.0,0.0;4.0,4.0::-25.5,0.0
-25.5
4.0,4.0;3.0,0.0::-25.5,0.0
-25.5
