2.0,4.0;2.0,4.0::-3000.0,0.0
-3000.0
2.0,4.0;2.0,4.0::-3000.0,0.0
-3000.0
2.0,4.0;3.0,0.0::-2530.0,0.0
-2530.0
3.0,0.0;2.0,4.0::-530.0,0.0
-530.0
2.0,4.0;3.0,1.0::-780.0,0.0
-780.0
3.0,1.0;2.0,4.0::-780.0,0.0
-780.0
2.0,4.0;3.0,2.0::-780.0,0.0
-780.0
3.0,2.0;2.0,4.0::-780.0,0.0
-780.0
2.0,4.0;3.0,3.0::970.0,0.0
970.0
3.0,3.0;2.0,4.0::-1030.0,0.0
-1030.0
2.0,4.0;3.0,4.0::-2530.0,0.0
-2530.0
3.0,4.0;2.0,4.0::-530.0,0.0
-530.0
2.0,4.0;4.0,0.0::-2507.5,0.0
-2507.5
4.0,0.0;2.0,4.0::-507.5,0.0
-507.5
2.0,4.0;4.0,1.0::-757.5,0.0
-757.5
4.0,1.0;2.0,4.0::-757.5,0.0
-757.5
2.0,4.0;4.0,2.0::-757.5,0.0
-757.5
4.0,2.0;2.0,4.0::-757.5,0.0
-757.5
2.0,4.0;4.0,3.0::992.5,0.0
992.5
4.0,3.0;2.0,4.0::-1007.5,0.0
-1007.5
2.0,4.0;4.0,4.0::-2507.5,0.0
-2507.5
4.0,4.0;2.0,4.0::-507.5,0.0
-507.5
