0.0,2.0;0.0,2.0::0.0,0.0
0.0
0.0,2.0;0.0,2.0::0.0,0.0
0.0
0.0,2.0;0.0,3.0::0.0,0.0
0.0
0.0,3.0;0.0,2.0::0.0,0.0
0.0
0.0,2.0;0.0,4.0::-50.0,0.0
-50.0
0.0,4.0;0.0,2.0::-10.0,0.0
-10.0
0.0,2.0;1.0,0.0::-2250.0,0.0
-2250.0
1.0,0.0;0.0,2.0::-2250.0,0.0
-2250.0
0.0,2.0;1.0,1.0::-2250.0,0.0
-2250.0
1.0,1.0;0.0,2.0::-2250.0,0.0
-2250.0
0.0,2.0;1.0,2.0::250.0,0.0
250.0
1.0,2.0;0.0,2.0::-1750.0,0.0
-1750.0
0.0,2.0;1.0,3.0::250.0,0.0
250.0
1.0,3.0;0.0,2.0::-1750.0,0.0
-1750.0
0.0,2.0;1.0,4.0::200.0,0.0
200.0
1.0,4.0;0.0,2.0::-1760.0,0.0
-1760.0
0.0,2.0;2.0,0.0::-2250.0,0.0
-2250.0
2.0,0.0;0.0,2.0::-2250.0,0.0
-2250.0
0.0,2.0;2.0,1.0::-2250.0,0.0
-2250.0
2.0,1.0;0.0,2.0::-2250.0,0.0
-2250.0
0.0,2.0;2.0,2.0::250.0,0.0
250.0
2.0,2.0;0.0,2.0::-1750.0,0.0
-1750.0
0.0,2.0;2.0,3.0::250.0,0.0
250.0
2.0,3.0;0.0,2.0::-1750.0,0.0
-1750.0
0.0,2.0;2.0,4.0::200.0,0.0
200.0
2.0,4.0;0.0,2.0::-1760.0,0.0
-1760.0
0.0,2.0;3.0,0.0::-2000.0,0.0
-2000.0
3.0,0.0;0.0,2.0::-4000.0,0.0
-4000.0
0.0,2.0;3.0,1.0::-2000.0,0.0
-2000.0
3.0,1.0;0.0,2.0::-4000.0,0.0
-4000.0
0.0,2.0;3.0,2.0::500.0,0.0
500.0
3.0,2.0;0.0,2.0::-3500.0,0.0
-3500.0
0.0,2.0;3.0,3.0::500.0,0.0
500.0
3.0,3.0;0.0,2.0::-3500.0,0.0
-3500.0
0.0,2.0;3.0,4.0::450.0,0.0
450.0
3.0,4.0;0.0,2.0::-3510.0,0.0
-3510.0
0.0,2.0;4.0,0.0::-2500.0,0.0
-2500.0
4.0,0.0;0.0,2.0::-500.0,0.0
-500.0
0.0,2.0;4.0,1.0::-2500.0,0.0
-2500.0
4.0,1.0;0.0,2.0::-500.0,0.0
-500.0
0.0,2.0;4.0,2.0::0.0,0.0
0.0
4.0,2.0;0.0,2.0::0.0,0.0
0.0
0.0,2.0;4.0,3.0::0.0,0.0
0.0
4.0,3.0;0.0,2.0::0.0,0.0
0.0
0.0,2.0;4.0,4.0::-50.0,0.0
-50.0
4.0,4.0;0.0,2.0::-10.0,0.0
-10.0
