0.0,4.0;0.0,4.0::-60.0,0.0
-60.0
0.0,4.0;0.0,4.0::-60.0,0.0
-60.0
0.0,4.0;1.0,0.0::-1530.0,0.0
-1530.0
1.0,0.0;0.0,4.0::-1530.0,0.0
-1530.0
0.0,4.0;1.0,1.0::-1530.0,0.0
-1530.0
1.0,1.0;0.0,4.0::-1530.0,0.0
-1530.0
0.0,4.0;1.0,2.0::970.0,0.0
970.0
1.0,2.0;0.0,4.0::-1030.0,0.0
-1030.0
0.0,4.0;1.0,3.0::970.0,0.0
970.0
1.0,3.0;0.0,4.0::-1030.0,0.0
-1030.0
0.0,4.0;1.0,4.0::920.0,0.0
920.0
1.0,4.0;0.0,4.0::-1040.0,0.0
-1040.0
0.0,4.0;2.0,0.0::-2000.0,0.0
-2000.0
2.0,0.0;0.0,4.0::-4000.0,0.0
-4000.0
0.0,4.0;2.0,1.0::-2000.0,0.0
-2000.0
2.0,1.0;0.0,4.0::-4000.0,0.0
-4000.0
0.0,4.0;2.0,2.0::500.0,0.0
500.0
2.0,2.0;0.0,4.0::-3500.0,0.0
-3500.0
0.0,4.0;2.0,3.0::500.0,0.0
500.0
2.0,3.0;0.0,4.0::-3500.0,0.0
-3500.0
0.0,4.0;2.0,4.0::450.0,0.0
450.0
2.0,4.0;0.0,4.0::-3510.0,0.0
-3510.0
0.0,4.0;3.0,0.0::-1530.0,0.0
-1530.0
3.0,0.0;0.0,4.0::-1530.0,0.0
-1530.0
0.0,4.0;3.0,1.0::-1530.0,0.0
-1530.0
3.0,1.0;0.0,4.0::-1530.0,0.0
-1530.0
0.0,4.0;3.0,2.0::970.0,0.0
970.0
3.0,2.0;0.0,4.0::-1030.0,0.0
-1030.0
0.0,4.0;3.0,3.0::970.0,0.0
970.0
3.0,3.0;0.0,4.0::-1030.0,0.0
-1030.0
0.0,4.0;3.0,4.0::920.0,0.0
920.0
3.0,4.0;0.0,4.0::-1040.0,0.0
-1040.0
0.0,4.0;4.0,0.0::-1507.5,0.0
-1507.5
4.0,0.0;0.0,4.0::-1507.5,0.0
-1507.5
0.0,4.0;4.0,1.0::-1507.5,0.0
-1507.5
4.0,1.0;0.0,4.0::-1507.5,0.0
-1507.5
0.0,4.0;4.0,2.0::992.5,0.0
992.5
4.0,2.0;0.0,4.0::-1007.5,0.0
-1007.5
0.0,4.0;4.0,3.0::992.5,0.0
992.5
4.0,3.0;0.0,4.0::-1007.5,0.0
-1007.5
0.0,4.0;4.0,4.0::942.5,0.0
942.5
4.0,4.0;0.0,4.0::-1017.5,0.0
-1017.5
