0.0,0.0,0.0,0.0;0.0,0.0,0.0,0.0::-883.95,67.2356118437246
-883.95
0.0,0.0,0.0,0.0;0.0,0.0,0.0,0.0::-892.11,71.82505064390834
-892.11
0.0,0.0,0.0,0.0;0.0,0.0,0.0,10.0::-1142.9,57.20791029219648
-1142.9
0.0,0.0,0.0,10.0;0.0,0.0,0.0,0.0::-71.92,59.070708477213984
-71.92
0.0,0.0,0.0,0.0;0.0,0.0,10.0,0.0::-771.915,315.5689944766437
-771.915
0.0,0.0,10.0,0.0;0.0,0.0,0.0,0.0::-987.795,66.68834587092411
-987.795
0.0,0.0,0.0,0.0;0.0,0.0,10.0,10.0::-2448.85,84.04762043032508
-2448.85
0.0,0.0,10.0,10.0;0.0,0.0,0.0,0.0::-1146.71,58.79388488610018
-1146.71
0.0,0.0,0.0,0.0;0.0,10.0,0.0,0.0::-898.425,74.1665482208792
-898.425
0.0,10.0,0.0,0.0;0.0,0.0,0.0,0.0::-837.345,82.83651655520048
-837.345
0.0,0.0,0.0,0.0;0.0,10.0,0.0,10.0::-1138.85,104.32170196080968
-1138.85
0.0,10.0,0.0,10.0;0.0,0.0,0.0,0.0::-30.43,63.842737253347785
-30.43
0.0,0.0,0.0,0.0;0.0,10.0,10.0,0.0::-764.795,226.35986940047476
-764.795
0.0,10.0,10.0,0.0;0.0,0.0,0.0,0.0::-937.495,71.17139506149927
-937.495
0.0,0.0,0.0,0.0;0.0,10.0,10.0,10.0::-2444.485,128.78244164093178
-2444.485
0.0,10.0,10.0,10.0;0.0,0.0,0.0,0.0::-1087.265,62.716762312798
-1087.265
0.0,0.0,0.0,0.0;10.0,0.0,0.0,0.0::-618.19,58.77966400040067
-618.19
10.0,0.0,0.0,0.0;0.0,0.0,0.0,0.0::-2108.51,67.01346804934066
-2108.51
0.0,0.0,0.0,0.0;10.0,0.0,0.0,10.0::-875.825,44.535287974818345
-875.825
10.0,0.0,0.0,10.0;0.0,0.0,0.0,0.0::-1281.325,147.58572720625804
-1281.325
0.0,0.0,0.0,0.0;10.0,0.0,10.0,0.0::-444.345,243.8940107403214
-444.345
10.0,0.0,10.0,0.0;0.0,0.0,0.0,0.0::-2194.965,65.15731942767444
-2194.965
0.0,0.0,0.0,0.0;10.0,0.0,10.0,10.0::-2163.305,71.60174212266067
-2163.305
10.0,0.0,10.0,10.0;0.0,0.0,0.0,0.0::-2355.385,53.2649441471593
-2355.385
0.0,0.0,0.0,0.0;10.0,10.0,0.0,0.0::-799.26,146.32944816406575
-799.26
10.0,10.0,0.0,0.0;0.0,0.0,0.0,0.0::-1519.8,476.53821987328564
-1519.8
0.0,0.0,0.0,0.0;10.0,10.0,0.0,10.0::-1085.24,136.46844836811184
-1085.24
10.0,10.0,0.0,10.0;0.0,0.0,0.0,0.0::-571.3,499.24389330266223
-571.3
0.0,0.0,0.0,0.0;10.0,10.0,10.0,0.0::-689.6,352.558314325446
-689.6
10.0,10.0,10.0,0.0;0.0,0.0,0.0,0.0::-1527.52,527.5091985927827
-1527.52
0.0,0.0,0.0,0.0;10.0,10.0,10.0,10.0::-2365.29,159.54762893882193
-2365.29
10.0,10.0,10.0,10.0;0.0,0.0,0.0,0.0::-1696.83,499.0583544035708
-1696.83
