0.0,0.0,0.0,10.0;0.0,0.0,0.0,10.0::-327.925,29.928863576821623
-327.925
0.0,0.0,0.0,10.0;0.0,0.0,0.0,10.0::-332.765,28.308607789857838
-332.765
0.0,0.0,0.0,10.0;0.0,0.0,10.0,0.0::74.11,210.53638141660932
74.11
0.0,0.0,10.0,0.0;0.0,0.0,0.0,10.0::-1237.21,39.46816311915212
-1237.21
0.0,0.0,0.0,10.0;0.0,0.0,10.0,10.0::-1625.27,78.8579235080407
-1625.27
0.0,0.0,10.0,10.0;0.0,0.0,0.0,10.0::-1386.31,39.2577240807462
-1386.31
0.0,0.0,0.0,10.0;0.0,10.0,0.0,0.0::-923.165,317.2241877206087
-923.165
0.0,10.0,0.0,0.0;0.0,0.0,0.0,10.0::-1875.505,273.060684601427
-1875.505
0.0,0.0,0.0,10.0;0.0,10.0,0.0,10.0::-1183.19,325.59707292910355
-1183.19
0.0,10.0,0.0,10.0;0.0,0.0,0.0,10.0::-1071.49,288.75011670993314
-1071.49
0.0,0.0,0.0,10.0;0.0,10.0,10.0,0.0::-793.59,390.87127919559407
-793.59
0.0,10.0,10.0,0.0;0.0,0.0,0.0,10.0::-2006.43,283.1853811551719
-2006.43
0.0,0.0,0.0,10.0;0.0,10.0,10.0,10.0::-2433.965,335.6815176249654
-2433.965
0.0,10.0,10.0,10.0;0.0,0.0,0.0,10.0::-2094.625,303.32904884794664
-2094.625
0.0,0.0,0.0,10.0;10.0,0.0,0.0,0.0::-672.23,56.12719572542351
-672.23
10.0,0.0,0.0,0.0;0.0,0.0,0.0,10.0::-1657.57,52.34300430812126
-1657.57
0.0,0.0,0.0,10.0;10.0,0.0,0.0,10.0::-919.475,24.31310089231729
-919.475
10.0,0.0,0.0,10.0;0.0,0.0,0.0,10.0::-842.335,29.75147517351031
-842.335
0.0,0.0,0.0,10.0;10.0,0.0,10.0,0.0::-528.1,267.82779915460605
-528.1
10.0,0.0,10.0,0.0;0.0,0.0,0.0,10.0::-1751.9,46.458260837013704
-1751.9
0.0,0.0,0.0,10.0;10.0,0.0,10.0,10.0::-2229.76,72.35846460504808
-2229.76
10.0,0.0,10.0,10.0;0.0,0.0,0.0,10.0::-1902.68,42.15427143244205
-1902.68
0.0,0.0,0.0,10.0;10.0,10.0,0.0,0.0::-718.255,174.3276440355918
-718.255
10.0,10.0,0.0,0.0;0.0,0.0,0.0,10.0::-1702.115,147.9791176990862
-1702.115
0.0,0.0,0.0,10.0;10.0,10.0,0.0,10.0::-976.445,174.54281559262185
-976.445
10.0,10.0,0.0,10.0;0.0,0.0,0.0,10.0::-893.965,158.95462017506756
-893.965
0.0,0.0,0.0,10.0;10.0,10.0,10.0,0.0::-642.095,392.0800536561379
-642.095
10.0,10.0,10.0,0.0;0.0,0.0,0.0,10.0::-1845.775,199.21015755979917
-1845.775
0.0,0.0,0.0,10.0;10.0,10.0,10.0,10.0::-2294.0,212.04126956797822
-2294.0
10.0,10.0,10.0,10.0;0.0,0.0,0.0,10.0::-1963.06,175.67559989935992
-1963.06
