10.0,0.0,10.0,0.0;10.0,0.0,10.0,0.0::-1259.115,727.144225222892
-1259.115
10.0,0.0,10.0,0.0;10.0,0.0,10.0,0.0::-1332.675,762.6041514934208
-1332.675
10.0,0.0,10.0,0.0;10.0,0.0,10.0,10.0::-2499.64,229.23570926014125
-2499.64
10.0,0.0,10.0,10.0;10.0,0.0,10.0,0.0::-1394.48,727.0579547738955
-1394.48
10.0,0.0,10.0,0.0;10.0,10.0,0.0,0.0::-2136.31,199.23574955313617
-2136.31
10.0,10.0,0.0,0.0;10.0,0.0,10.0,0.0::-746.93,444.27038512599506
-746.93
10.0,0.0,10.0,0.0;10.0,10.0,0.0,10.0::-1709.78,128.16708469806122
-1709.78
10.0,10.0,0.0,10.0;10.0,0.0,10.0,0.0::-703.9,402.2829352582584
-703.9
10.0,0.0,10.0,0.0;10.0,10.0,10.0,0.0::-1066.8,640.419620249099
-1066.8
10.0,10.0,10.0,0.0;10.0,0.0,10.0,0.0::-1083.06,430.06381665980683
-1083.06
10.0,0.0,10.0,0.0;10.0,10.0,10.0,10.0::-2385.195,304.12816290998114
-2385.195
10.0,10.0,10.0,10.0;10.0,0.0,10.0,0.0::-1164.615,418.0857439270083
-1164.615
