10.0,0.0,10.0,10.0;10.0,0.0,10.0,10.0::-2526.265,327.0511386236103
-2526.265
10.0,0.0,10.0,10.0;10.0,0.0,10.0,10.0::-2522.765,328.58215452912225
-2522.765
10.0,0.0,10.0,10.0;10.0,10.0,0.0,0.0::-2399.715,270.13073922639757
-2399.715
10.0,10.0,0.0,0.0;10.0,0.0,10.0,10.0::-1921.635,268.7592310507678
-1921.635
10.0,0.0,10.0,10.0;10.0,10.0,0.0,10.0::-1959.715,249.1101990585693
-1959.715
10.0,10.0,0.0,10.0;10.0,0.0,10.0,10.0::-1993.895,260.97942730223
-1993.895
10.0,0.0,10.0,10.0;10.0,10.0,10.0,0.0::-1278.79,734.2547997119256
-1278.79
10.0,10.0,10.0,0.0;10.0,0.0,10.0,10.0::-2268.17,297.1942565057407
-2268.17
10.0,0.0,10.0,10.0;10.0,10.0,10.0,10.0::-2615.62,376.3319951851024
-2615.62
10.0,10.0,10.0,10.0;10.0,0.0,10.0,10.0::-2440.34,323.4499024578614
-2440.34
