10.0,10.0,0.0,0.0;10.0,10.0,0.0,0.0::-1329.615,535.695043168219
-1329.615
10.0,10.0,0.0,0.0;10.0,10.0,0.0,0.0::-1357.575,567.5808725415259
-1357.575
10.0,10.0,0.0,0.0;10.0,10.0,0.0,10.0::-1691.5,257.76485408216536
-1691.5
10.0,10.0,0.0,10.0;10.0,10.0,0.0,0.0::-1337.18,576.5653801608279
-1337.18
10.0,10.0,0.0,0.0;10.0,10.0,10.0,0.0::-1003.185,490.87254280006334
-1003.185
10.0,10.0,10.0,0.0;10.0,10.0,0.0,0.0::-1438.965,544.7912685377768
-1438.965
10.0,10.0,0.0,0.0;10.0,10.0,10.0,10.0::-2046.115,306.6052254528615
-2046.115
10.0,10.0,10.0,10.0;10.0,10.0,0.0,0.0::-1644.575,626.5043071480035
-1644.575
