0.0,0.0,10.0,0.0;0.0,0.0,10.0,0.0::-847.745,253.1075709555129
-847.745
0.0,0.0,10.0,0.0;0.0,0.0,10.0,0.0::-818.185,170.20961569488372
-818.185
0.0,0.0,10.0,0.0;0.0,0.0,10.0,10.0::-2539.06,78.08464253616074
-2539.06
0.0,0.0,10.0,10.0;0.0,0.0,10.0,0.0::-971.24,122.87512929799911
-971.24
0.0,0.0,10.0,0.0;0.0,10.0,0.0,0.0::-773.64,142.91285946338067
-773.64
0.0,10.0,0.0,0.0;0.0,0.0,10.0,0.0::-1388.34,447.9206842734549
-1388.34
0.0,0.0,10.0,0.0;0.0,10.0,0.0,10.0::-1010.285,137.19346294557914
-1010.285
0.0,10.0,0.0,10.0;0.0,0.0,10.0,0.0::-645.445,422.7122419270585
-645.445
0.0,0.0,10.0,0.0;0.0,10.0,10.0,0.0::-590.15,179.48001977936147
-590.15
0.0,10.0,10.0,0.0;0.0,0.0,10.0,0.0::-1573.69,423.62450814370976
-1573.69
0.0,0.0,10.0,0.0;0.0,10.0,10.0,10.0::-2313.63,136.95542376992591
-2313.63
0.0,10.0,10.0,10.0;0.0,0.0,10.0,0.0::-1683.03,445.4937531548562
-1683.03
0.0,0.0,10.0,0.0;10.0,0.0,0.0,0.0::-1016.715,80.00603899081618
-1016.715
10.0,0.0,0.0,0.0;0.0,0.0,10.0,0.0::-971.235,616.1815416539189
-971.235
0.0,0.0,10.0,0.0;10.0,0.0,0.0,10.0::-1302.675,74.70165242482926
-1302.675
10.0,0.0,0.0,10.0;0.0,0.0,10.0,0.0::-434.235,767.820797631192
-434.235
0.0,0.0,10.0,0.0;10.0,0.0,10.0,0.0::-852.165,142.76612089357897
-852.165
10.0,0.0,10.0,0.0;0.0,0.0,10.0,0.0::-1149.285,685.2496634621575
-1149.285
0.0,0.0,10.0,0.0;10.0,0.0,10.0,10.0::-2576.86,98.59840465240804
-2576.86
10.0,0.0,10.0,10.0;0.0,0.0,10.0,0.0::-1371.92,746.3591887288586
-1371.92
0.0,0.0,10.0,0.0;10.0,10.0,0.0,0.0::-932.41,135.77397357373027
-932.41
10.0,10.0,0.0,0.0;0.0,0.0,10.0,0.0::-979.13,440.87647147472046
-979.13
0.0,0.0,10.0,0.0;10.0,10.0,0.0,10.0::-1160.58,147.2946149728496
-1160.58
10.0,10.0,0.0,10.0;0.0,0.0,10.0,0.0::-219.36,472.1320052697127
-219.36
0.0,0.0,10.0,0.0;10.0,10.0,10.0,0.0::-781.54,231.3981382811884
-781.54
10.0,10.0,10.0,0.0;0.0,0.0,10.0,0.0::-1028.18,419.5881285260583
-1028.18
0.0,0.0,10.0,0.0;10.0,10.0,10.0,10.0::-2467.865,150.22060203247756
-2467.865
10.0,10.0,10.0,10.0;0.0,0.0,10.0,0.0::-1202.845,427.6780254759414
-1202.845
