0.0,0.0,10.0,10.0;0.0,0.0,10.0,10.0::-2683.06,87.0690898080369
-2683.06
0.0,0.0,10.0,10.0;0.0,0.0,10.0,10.0::-2685.08,87.35790519466454
-2685.08
0.0,0.0,10.0,10.0;0.0,10.0,0.0,0.0::-1027.585,308.2844713491096
-1027.585
0.0,10.0,0.0,0.0;0.0,0.0,10.0,10.0::-2045.645,312.40275522952743
-2045.645
0.0,0.0,10.0,10.0;0.0,10.0,0.0,10.0::-1209.565,303.52323350116046
-1209.565
0.0,10.0,0.0,10.0;0.0,0.0,10.0,10.0::-1171.385,311.0890616447322
-1171.385
0.0,0.0,10.0,10.0;0.0,10.0,10.0,0.0::-810.425,419.6739471006031
-810.425
0.0,10.0,10.0,0.0;0.0,0.0,10.0,10.0::-2074.585,306.272591452451
-2074.585
0.0,0.0,10.0,10.0;0.0,10.0,10.0,10.0::-2532.615,319.34348165415867
-2532.615
0.0,10.0,10.0,10.0;0.0,0.0,10.0,10.0::-2255.055,313.21478968113877
-2255.055
0.0,0.0,10.0,10.0;10.0,0.0,0.0,0.0::-1119.12,194.13539244558172
-1119.12
10.0,0.0,0.0,0.0;0.0,0.0,10.0,10.0::-2293.98,287.7091666944242
-2293.98
0.0,0.0,10.0,10.0;10.0,0.0,0.0,10.0::-1407.575,155.13828307352122
-1407.575
10.0,0.0,0.0,10.0;0.0,0.0,10.0,10.0::-1542.295,237.02240500636216
-1542.295
0.0,0.0,10.0,10.0;10.0,0.0,10.0,0.0::-972.94,273.49990201095136
-972.94
10.0,0.0,10.0,0.0;0.0,0.0,10.0,10.0::-2430.56,267.491993151197
-2430.56
0.0,0.0,10.0,10.0;10.0,0.0,10.0,10.0::-2681.075,192.72470489016192
-2681.075
10.0,0.0,10.0,10.0;0.0,0.0,10.0,10.0::-2559.535,282.863025641387
-2559.535
0.0,0.0,10.0,10.0;10.0,10.0,0.0,0.0::-1156.2,276.06148771605217
-1156.2
10.0,10.0,0.0,0.0;0.0,0.0,10.0,10.0::-2154.78,278.9970548231647
-2154.78
0.0,0.0,10.0,10.0;10.0,10.0,0.0,10.0::-1378.795,286.39938979509014
-1378.795
10.0,10.0,0.0,10.0;0.0,0.0,10.0,10.0::-1310.375,290.69995162538294
-1310.375
0.0,0.0,10.0,10.0;10.0,10.0,10.0,0.0::-960.81,427.41874537741086
-960.81
10.0,10.0,10.0,0.0;0.0,0.0,10.0,10.0::-2201.25,298.52259127241945
-2201.25
0.0,0.0,10.0,10.0;10.0,10.0,10.0,10.0::-2688.035,297.7989695667196
-2688.035
10.0,10.0,10.0,10.0;0.0,0.0,10.0,10.0::-2396.275,287.00632723861685
-2396.275
