0.0,10.0,0.0,0.0;0.0,10.0,0.0,0.0::-839.83,113.58730606894419
-839.83
0.0,10.0,0.0,0.0;0.0,10.0,0.0,0.0::-858.95,67.4215284608707
-858.95
0.0,10.0,0.0,0.0;0.0,10.0,0.0,10.0::-1913.39,278.38129947968844
-1913.39
0.0,10.0,0.0,10.0;0.0,10.0,0.0,0.0::-901.15,315.5810474347281
-901.15
0.0,10.0,0.0,0.0;0.0,10.0,10.0,0.0::-1357.5,486.0078548747952
-1357.5
0.0,10.0,10.0,0.0;0.0,10.0,0.0,0.0::-726.9,153.283511833465
-726.9
0.0,10.0,0.0,0.0;0.0,10.0,10.0,10.0::-2019.105,330.2983522135707
-2019.105
0.0,10.0,10.0,10.0;0.0,10.0,0.0,0.0::-929.265,302.5917088669153
-929.265
0.0,10.0,0.0,0.0;10.0,0.0,0.0,0.0::-579.72,63.91992334163113
-579.72
10.0,0.0,0.0,0.0;0.0,10.0,0.0,0.0::-2095.74,132.7065461836755
-2095.74
0.0,10.0,0.0,0.0;10.0,0.0,0.0,10.0::-1590.41,294.7002322700136
-1590.41
10.0,0.0,0.0,10.0;0.0,10.0,0.0,0.0::-2110.87,355.3456600269658
-2110.87
0.0,10.0,0.0,0.0;10.0,0.0,10.0,0.0::-1208.035,416.01063240619226
-1208.035
10.0,0.0,10.0,0.0;0.0,10.0,0.0,0.0::-1972.595,136.30023285013124
-1972.595
0.0,10.0,0.0,0.0;10.0,0.0,10.0,10.0::-1762.18,320.5952707074763
-1762.18
10.0,0.0,10.0,10.0;0.0,10.0,0.0,0.0::-2215.76,307.75552375221474
-2215.76
0.0,10.0,0.0,0.0;10.0,10.0,0.0,0.0::-766.085,150.38126636985075
-766.085
10.0,10.0,0.0,0.0;0.0,10.0,0.0,0.0::-1448.425,497.350109957764
-1448.425
0.0,10.0,0.0,0.0;10.0,10.0,0.0,10.0::-1847.285,317.88275554833103
-1847.285
10.0,10.0,0.0,10.0;0.0,10.0,0.0,0.0::-1451.485,503.3921654883
-1451.485
0.0,10.0,0.0,0.0;10.0,10.0,10.0,0.0::-1374.055,443.32475621715514
-1374.055
10.0,10.0,10.0,0.0;0.0,10.0,0.0,0.0::-1334.555,513.656027390899
-1334.555
0.0,10.0,0.0,0.0;10.0,10.0,10.0,10.0::-1935.15,345.84127500921574
-1935.15
10.0,10.0,10.0,10.0;0.0,10.0,0.0,0.0::-1515.87,601.8782211544126
-1515.87
