0.0,10.0,0.0,10.0;0.0,10.0,0.0,10.0::-1895.085,451.07739942830204
-1895.085
0.0,10.0,0.0,10.0;0.0,10.0,0.0,10.0::-1895.445,451.61411567288286
-1895.445
0.0,10.0,0.0,10.0;0.0,10.0,10.0,0.0::-1396.265,622.299226477906
-1396.265
0.0,10.0,10.0,0.0;0.0,10.0,0.0,10.0::-1768.105,354.5200790857973
-1768.105
0.0,10.0,0.0,10.0;0.0,10.0,10.0,10.0::-2056.91,455.22207426705484
-2056.91
0.0,10.0,10.0,10.0;0.0,10.0,0.0,10.0::-1984.93,428.0695739012526
-1984.93
0.0,10.0,0.0,10.0;10.0,0.0,0.0,0.0::-634.365,61.83590603363067
-634.365
10.0,0.0,0.0,0.0;0.0,10.0,0.0,10.0::-1652.805,100.38856745167749
-1652.805
0.0,10.0,0.0,10.0;10.0,0.0,0.0,10.0::-1673.99,294.5727158105449
-1673.99
10.0,0.0,0.0,10.0;0.0,10.0,0.0,10.0::-1709.17,334.8905434615914
-1709.17
0.0,10.0,0.0,10.0;10.0,0.0,10.0,0.0::-1147.8,483.8330032149523
-1147.8
10.0,0.0,10.0,0.0;0.0,10.0,0.0,10.0::-1544.88,141.61920985516053
-1544.88
0.0,10.0,0.0,10.0;10.0,0.0,10.0,10.0::-1744.71,305.6289922438642
-1744.71
10.0,0.0,10.0,10.0;0.0,10.0,0.0,10.0::-1698.33,291.4629240572461
-1698.33
0.0,10.0,0.0,10.0;10.0,10.0,0.0,0.0::-678.975,175.85780299719428
-678.975
10.0,10.0,0.0,0.0;0.0,10.0,0.0,10.0::-1697.535,179.84076644354025
-1697.535
0.0,10.0,0.0,10.0;10.0,10.0,0.0,10.0::-1774.065,356.33765346227443
-1774.065
10.0,10.0,0.0,10.0;0.0,10.0,0.0,10.0::-1794.045,365.86421726509406
-1794.045
0.0,10.0,0.0,10.0;10.0,10.0,10.0,0.0::-1355.115,478.1753488784214
-1355.115
10.0,10.0,10.0,0.0;0.0,10.0,0.0,10.0::-1625.355,258.99183669567657
-1625.355
0.0,10.0,0.0,10.0;10.0,10.0,10.0,10.0::-1910.58,392.02552034274504
-1910.58
10.0,10.0,10.0,10.0;0.0,10.0,0.0,10.0::-1859.22,369.767895577753
-1859.22
