0.0,10.0,10.0,0.0;0.0,10.0,10.0,0.0::-1282.36,483.0293266459089
-1282.36
0.0,10.0,10.0,0.0;0.0,10.0,10.0,0.0::-1309.88,470.56426298647034
-1309.88
0.0,10.0,10.0,0.0;0.0,10.0,10.0,10.0::-1923.17,371.8151033780096
-1923.17
0.0,10.0,10.0,10.0;0.0,10.0,10.0,0.0::-1495.87,508.39353172517855
-1495.87
0.0,10.0,10.0,0.0;10.0,0.0,0.0,0.0::-983.885,96.08964187153576
-983.885
10.0,0.0,0.0,0.0;0.0,10.0,10.0,0.0::-1173.265,749.523630231229
-1173.265
0.0,10.0,10.0,0.0;10.0,0.0,0.0,10.0::-1983.115,325.64911219746944
-1983.115
10.0,0.0,0.0,10.0;0.0,10.0,10.0,0.0::-1208.075,865.9449877879078
-1208.075
0.0,10.0,10.0,0.0;10.0,0.0,10.0,0.0::-1587.03,412.15310152903123
-1587.03
10.0,0.0,10.0,0.0;0.0,10.0,10.0,0.0::-909.75,711.0902175533004
-909.75
0.0,10.0,10.0,0.0;10.0,0.0,10.0,10.0::-2174.48,326.66331229570307
-2174.48
10.0,0.0,10.0,10.0;0.0,10.0,10.0,0.0::-1160.38,730.9142806102507
-1160.38
0.0,10.0,10.0,0.0;10.0,10.0,0.0,0.0::-900.41,146.30889207426867
-900.41
10.0,10.0,0.0,0.0;0.0,10.0,10.0,0.0::-917.53,444.47755747619027
-917.53
0.0,10.0,10.0,0.0;10.0,10.0,0.0,10.0::-1939.08,313.88053236860674
-1939.08
10.0,10.0,0.0,10.0;0.0,10.0,10.0,0.0::-986.28,491.067425716673
-986.28
0.0,10.0,10.0,0.0;10.0,10.0,10.0,0.0::-1421.455,491.21035766258024
-1421.455
10.0,10.0,10.0,0.0;0.0,10.0,10.0,0.0::-925.895,470.40180853712707
-925.895
0.0,10.0,10.0,0.0;10.0,10.0,10.0,10.0::-2086.99,341.80908399280435
-2086.99
10.0,10.0,10.0,10.0;0.0,10.0,10.0,0.0::-1091.69,498.7008059949371
-1091.69
