0.0,10.0,10.0,10.0;0.0,10.0,10.0,10.0::-2072.35,454.25113923907776
-2072.35
0.0,10.0,10.0,10.0;0.0,10.0,10.0,10.0::-2084.15,458.2124152617431
-2084.15
0.0,10.0,10.0,10.0;10.0,0.0,0.0,0.0::-1090.45,178.26134606245967
-1090.45
10.0,0.0,0.0,0.0;0.0,10.0,10.0,10.0::-2329.85,293.4531095422231
-2329.85
0.0,10.0,10.0,10.0;10.0,0.0,0.0,10.0::-2113.305,311.24479830994767
-2113.305
10.0,0.0,0.0,10.0;0.0,10.0,10.0,10.0::-2358.765,396.84380085242606
-2358.765
0.0,10.0,10.0,10.0;10.0,0.0,10.0,0.0::-1713.07,465.24185656494836
-1713.07
10.0,0.0,10.0,0.0;0.0,10.0,10.0,10.0::-2160.95,276.9932986554007
-2160.95
0.0,10.0,10.0,10.0;10.0,0.0,10.0,10.0::-2240.0,350.6346389049433
-2240.0
10.0,0.0,10.0,10.0;0.0,10.0,10.0,10.0::-2394.22,397.5846596638255
-2394.22
0.0,10.0,10.0,10.0;10.0,10.0,0.0,0.0::-1149.275,249.08780956722876
-1149.275
10.0,10.0,0.0,0.0;0.0,10.0,10.0,10.0::-2182.255,285.18730244349933
-2182.255
0.0,10.0,10.0,10.0;10.0,10.0,0.0,10.0::-2063.275,460.88064276447966
-2063.275
10.0,10.0,0.0,10.0;0.0,10.0,10.0,10.0::-2107.895,494.4463383169098
-2107.895
0.0,10.0,10.0,10.0;10.0,10.0,10.0,0.0::-1686.66,541.9434374545004
-1686.66
10.0,10.0,10.0,0.0;0.0,10.0,10.0,10.0::-2049.12,299.9664824609576
-2049.12
0.0,10.0,10.0,10.0;10.0,10.0,10.0,10.0::-2333.1,447.40092758062076
-2333.1
10.0,10.0,10.0,10.0;0.0,10.0,10.0,10.0::-2292.66,432.77151523638884
-2292.66
