10.0,0.0,0.0,0.0;10.0,0.0,0.0,0.0::-1847.41,38.40985420435751
-1847.41
10.0,0.0,0.0,0.0;10.0,0.0,0.0,0.0::-1844.75,42.189127746375604
-1844.75
10.0,0.0,0.0,0.0;10.0,0.0,0.0,10.0::-1391.395,29.8942548828366
-1391.395
10.0,0.0,0.0,10.0;10.0,0.0,0.0,0.0::-1899.215,45.59030900312038
-1899.215
10.0,0.0,0.0,0.0;10.0,0.0,10.0,0.0::-974.685,771.7333239370969
-974.685
10.0,0.0,10.0,0.0;10.0,0.0,0.0,0.0::-2256.945,86.26609690370837
-2256.945
10.0,0.0,0.0,0.0;10.0,0.0,10.0,10.0::-2061.405,240.03322368997175
-2061.405
10.0,0.0,10.0,10.0;10.0,0.0,0.0,0.0::-2371.545,164.1164083052027
-2371.545
10.0,0.0,0.0,0.0;10.0,10.0,0.0,0.0::-2041.89,145.73427153555886
-2041.89
10.0,10.0,0.0,0.0;10.0,0.0,0.0,0.0::-1122.03,506.1290241628116
-1122.03
10.0,0.0,0.0,0.0;10.0,10.0,0.0,10.0::-1574.69,132.68042018323578
-1574.69
10.0,10.0,0.0,10.0;10.0,0.0,0.0,0.0::-1277.89,464.50670382675855
-1277.89
10.0,0.0,0.0,0.0;10.0,10.0,10.0,0.0::-1213.765,801.3336928365113
-1213.765
10.0,10.0,10.0,0.0;10.0,0.0,0.0,0.0::-1500.245,495.601778119288
-1500.245
10.0,0.0,0.0,0.0;10.0,10.0,10.0,10.0::-2238.54,323.4504496827915
-2238.54
10.0,10.0,10.0,10.0;10.0,0.0,0.0,0.0::-1678.2,573.0974131855769
-1678.2
