10.0,0.0,0.0,10.0;10.0,0.0,0.0,10.0::-1437.62,26.187890331219883
-1437.62
10.0,0.0,0.0,10.0;10.0,0.0,0.0,10.0::-1438.66,24.998687965571307
-1438.66
10.0,0.0,0.0,10.0;10.0,0.0,10.0,0.0::-844.48,698.0426560031987
-844.48
10.0,0.0,10.0,0.0;10.0,0.0,0.0,10.0::-1793.9,67.70546506745228
-1793.9
10.0,0.0,0.0,10.0;10.0,0.0,10.0,10.0::-2098.49,281.50828566846843
-2098.49
10.0,0.0,10.0,10.0;10.0,0.0,0.0,10.0::-1887.37,183.69354398018453
-1887.37
10.0,0.0,0.0,10.0;10.0,10.0,0.0,0.0::-1996.925,235.63695990866972
-1996.925
10.0,10.0,0.0,0.0;10.0,0.0,0.0,10.0::-1480.945,201.44497877832546
-1480.945
10.0,0.0,0.0,10.0;10.0,10.0,0.0,10.0::-1513.055,208.3159726833255
-1513.055
10.0,10.0,0.0,10.0;10.0,0.0,0.0,10.0::-1504.615,182.91270944086963
-1504.615
10.0,0.0,0.0,10.0;10.0,10.0,10.0,0.0::-949.76,685.5918081482597
-949.76
10.0,10.0,10.0,0.0;10.0,0.0,0.0,10.0::-1881.1,211.55962516510564
-1881.1
10.0,0.0,0.0,10.0;10.0,10.0,10.0,10.0::-2228.06,326.1323755777706
-2228.06
10.0,10.0,10.0,10.0;10.0,0.0,0.0,10.0::-1999.36,253.52613356417518
-1999.36
