0.0,0.0,0.0,0.0;0.0,0.0,0.0,0.0::-883.95,67.2356118437246
-883.95
0.0,0.0,0.0,0.0;0.0,0.0,0.0,0.0::-892.11,71.82505064390834
-892.11
0.0,0.0,0.0,0.0;0.0,0.0,0.0,10.0::-1142.9,57.20791029219648
-1142.9
0.0,0.0,0.0,10.0;0.0,0.0,0.0,0.0::-71.92,59.070708477213984
-71.92
0.0,0.0,0.0,0.0;0.0,0.0,10.0,0.0::-771.915,315.5689944766437
-771.915
0.0,0.0,10.0,0.0;0.0,0.0,0.0,0.0::-987.795,66.68834587092411
-987.795
0.0,0.0,0.0,0.0;0.0,0.0,10.0,10.0::-2448.85,84.04762043032508
-2448.85
0.0,0.0,10.0,10.0;0.0,0.0,0.0,0.0::-1146.71,58.79388488610018
-1146.71
0.0,0.0,0.0,0.0;0.0,10.0,0.0,0.0::-898.425,74.1665482208792
-898.425
0.0,10.0,0.0,0.0;0.0,0.0,0.0,0.0::-837.345,82.83651655520048
-837.345
0.0,0.0,0.0,0.0;0.0,10.0,0.0,10.0::-1138.85,104.32170196080968
-1138.85
0.0,10.0,0.0,10.0;0.0,0.0,0.0,0.0::-30.43,63.842737253347785
-30.43
0.0,0.0,0.0,0.0;0.0,10.0,10.0,0.0::-764.795,226.35986940047476
-764.795
0.0,10.0,10.0,0.0;0.0,0.0,0.0,0.0::-937.495,71.17139506149927
-937.495
0.0,0.0,0.0,0.0;0.0,10.0,10.0,10.0::-2444.485,128.78244164093178
-2444.485
0.0,10.0,10.0,10.0;0.0,0.0,0.0,0.0::-1087.265,62.716762312798
-1087.265
0.0,0.0,0.0,0.0;10.0,0.0,0.0,0.0::-618.19,58.77966400040067
-618.19
10.0,0.0,0.0,0.0;0.0,0.0,0.0,0.0::-2108.51,67.01346804934066
-2108.51
0.0,0.0,0.0,0.0;10.0,0.0,0.0,10.0::-875.825,44.535287974818345
-875.825
10.0,0.0,0.0,10.0;0.0,0.0,0.0,0.0::-1281.325,147.58572720625804
-1281.325
0.0,0.0,0.0,0.0;10.0,0.0,10.0,0.0::-444.345,243.8940107403214
-444.345
10.0,0.0,10.0,0.0;0.0,0.0,0.0,0.0::-2194.965,65.15731942767444
-2194.965
0.0,0.0,0.0,0.0;10.0,0.0,10.0,10.0::-2163.305,71.60174212266067
-2163.305
10.0,0.0,10.0,10.0;0.0,0.0,0.0,0.0::-2355.385,53.2649441471593
-2355.385
0.0,0.0,0.0,0.0;10.0,10.0,0.0,0.0::-799.26,146.32944816406575
-799.26
10.0,10.0,0.0,0.0;0.0,0.0,0.0,0.0::-1519.8,476.53821987328564
-1519.8
0.0,0.0,0.0,0.0;10.0,10.0,0.0,10.0::-1085.24,136.46844836811184
-1085.24
10.0,10.0,0.0,10.0;0.0,0.0,0.0,0.0::-571.3,499.24389330266223
-571.3
0.0,0.0,0.0,0.0;10.0,10.0,10.0,0.0::-689.6,352.558314325446
-689.6
10.0,10.0,10.0,0.0;0.0,0.0,0.0,0.0::-1527.52,527.5091985927827
-1527.52
0.0,0.0,0.0,0.0;10.0,10.0,10.0,10.0::-2365.29,159.54762893882193
-2365.29
10.0,10.0,10.0,10.0;0.0,0.0,0.0,0.0::-1696.83,499.0583544035708
-1696.83
0.0,0.0,0.0,10.0;0.0,0.0,0.0,10.0::-327.925,29.928863576821623
-327.925
0.0,0.0,0.0,10.0;0.0,0.0,0.0,10.0::-332.765,28.308607789857838
-332.765
0.0,0.0,0.0,10.0;0.0,0.0,10.0,0.0::74.11,210.53638141660932
74.11
0.0,0.0,10.0,0.0;0.0,0.0,0.0,10.0::-1237.21,39.46816311915212
-1237.21
0.0,0.0,0.0,10.0;0.0,0.0,10.0,10.0::-1625.27,78.8579235080407
-1625.27
0.0,0.0,10.0,10.0;0.0,0.0,0.0,10.0::-1386.31,39.2577240807462
-1386.31
0.0,0.0,0.0,10.0;0.0,10.0,0.0,0.0::-923.165,317.2241877206087
-923.165
0.0,10.0,0.0,0.0;0.0,0.0,0.0,10.0::-1875.505,273.060684601427
-1875.505
0.0,0.0,0.0,10.0;0.0,10.0,0.0,10.0::-1183.19,325.59707292910355
-1183.19
0.0,10.0,0.0,10.0;0.0,0.0,0.0,10.0::-1071.49,288.75011670993314
-1071.49
0.0,0.0,0.0,10.0;0.0,10.0,10.0,0.0::-793.59,390.87127919559407
-793.59
0.0,10.0,10.0,0.0;0.0,0.0,0.0,10.0::-2006.43,283.1853811551719
-2006.43
0.0,0.0,0.0,10.0;0.0,10.0,10.0,10.0::-2433.965,335.6815176249654
-2433.965
0.0,10.0,10.0,10.0;0.0,0.0,0.0,10.0::-2094.625,303.32904884794664
-2094.625
0.0,0.0,0.0,10.0;10.0,0.0,0.0,0.0::-672.23,56.12719572542351
-672.23
10.0,0.0,0.0,0.0;0.0,0.0,0.0,10.0::-1657.57,52.34300430812126
-1657.57
0.0,0.0,0.0,10.0;10.0,0.0,0.0,10.0::-919.475,24.31310089231729
-919.475
10.0,0.0,0.0,10.0;0.0,0.0,0.0,10.0::-842.335,29.75147517351031
-842.335
0.0,0.0,0.0,10.0;10.0,0.0,10.0,0.0::-528.1,267.82779915460605
-528.1
10.0,0.0,10.0,0.0;0.0,0.0,0.0,10.0::-1751.9,46.458260837013704
-1751.9
0.0,0.0,0.0,10.0;10.0,0.0,10.0,10.0::-2229.76,72.35846460504808
-2229.76
10.0,0.0,10.0,10.0;0.0,0.0,0.0,10.0::-1902.68,42.15427143244205
-1902.68
0.0,0.0,0.0,10.0;10.0,10.0,0.0,0.0::-718.255,174.3276440355918
-718.255
10.0,10.0,0.0,0.0;0.0,0.0,0.0,10.0::-1702.115,147.9791176990862
-1702.115
0.0,0.0,0.0,10.0;10.0,10.0,0.0,10.0::-976.445,174.54281559262185
-976.445
10.0,10.0,0.0,10.0;0.0,0.0,0.0,10.0::-893.965,158.95462017506756
-893.965
0.0,0.0,0.0,10.0;10.0,10.0,10.0,0.0::-642.095,392.0800536561379
-642.095
10.0,10.0,10.0,0.0;0.0,0.0,0.0,10.0::-1845.775,199.21015755979917
-1845.775
0.0,0.0,0.0,10.0;10.0,10.0,10.0,10.0::-2294.0,212.04126956797822
-2294.0
10.0,10.0,10.0,10.0;0.0,0.0,0.0,10.0::-1963.06,175.67559989935992
-1963.06
0.0,0.0,10.0,0.0;0.0,0.0,10.0,0.0::-847.745,253.1075709555129
-847.745
0.0,0.0,10.0,0.0;0.0,0.0,10.0,0.0::-818.185,170.20961569488372
-818.185
0.0,0.0,10.0,0.0;0.0,0.0,10.0,10.0::-2539.06,78.08464253616074
-2539.06
0.0,0.0,10.0,10.0;0.0,0.0,10.0,0.0::-971.24,122.87512929799911
-971.24
0.0,0.0,10.0,0.0;0.0,10.0,0.0,0.0::-773.64,142.91285946338067
-773.64
0.0,10.0,0.0,0.0;0.0,0.0,10.0,0.0::-1388.34,447.9206842734549
-1388.34
0.0,0.0,10.0,0.0;0.0,10.0,0.0,10.0::-1010.285,137.19346294557914
-1010.285
0.0,10.0,0.0,10.0;0.0,0.0,10.0,0.0::-645.445,422.7122419270585
-645.445
0.0,0.0,10.0,0.0;0.0,10.0,10.0,0.0::-590.15,179.48001977936147
-590.15
0.0,10.0,10.0,0.0;0.0,0.0,10.0,0.0::-1573.69,423.62450814370976
-1573.69
0.0,0.0,10.0,0.0;0.0,10.0,10.0,10.0::-2313.63,136.95542376992591
-2313.63
0.0,10.0,10.0,10.0;0.0,0.0,10.0,0.0::-1683.03,445.4937531548562
-1683.03
0.0,0.0,10.0,0.0;10.0,0.0,0.0,0.0::-1016.715,80.00603899081618
-1016.715
10.0,0.0,0.0,0.0;0.0,0.0,10.0,0.0::-971.235,616.1815416539189
-971.235
0.0,0.0,10.0,0.0;10.0,0.0,0.0,10.0::-1302.675,74.70165242482926
-1302.675
10.0,0.0,0.0,10.0;0.0,0.0,10.0,0.0::-434.235,767.820797631192
-434.235
0.0,0.0,10.0,0.0;10.0,0.0,10.0,0.0::-852.165,142.76612089357897
-852.165
10.0,0.0,10.0,0.0;0.0,0.0,10.0,0.0::-1149.285,685.2496634621575
-1149.285
0.0,0.0,10.0,0.0;10.0,0.0,10.0,10.0::-2576.86,98.59840465240804
-2576.86
10.0,0.0,10.0,10.0;0.0,0.0,10.0,0.0::-1371.92,746.3591887288586
-1371.92
0.0,0.0,10.0,0.0;10.0,10.0,0.0,0.0::-932.41,135.77397357373027
-932.41
10.0,10.0,0.0,0.0;0.0,0.0,10.0,0.0::-979.13,440.87647147472046
-979.13
0.0,0.0,10.0,0.0;10.0,10.0,0.0,10.0::-1160.58,147.2946149728496
-1160.58
10.0,10.0,0.0,10.0;0.0,0.0,10.0,0.0::-219.36,472.1320052697127
-219.36
0.0,0.0,10.0,0.0;10.0,10.0,10.0,0.0::-781.54,231.3981382811884
-781.54
10.0,10.0,10.0,0.0;0.0,0.0,10.0,0.0::-1028.18,419.5881285260583
-1028.18
0.0,0.0,10.0,0.0;10.0,10.0,10.0,10.0::-2467.865,150.22060203247756
-2467.865
10.0,10.0,10.0,10.0;0.0,0.0,10.0,0.0::-1202.845,427.6780254759414
-1202.845
0.0,0.0,10.0,10.0;0.0,0.0,10.0,10.0::-2683.06,87.0690898080369
-2683.06
0.0,0.0,10.0,10.0;0.0,0.0,10.0,10.0::-2685.08,87.35790519466454
-2685.08
0.0,0.0,10.0,10.0;0.0,10.0,0.0,0.0::-1027.585,308.2844713491096
-1027.585
0.0,10.0,0.0,0.0;0.0,0.0,10.0,10.0::-2045.645,312.40275522952743
-2045.645
0.0,0.0,10.0,10.0;0.0,10.0,0.0,10.0::-1209.565,303.52323350116046
-1209.565
0.0,10.0,0.0,10.0;0.0,0.0,10.0,10.0::-1171.385,311.0890616447322
-1171.385
0.0,0.0,10.0,10.0;0.0,10.0,10.0,0.0::-810.425,419.6739471006031
-810.425
0.0,10.0,10.0,0.0;0.0,0.0,10.0,10.0::-2074.585,306.272591452451
-2074.585
0.0,0.0,10.0,10.0;0.0,10.0,10.0,10.0::-2532.615,319.34348165415867
-2532.615
0.0,10.0,10.0,10.0;0.0,0.0,10.0,10.0::-2255.055,313.21478968113877
-2255.055
0.0,0.0,10.0,10.0;10.0,0.0,0.0,0.0::-1119.12,194.13539244558172
-1119.12
10.0,0.0,0.0,0.0;0.0,0.0,10.0,10.0::-2293.98,287.7091666944242
-2293.98
0.0,0.0,10.0,10.0;10.0,0.0,0.0,10.0::-1407.575,155.13828307352122
-1407.575
10.0,0.0,0.0,10.0;0.0,0.0,10.0,10.0::-1542.295,237.02240500636216
-1542.295
0.0,0.0,10.0,10.0;10.0,0.0,10.0,0.0::-972.94,273.49990201095136
-972.94
10.0,0.0,10.0,0.0;0.0,0.0,10.0,10.0::-2430.56,267.491993151197
-2430.56
0.0,0.0,10.0,10.0;10.0,0.0,10.0,10.0::-2681.075,192.72470489016192
-2681.075
10.0,0.0,10.0,10.0;0.0,0.0,10.0,10.0::-2559.535,282.863025641387
-2559.535
0.0,0.0,10.0,10.0;10.0,10.0,0.0,0.0::-1156.2,276.06148771605217
-1156.2
10.0,10.0,0.0,0.0;0.0,0.0,10.0,10.0::-2154.78,278.9970548231647
-2154.78
0.0,0.0,10.0,10.0;10.0,10.0,0.0,10.0::-1378.795,286.39938979509014
-1378.795
10.0,10.0,0.0,10.0;0.0,0.0,10.0,10.0::-1310.375,290.69995162538294
-1310.375
0.0,0.0,10.0,10.0;10.0,10.0,10.0,0.0::-960.81,427.41874537741086
-960.81
10.0,10.0,10.0,0.0;0.0,0.0,10.0,10.0::-2201.25,298.52259127241945
-2201.25
0.0,0.0,10.0,10.0;10.0,10.0,10.0,10.0::-2688.035,297.7989695667196
-2688.035
10.0,10.0,10.0,10.0;0.0,0.0,10.0,10.0::-2396.275,287.00632723861685
-2396.275
0.0,10.0,0.0,0.0;0.0,10.0,0.0,0.0::-839.83,113.58730606894419
-839.83
0.0,10.0,0.0,0.0;0.0,10.0,0.0,0.0::-858.95,67.4215284608707
-858.95
0.0,10.0,0.0,0.0;0.0,10.0,0.0,10.0::-1913.39,278.38129947968844
-1913.39
0.0,10.0,0.0,10.0;0.0,10.0,0.0,0.0::-901.15,315.5810474347281
-901.15
0.0,10.0,0.0,0.0;0.0,10.0,10.0,0.0::-1357.5,486.0078548747952
-1357.5
0.0,10.0,10.0,0.0;0.0,10.0,0.0,0.0::-726.9,153.283511833465
-726.9
0.0,10.0,0.0,0.0;0.0,10.0,10.0,10.0::-2019.105,330.2983522135707
-2019.105
0.0,10.0,10.0,10.0;0.0,10.0,0.0,0.0::-929.265,302.5917088669153
-929.265
0.0,10.0,0.0,0.0;10.0,0.0,0.0,0.0::-579.72,63.91992334163113
-579.72
10.0,0.0,0.0,0.0;0.0,10.0,0.0,0.0::-2095.74,132.7065461836755
-2095.74
0.0,10.0,0.0,0.0;10.0,0.0,0.0,10.0::-1590.41,294.7002322700136
-1590.41
10.0,0.0,0.0,10.0;0.0,10.0,0.0,0.0::-2110.87,355.3456600269658
-2110.87
0.0,10.0,0.0,0.0;10.0,0.0,10.0,0.0::-1208.035,416.01063240619226
-1208.035
10.0,0.0,10.0,0.0;0.0,10.0,0.0,0.0::-1972.595,136.30023285013124
-1972.595
0.0,10.0,0.0,0.0;10.0,0.0,10.0,10.0::-1762.18,320.5952707074763
-1762.18
10.0,0.0,10.0,10.0;0.0,10.0,0.0,0.0::-2215.76,307.75552375221474
-2215.76
0.0,10.0,0.0,0.0;10.0,10.0,0.0,0.0::-766.085,150.38126636985075
-766.085
10.0,10.0,0.0,0.0;0.0,10.0,0.0,0.0::-1448.425,497.350109957764
-1448.425
0.0,10.0,0.0,0.0;10.0,10.0,0.0,10.0::-1847.285,317.88275554833103
-1847.285
10.0,10.0,0.0,10.0;0.0,10.0,0.0,0.0::-1451.485,503.3921654883
-1451.485
0.0,10.0,0.0,0.0;10.0,10.0,10.0,0.0::-1374.055,443.32475621715514
-1374.055
10.0,10.0,10.0,0.0;0.0,10.0,0.0,0.0::-1334.555,513.656027390899
-1334.555
0.0,10.0,0.0,0.0;10.0,10.0,10.0,10.0::-1935.15,345.84127500921574
-1935.15
10.0,10.0,10.0,10.0;0.0,10.0,0.0,0.0::-1515.87,601.8782211544126
-1515.87
0.0,10.0,0.0,10.0;0.0,10.0,0.0,10.0::-1895.085,451.07739942830204
-1895.085
0.0,10.0,0.0,10.0;0.0,10.0,0.0,10.0::-1895.445,451.61411567288286
-1895.445
0.0,10.0,0.0,10.0;0.0,10.0,10.0,0.0::-1396.265,622.299226477906
-1396.265
0.0,10.0,10.0,0.0;0.0,10.0,0.0,10.0::-1768.105,354.5200790857973
-1768.105
0.0,10.0,0.0,10.0;0.0,10.0,10.0,10.0::-2056.91,455.22207426705484
-2056.91
0.0,10.0,10.0,10.0;0.0,10.0,0.0,10.0::-1984.93,428.0695739012526
-1984.93
0.0,10.0,0.0,10.0;10.0,0.0,0.0,0.0::-634.365,61.83590603363067
-634.365
10.0,0.0,0.0,0.0;0.0,10.0,0.0,10.0::-1652.805,100.38856745167749
-1652.805
0.0,10.0,0.0,10.0;10.0,0.0,0.0,10.0::-1673.99,294.5727158105449
-1673.99
10.0,0.0,0.0,10.0;0.0,10.0,0.0,10.0::-1709.17,334.8905434615914
-1709.17
0.0,10.0,0.0,10.0;10.0,0.0,10.0,0.0::-1147.8,483.8330032149523
-1147.8
10.0,0.0,10.0,0.0;0.0,10.0,0.0,10.0::-1544.88,141.61920985516053
-1544.88
0.0,10.0,0.0,10.0;10.0,0.0,10.0,10.0::-1744.71,305.6289922438642
-1744.71
10.0,0.0,10.0,10.0;0.0,10.0,0.0,10.0::-1698.33,291.4629240572461
-1698.33
0.0,10.0,0.0,10.0;10.0,10.0,0.0,0.0::-678.975,175.85780299719428
-678.975
10.0,10.0,0.0,0.0;0.0,10.0,0.0,10.0::-1697.535,179.84076644354025
-1697.535
0.0,10.0,0.0,10.0;10.0,10.0,0.0,10.0::-1774.065,356.33765346227443
-1774.065
10.0,10.0,0.0,10.0;0.0,10.0,0.0,10.0::-1794.045,365.86421726509406
-1794.045
0.0,10.0,0.0,10.0;10.0,10.0,10.0,0.0::-1355.115,478.1753488784214
-1355.115
10.0,10.0,10.0,0.0;0.0,10.0,0.0,10.0::-1625.355,258.99183669567657
-1625.355
0.0,10.0,0.0,10.0;10.0,10.0,10.0,10.0::-1910.58,392.02552034274504
-1910.58
10.0,10.0,10.0,10.0;0.0,10.0,0.0,10.0::-1859.22,369.767895577753
-1859.22
0.0,10.0,10.0,0.0;0.0,10.0,10.0,0.0::-1282.36,483.0293266459089
-1282.36
0.0,10.0,10.0,0.0;0.0,10.0,10.0,0.0::-1309.88,470.56426298647034
-1309.88
0.0,10.0,10.0,0.0;0.0,10.0,10.0,10.0::-1923.17,371.8151033780096
-1923.17
0.0,10.0,10.0,10.0;0.0,10.0,10.0,0.0::-1495.87,508.39353172517855
-1495.87
0.0,10.0,10.0,0.0;10.0,0.0,0.0,0.0::-983.885,96.08964187153576
-983.885
10.0,0.0,0.0,0.0;0.0,10.0,10.0,0.0::-1173.265,749.523630231229
-1173.265
0.0,10.0,10.0,0.0;10.0,0.0,0.0,10.0::-1983.115,325.64911219746944
-1983.115
10.0,0.0,0.0,10.0;0.0,10.0,10.0,0.0::-1208.075,865.9449877879078
-1208.075
0.0,10.0,10.0,0.0;10.0,0.0,10.0,0.0::-1587.03,412.15310152903123
-1587.03
10.0,0.0,10.0,0.0;0.0,10.0,10.0,0.0::-909.75,711.0902175533004
-909.75
0.0,10.0,10.0,0.0;10.0,0.0,10.0,10.0::-2174.48,326.66331229570307
-2174.48
10.0,0.0,10.0,10.0;0.0,10.0,10.0,0.0::-1160.38,730.9142806102507
-1160.38
0.0,10.0,10.0,0.0;10.0,10.0,0.0,0.0::-900.41,146.30889207426867
-900.41
10.0,10.0,0.0,0.0;0.0,10.0,10.0,0.0::-917.53,444.47755747619027
-917.53
0.0,10.0,10.0,0.0;10.0,10.0,0.0,10.0::-1939.08,313.88053236860674
-1939.08
10.0,10.0,0.0,10.0;0.0,10.0,10.0,0.0::-986.28,491.067425716673
-986.28
0.0,10.0,10.0,0.0;10.0,10.0,10.0,0.0::-1421.455,491.21035766258024
-1421.455
10.0,10.0,10.0,0.0;0.0,10.0,10.0,0.0::-925.895,470.40180853712707
-925.895
0.0,10.0,10.0,0.0;10.0,10.0,10.0,10.0::-2086.99,341.80908399280435
-2086.99
10.0,10.0,10.0,10.0;0.0,10.0,10.0,0.0::-1091.69,498.7008059949371
-1091.69
0.0,10.0,10.0,10.0;0.0,10.0,10.0,10.0::-2072.35,454.25113923907776
-2072.35
0.0,10.0,10.0,10.0;0.0,10.0,10.0,10.0::-2084.15,458.2124152617431
-2084.15
0.0,10.0,10.0,10.0;10.0,0.0,0.0,0.0::-1090.45,178.26134606245967
-1090.45
10.0,0.0,0.0,0.0;0.0,10.0,10.0,10.0::-2329.85,293.4531095422231
-2329.85
0.0,10.0,10.0,10.0;10.0,0.0,0.0,10.0::-2113.305,311.24479830994767
-2113.305
10.0,0.0,0.0,10.0;0.0,10.0,10.0,10.0::-2358.765,396.84380085242606
-2358.765
0.0,10.0,10.0,10.0;10.0,0.0,10.0,0.0::-1713.07,465.24185656494836
-1713.07
10.0,0.0,10.0,0.0;0.0,10.0,10.0,10.0::-2160.95,276.9932986554007
-2160.95
0.0,10.0,10.0,10.0;10.0,0.0,10.0,10.0::-2240.0,350.6346389049433
-2240.0
10.0,0.0,10.0,10.0;0.0,10.0,10.0,10.0::-2394.22,397.5846596638255
-2394.22
0.0,10.0,10.0,10.0;10.0,10.0,0.0,0.0::-1149.275,249.08780956722876
-1149.275
10.0,10.0,0.0,0.0;0.0,10.0,10.0,10.0::-2182.255,285.18730244349933
-2182.255
0.0,10.0,10.0,10.0;10.0,10.0,0.0,10.0::-2063.275,460.88064276447966
-2063.275
10.0,10.0,0.0,10.0;0.0,10.0,10.0,10.0::-2107.895,494.4463383169098
-2107.895
0.0,10.0,10.0,10.0;10.0,10.0,10.0,0.0::-1686.66,541.9434374545004
-1686.66
10.0,10.0,10.0,0.0;0.0,10.0,10.0,10.0::-2049.12,299.9664824609576
-2049.12
0.0,10.0,10.0,10.0;10.0,10.0,10.0,10.0::-2333.1,447.40092758062076
-2333.1
10.0,10.0,10.0,10.0;0.0,10.0,10.0,10.0::-2292.66,432.77151523638884
-2292.66
10.0,0.0,0.0,0.0;10.0,0.0,0.0,0.0::-1847.41,38.40985420435751
-1847.41
10.0,0.0,0.0,0.0;10.0,0.0,0.0,0.0::-1844.75,42.189127746375604
-1844.75
10.0,0.0,0.0,0.0;10.0,0.0,0.0,10.0::-1391.395,29.8942548828366
-1391.395
10.0,0.0,0.0,10.0;10.0,0.0,0.0,0.0::-1899.215,45.59030900312038
-1899.215
10.0,0.0,0.0,0.0;10.0,0.0,10.0,0.0::-974.685,771.7333239370969
-974.685
10.0,0.0,10.0,0.0;10.0,0.0,0.0,0.0::-2256.945,86.26609690370837
-2256.945
10.0,0.0,0.0,0.0;10.0,0.0,10.0,10.0::-2061.405,240.03322368997175
-2061.405
10.0,0.0,10.0,10.0;10.0,0.0,0.0,0.0::-2371.545,164.1164083052027
-2371.545
10.0,0.0,0.0,0.0;10.0,10.0,0.0,0.0::-2041.89,145.73427153555886
-2041.89
10.0,10.0,0.0,0.0;10.0,0.0,0.0,0.0::-1122.03,506.1290241628116
-1122.03
10.0,0.0,0.0,0.0;10.0,10.0,0.0,10.0::-1574.69,132.68042018323578
-1574.69
10.0,10.0,0.0,10.0;10.0,0.0,0.0,0.0::-1277.89,464.50670382675855
-1277.89
10.0,0.0,0.0,0.0;10.0,10.0,10.0,0.0::-1213.765,801.3336928365113
-1213.765
10.0,10.0,10.0,0.0;10.0,0.0,0.0,0.0::-1500.245,495.601778119288
-1500.245
10.0,0.0,0.0,0.0;10.0,10.0,10.0,10.0::-2238.54,323.4504496827915
-2238.54
10.0,10.0,10.0,10.0;10.0,0.0,0.0,0.0::-1678.2,573.0974131855769
-1678.2
10.0,0.0,0.0,10.0;10.0,0.0,0.0,10.0::-1437.62,26.187890331219883
-1437.62
10.0,0.0,0.0,10.0;10.0,0.0,0.0,10.0::-1438.66,24.998687965571307
-1438.66
10.0,0.0,0.0,10.0;10.0,0.0,10.0,0.0::-844.48,698.0426560031987
-844.48
10.0,0.0,10.0,0.0;10.0,0.0,0.0,10.0::-1793.9,67.70546506745228
-1793.9
10.0,0.0,0.0,10.0;10.0,0.0,10.0,10.0::-2098.49,281.50828566846843
-2098.49
10.0,0.0,10.0,10.0;10.0,0.0,0.0,10.0::-1887.37,183.69354398018453
-1887.37
10.0,0.0,0.0,10.0;10.0,10.0,0.0,0.0::-1996.925,235.63695990866972
-1996.925
10.0,10.0,0.0,0.0;10.0,0.0,0.0,10.0::-1480.945,201.44497877832546
-1480.945
10.0,0.0,0.0,10.0;10.0,10.0,0.0,10.0::-1513.055,208.3159726833255
-1513.055
10.0,10.0,0.0,10.0;10.0,0.0,0.0,10.0::-1504.615,182.91270944086963
-1504.615
10.0,0.0,0.0,10.0;10.0,10.0,10.0,0.0::-949.76,685.5918081482597
-949.76
10.0,10.0,10.0,0.0;10.0,0.0,0.0,10.0::-1881.1,211.55962516510564
-1881.1
10.0,0.0,0.0,10.0;10.0,10.0,10.0,10.0::-2228.06,326.1323755777706
-2228.06
10.0,10.0,10.0,10.0;10.0,0.0,0.0,10.0::-1999.36,253.52613356417518
-1999.36
10.0,0.0,10.0,0.0;10.0,0.0,10.0,0.0::-1259.115,727.144225222892
-1259.115
10.0,0.0,10.0,0.0;10.0,0.0,10.0,0.0::-1332.675,762.6041514934208
-1332.675
10.0,0.0,10.0,0.0;10.0,0.0,10.0,10.0::-2499.64,229.23570926014125
-2499.64
10.0,0.0,10.0,10.0;10.0,0.0,10.0,0.0::-1394.48,727.0579547738955
-1394.48
10.0,0.0,10.0,0.0;10.0,10.0,0.0,0.0::-2136.31,199.23574955313617
-2136.31
10.0,10.0,0.0,0.0;10.0,0.0,10.0,0.0::-746.93,444.27038512599506
-746.93
10.0,0.0,10.0,0.0;10.0,10.0,0.0,10.0::-1709.78,128.16708469806122
-1709.78
10.0,10.0,0.0,10.0;10.0,0.0,10.0,0.0::-703.9,402.2829352582584
-703.9
10.0,0.0,10.0,0.0;10.0,10.0,10.0,0.0::-1066.8,640.419620249099
-1066.8
10.0,10.0,10.0,0.0;10.0,0.0,10.0,0.0::-1083.06,430.06381665980683
-1083.06
10.0,0.0,10.0,0.0;10.0,10.0,10.0,10.0::-2385.195,304.12816290998114
-2385.195
10.0,10.0,10.0,10.0;10.0,0.0,10.0,0.0::-1164.615,418.0857439270083
-1164.615
10.0,0.0,10.0,10.0;10.0,0.0,10.0,10.0::-2526.265,327.0511386236103
-2526.265
10.0,0.0,10.0,10.0;10.0,0.0,10.0,10.0::-2522.765,328.58215452912225
-2522.765
10.0,0.0,10.0,10.0;10.0,10.0,0.0,0.0::-2399.715,270.13073922639757
-2399.715
10.0,10.0,0.0,0.0;10.0,0.0,10.0,10.0::-1921.635,268.7592310507678
-1921.635
10.0,0.0,10.0,10.0;10.0,10.0,0.0,10.0::-1959.715,249.1101990585693
-1959.715
10.0,10.0,0.0,10.0;10.0,0.0,10.0,10.0::-1993.895,260.97942730223
-1993.895
10.0,0.0,10.0,10.0;10.0,10.0,10.0,0.0::-1278.79,734.2547997119256
-1278.79
10.0,10.0,10.0,0.0;10.0,0.0,10.0,10.0::-2268.17,297.1942565057407
-2268.17
10.0,0.0,10.0,10.0;10.0,10.0,10.0,10.0::-2615.62,376.3319951851024
-2615.62
10.0,10.0,10.0,10.0;10.0,0.0,10.0,10.0::-2440.34,323.4499024578614
-2440.34
10.0,10.0,0.0,0.0;10.0,10.0,0.0,0.0::-1329.615,535.695043168219
-1329.615
10.0,10.0,0.0,0.0;10.0,10.0,0.0,0.0::-1357.575,567.5808725415259
-1357.575
10.0,10.0,0.0,0.0;10.0,10.0,0.0,10.0::-1691.5,257.76485408216536
-1691.5
10.0,10.0,0.0,10.0;10.0,10.0,0.0,0.0::-1337.18,576.5653801608279
-1337.18
10.0,10.0,0.0,0.0;10.0,10.0,10.0,0.0::-1003.185,490.87254280006334
-1003.185
10.0,10.0,10.0,0.0;10.0,10.0,0.0,0.0::-1438.965,544.7912685377768
-1438.965
10.0,10.0,0.0,0.0;10.0,10.0,10.0,10.0::-2046.115,306.6052254528615
-2046.115
10.0,10.0,10.0,10.0;10.0,10.0,0.0,0.0::-1644.575,626.5043071480035
-1644.575
10.0,10.0,0.0,10.0;10.0,10.0,0.0,10.0::-1652.85,322.1025651869292
-1652.85
10.0,10.0,0.0,10.0;10.0,10.0,0.0,10.0::-1652.49,320.1578437271216
-1652.49
10.0,10.0,0.0,10.0;10.0,10.0,10.0,0.0::-830.935,495.4495870166814
-830.935
10.0,10.0,10.0,0.0;10.0,10.0,0.0,10.0::-1767.755,238.48749962000105
-1767.755
10.0,10.0,0.0,10.0;10.0,10.0,10.0,10.0::-1965.62,334.569761933143
-1965.62
10.0,10.0,10.0,10.0;10.0,10.0,0.0,10.0::-1940.62,326.76894834117877
-1940.62
10.0,10.0,10.0,0.0;10.0,10.0,10.0,0.0::-1005.035,439.5496516606515
-1005.035
10.0,10.0,10.0,0.0;10.0,10.0,10.0,0.0::-972.715,413.30542734762145
-972.715
10.0,10.0,10.0,0.0;10.0,10.0,10.0,10.0::-2168.57,320.050371191786
-2168.57
10.0,10.0,10.0,10.0;10.0,10.0,10.0,0.0::-1310.35,552.4335276755023
-1310.35
10.0,10.0,10.0,10.0;10.0,10.0,10.0,10.0::-2407.905,405.0098745401154
-2407.905
10.0,10.0,10.0,10.0;10.0,10.0,10.0,10.0::-2414.085,398.62127423784096
-2414.085
