0.0,1.0;0.0,1.0::-3500.0,0.0
-3500.0
0.0,1.0;0.0,1.0::-3500.0,0.0
-3500.0
0.0,1.0;0.0,2.0::-1000.0,0.0
-1000.0
0.0,2.0;0.0,1.0::-3000.0,0.0
-3000.0
0.0,1.0;0.0,3.0::-1000.0,0.0
-1000.0
0.0,3.0;0.0,1.0::-3000.0,0.0
-3000.0
0.0,1.0;0.0,4.0::-1012.5,0.0
-1012.5
0.0,4.0;0.0,1.0::-3002.5,0.0
-3002.5
0.0,1.0;1.0,0.0::-2750.0,0.0
-2750.0
1.0,0.0;0.0,1.0::-2500.0,0.0
-2500.0
0.0,1.0;1.0,1.0::-2750.0,0.0
-2750.0
1.0,1.0;0.0,1.0::-2500.0,0.0
-2500.0
0.0,1.0;1.0,2.0::-250.0,0.0
-250.0
1.0,2.0;0.0,1.0::-2000.0,0.0
-2000.0
0.0,1.0;1.0,3.0::-250.0,0.0
-250.0
1.0,3.0;0.0,1.0::-2000.0,0.0
-2000.0
0.0,1.0;1.0,4.0::-262.5,0.0
-262.5
1.0,4.0;0.0,1.0::-2002.5,0.0
-2002.5
0.0,1.0;2.0,0.0::-2750.0,0.0
-2750.0
2.0,0.0;0.0,1.0::-2500.0,0.0
-2500.0
0.0,1.0;2.0,1.0::-2750.0,0.0
-2750.0
2.0,1.0;0.0,1.0::-2500.0,0.0
-2500.0
0.0,1.0;2.0,2.0::-250.0,0.0
-250.0
2.0,2.0;0.0,1.0::-2000.0,0.0
-2000.0
0.0,1.0;2.0,3.0::-250.0,0.0
-250.0
2.0,3.0;0.0,1.0::-2000.0,0.0
-2000.0
0.0,1.0;2.0,4.0::-262.5,0.0
-262.5
2.0,4.0;0.0,1.0::-2002.5,0.0
-2002.5
0.0,1.0;3.0,0.0::-2000.0,0.0
-2000.0
3.0,0.0;0.0,1.0::-1500.0,0.0
-1500.0
0.0,1.0;3.0,1.0::-2000.0,0.0
-2000.0
3.0,1.0;0.0,1.0::-1500.0,0.0
-1500.0
0.0,1.0;3.0,2.0::500.0,0.0
500.0
3.0,2.0;0.0,1.0::-1000.0,0.0
-1000.0
0.0,1.0;3.0,3.0::500.0,0.0
500.0
3.0,3.0;0.0,1.0::-1000.0,0.0
-1000.0
0.0,1.0;3.0,4.0::487.5,0.0
487.5
3.0,4.0;0.0,1.0::-1002.5,0.0
-1002.5
0.0,1.0;4.0,0.0::-2015.0,0.0
-2015.0
4.0,0.0;0.0,1.0::-1520.0,0.0
-1520.0
0.0,1.0;4.0,1.0::-2015.0,0.0
-2015.0
4.0,1.0;0.0,1.0::-1520.0,0.0
-1520.0
0.0,1.0;4.0,2.0::485.0,0.0
485.0
4.0,2.0;0.0,1.0::-1020.0,0.0
-1020.0
0.0,1.0;4.0,3.0::485.0,0.0
485.0
4.0,3.0;0.0,1.0::-1020.0,0.0
-1020.0
0.0,1.0;4.0,4.0::472.5,0.0
472.5
4.0,4.0;0.0,1.0::-1022.5,0.0
-1022.5
