2.0,4.0;2.0,4.0::-3000.0,0.0
-3000.0
2.0,4.0;2.0,4.0::-3000.0,0.0
-3000.0
2.0,4.0;3.0,0.0::-2507.5,0.0
-2507.5
3.0,0.0;2.0,4.0::-510.0,0.0
-510.0
2.0,4.0;3.0,1.0::-1007.5,0.0
-1007.5
3.0,1.0;2.0,4.0::-760.0,0.0
-760.0
2.0,4.0;3.0,2.0::-1007.5,0.0
-1007.5
3.0,2.0;2.0,4.0::-760.0,0.0
-760.0
2.0,4.0;3.0,3.0::492.5,0.0
492.5
3.0,3.0;2.0,4.0::-1010.0,0.0
-1010.0
2.0,4.0;3.0,4.0::-2507.5,0.0
-2507.5
3.0,4.0;2.0,4.0::-510.0,0.0
-510.0
2.0,4.0;4.0,0.0::-3502.5,0.0
-3502.5
4.0,0.0;2.0,4.0::-12.5,0.0
-12.5
2.0,4.0;4.0,1.0::-2002.5,0.0
-2002.5
4.0,1.0;2.0,4.0::-262.5,0.0
-262.5
2.0,4.0;4.0,2.0::-2002.5,0.0
-2002.5
4.0,2.0;2.0,4.0::-262.5,0.0
-262.5
2.0,4.0;4.0,3.0::-502.5,0.0
-502.5
4.0,3.0;2.0,4.0::-512.5,0.0
-512.5
2.0,4.0;4.0,4.0::-3502.5,0.0
-3502.5
4.0,4.0;2.0,4.0::-12.5,0.0
-12.5
