0.0,4.0;0.0,4.0::-515.0,0.0
-515.0
0.0,4.0;0.0,4.0::-515.0,0.0
-515.0
0.0,4.0;1.0,0.0::-2007.5,0.0
-2007.5
1.0,0.0;0.0,4.0::-1510.0,0.0
-1510.0
0.0,4.0;1.0,1.0::-2007.5,0.0
-2007.5
1.0,1.0;0.0,4.0::-1510.0,0.0
-1510.0
0.0,4.0;1.0,2.0::492.5,0.0
492.5
1.0,2.0;0.0,4.0::-1010.0,0.0
-1010.0
0.0,4.0;1.0,3.0::492.5,0.0
492.5
1.0,3.0;0.0,4.0::-1010.0,0.0
-1010.0
0.0,4.0;1.0,4.0::480.0,0.0
480.0
1.0,4.0;0.0,4.0::-1012.5,0.0
-1012.5
0.0,4.0;2.0,0.0::-2500.0,0.0
-2500.0
2.0,0.0;0.0,4.0::-4000.0,0.0
-4000.0
0.0,4.0;2.0,1.0::-2500.0,0.0
-2500.0
2.0,1.0;0.0,4.0::-4000.0,0.0
-4000.0
0.0,4.0;2.0,2.0::0.0,0.0
0.0
2.0,2.0;0.0,4.0::-3500.0,0.0
-3500.0
0.0,4.0;2.0,3.0::0.0,0.0
0.0
2.0,3.0;0.0,4.0::-3500.0,0.0
-3500.0
0.0,4.0;2.0,4.0::-12.5,0.0
-12.5
2.0,4.0;0.0,4.0::-3502.5,0.0
-3502.5
0.0,4.0;3.0,0.0::-2007.5,0.0
-2007.5
3.0,0.0;0.0,4.0::-1510.0,0.0
-1510.0
0.0,4.0;3.0,1.0::-2007.5,0.0
-2007.5
3.0,1.0;0.0,4.0::-1510.0,0.0
-1510.0
0.0,4.0;3.0,2.0::492.5,0.0
492.5
3.0,2.0;0.0,4.0::-1010.0,0.0
-1010.0
0.0,4.0;3.0,3.0::492.5,0.0
492.5
3.0,3.0;0.0,4.0::-1010.0,0.0
-1010.0
0.0,4.0;3.0,4.0::480.0,0.0
480.0
3.0,4.0;0.0,4.0::-1012.5,0.0
-1012.5
0.0,4.0;4.0,0.0::-3002.5,0.0
-3002.5
4.0,0.0;0.0,4.0::-1012.5,0.0
-1012.5
0.0,4.0;4.0,1.0::-3002.5,0.0
-3002.5
4.0,1.0;0.0,4.0::-1012.5,0.0
-1012.5
0.0,4.0;4.0,2.0::-502.5,0.0
-502.5
4.0,2.0;0.0,4.0::-512.5,0.0
-512.5
0.0,4.0;4.0,3.0::-502.5,0.0
-502.5
4.0,3.0;0.0,4.0::-512.5,0.0
-512.5
0.0,4.0;4.0,4.0::-515.0,0.0
-515.0
4.0,4.0;0.0,4.0::-515.0,0.0
-515.0
