0.0,0.0;0.0,0.0::-7500.0,0.0
-7500.0
0.0,0.0;0.0,0.0::-7500.0,0.0
-7500.0
0.0,0.0;0.0,1.0::-7500.0,0.0
-7500.0
0.0,1.0;0.0,0.0::-7500.0,0.0
-7500.0
0.0,0.0;0.0,2.0::-5000.0,0.0
-5000.0
0.0,2.0;0.0,0.0::-2500.0,0.0
-2500.0
0.0,0.0;0.0,3.0::-5000.0,0.0
-5000.0
0.0,3.0;0.0,0.0::-2500.0,0.0
-2500.0
0.0,0.0;0.0,4.0::-5012.5,0.0
-5012.5
0.0,4.0;0.0,0.0::-2525.0,0.0
-2525.0
0.0,0.0;1.0,0.0::-7500.0,0.0
-7500.0
1.0,0.0;0.0,0.0::-7500.0,0.0
-7500.0
0.0,0.0;1.0,1.0::-7500.0,0.0
-7500.0
1.0,1.0;0.0,0.0::-7500.0,0.0
-7500.0
0.0,0.0;1.0,2.0::-5000.0,0.0
-5000.0
1.0,2.0;0.0,0.0::-2500.0,0.0
-2500.0
0.0,0.0;1.0,3.0::-5000.0,0.0
-5000.0
1.0,3.0;0.0,0.0::-2500.0,0.0
-2500.0
0.0,0.0;1.0,4.0::-5012.5,0.0
-5012.5
1.0,4.0;0.0,0.0::-2525.0,0.0
-2525.0
0.0,0.0;2.0,0.0::-6500.0,0.0
-6500.0
2.0,0.0;0.0,0.0::-8500.0,0.0
-8500.0
0.0,0.0;2.0,1.0::-6500.0,0.0
-6500.0
2.0,1.0;0.0,0.0::-8500.0,0.0
-8500.0
0.0,0.0;2.0,2.0::-4000.0,0.0
-4000.0
2.0,2.0;0.0,0.0::-3500.0,0.0
-3500.0
0.0,0.0;2.0,3.0::-4000.0,0.0
-4000.0
2.0,3.0;0.0,0.0::-3500.0,0.0
-3500.0
0.0,0.0;2.0,4.0::-4012.5,0.0
-4012.5
2.0,4.0;0.0,0.0::-3525.0,0.0
-3525.0
0.0,0.0;3.0,0.0::-6500.0,0.0
-6500.0
3.0,0.0;0.0,0.0::-8500.0,0.0
-8500.0
0.0,0.0;3.0,1.0::-6500.0,0.0
-6500.0
3.0,1.0;0.0,0.0::-8500.0,0.0
-8500.0
0.0,0.0;3.0,2.0::-4000.0,0.0
-4000.0
3.0,2.0;0.0,0.0::-3500.0,0.0
-3500.0
0.0,0.0;3.0,3.0::-4000.0,0.0
-4000.0
3.0,3.0;0.0,0.0::-3500.0,0.0
-3500.0
0.0,0.0;3.0,4.0::-4012.5,0.0
-4012.5
3.0,4.0;0.0,0.0::-3525.0,0.0
-3525.0
0.0,0.0;4.0,0.0::-1560.0,0.0
-1560.0
4.0,0.0;0.0,0.0::-6015.0,0.0
-6015.0
0.0,0.0;4.0,1.0::-1560.0,0.0
-1560.0
4.0,1.0;0.0,0.0::-6015.0,0.0
-6015.0
0.0,0.0;4.0,2.0::940.0,0.0
940.0
4.0,2.0;0.0,0.0::-1015.0,0.0
-1015.0
0.0,0.0;4.0,3.0::940.0,0.0
940.0
4.0,3.0;0.0,0.0::-1015.0,0.0
-1015.0
0.0,0.0;4.0,4.0::927.5,0.0
927.5
4.0,4.0;0.0,0.0::-1040.0,0.0
-1040.0
