2.0,0.0;2.0,0.0::-7500.0,0.0
-7500.0
2.0,0.0;2.0,0.0::-7500.0,0.0
-7500.0
2.0,0.0;2.0,1.0::-5750.0,0.0
-5750.0
2.0,1.0;2.0,0.0::-5500.0,0.0
-5500.0
2.0,0.0;2.0,2.0::-5750.0,0.0
-5750.0
2.0,2.0;2.0,0.0::-5500.0,0.0
-5500.0
2.0,0.0;2.0,3.0::-4000.0,0.0
-4000.0
2.0,3.0;2.0,0.0::-3500.0,0.0
-3500.0
2.0,0.0;2.0,4.0::-4000.0,0.0
-4000.0
2.0,4.0;2.0,0.0::-3500.0,0.0
-3500.0
2.0,0.0;3.0,0.0::-7500.0,0.0
-7500.0
3.0,0.0;2.0,0.0::-7500.0,0.0
-7500.0
2.0,0.0;3.0,1.0::-5750.0,0.0
-5750.0
3.0,1.0;2.0,0.0::-5500.0,0.0
-5500.0
2.0,0.0;3.0,2.0::-5750.0,0.0
-5750.0
3.0,2.0;2.0,0.0::-5500.0,0.0
-5500.0
2.0,0.0;3.0,3.0::-4000.0,0.0
-4000.0
3.0,3.0;2.0,0.0::-3500.0,0.0
-3500.0
2.0,0.0;3.0,4.0::-4000.0,0.0
-4000.0
3.0,4.0;2.0,0.0::-3500.0,0.0
-3500.0
2.0,0.0;4.0,0.0::-2560.0,0.0
-2560.0
4.0,0.0;2.0,0.0::-5015.0,0.0
-5015.0
2.0,0.0;4.0,1.0::-810.0,0.0
-810.0
4.0,1.0;2.0,0.0::-3015.0,0.0
-3015.0
2.0,0.0;4.0,2.0::-810.0,0.0
-810.0
4.0,2.0;2.0,0.0::-3015.0,0.0
-3015.0
2.0,0.0;4.0,3.0::940.0,0.0
940.0
4.0,3.0;2.0,0.0::-1015.0,0.0
-1015.0
2.0,0.0;4.0,4.0::940.0,0.0
940.0
4.0,4.0;2.0,0.0::-1015.0,0.0
-1015.0
