2.0,4.0;2.0,4.0::0.0,0.0
0.0
2.0,4.0;2.0,4.0::0.0,0.0
0.0
2.0,4.0;3.0,0.0::-2530.0,0.0
-2530.0
3.0,0.0;2.0,4.0::-5007.5,0.0
-5007.5
2.0,4.0;3.0,1.0::-780.0,0.0
-780.0
3.0,1.0;2.0,4.0::-3007.5,0.0
-3007.5
2.0,4.0;3.0,2.0::-780.0,0.0
-780.0
3.0,2.0;2.0,4.0::-3007.5,0.0
-3007.5
2.0,4.0;3.0,3.0::970.0,0.0
970.0
3.0,3.0;2.0,4.0::-1007.5,0.0
-1007.5
2.0,4.0;3.0,4.0::970.0,0.0
970.0
3.0,4.0;2.0,4.0::-1007.5,0.0
-1007.5
2.0,4.0;4.0,0.0::-3525.0,0.0
-3525.0
4.0,0.0;2.0,4.0::-4012.5,0.0
-4012.5
2.0,4.0;4.0,1.0::-1775.0,0.0
-1775.0
4.0,1.0;2.0,4.0::-2012.5,0.0
-2012.5
2.0,4.0;4.0,2.0::-1775.0,0.0
-1775.0
4.0,2.0;2.0,4.0::-2012.5,0.0
-2012.5
2.0,4.0;4.0,3.0::-25.0,0.0
-25.0
4.0,3.0;2.0,4.0::-12.5,0.0
-12.5
2.0,4.0;4.0,4.0::-25.0,0.0
-25.0
4.0,4.0;2.0,4.0::-12.5,0.0
-12.5
