3.0,1.0;3.0,1.0::0.0,0.0
0.0
3.0,1.0;3.0,1.0::0.0,0.0
0.0
3.0,1.0;3.0,2.0::-2500.0,0.0
-2500.0
3.0,2.0;3.0,1.0::-5000.0,0.0
-5000.0
3.0,1.0;3.0,3.0::0.0,0.0
0.0
3.0,3.0;3.0,1.0::0.0,0.0
0.0
3.0,1.0;3.0,4.0::-7.5,0.0
-7.5
3.0,4.0;3.0,1.0::-30.0,0.0
-30.0
3.0,1.0;4.0,0.0::-2560.0,0.0
-2560.0
4.0,0.0;3.0,1.0::-5015.0,0.0
-5015.0
3.0,1.0;4.0,1.0::-60.0,0.0
-60.0
4.0,1.0;3.0,1.0::-15.0,0.0
-15.0
3.0,1.0;4.0,2.0::-2560.0,0.0
-2560.0
4.0,2.0;3.0,1.0::-5015.0,0.0
-5015.0
3.0,1.0;4.0,3.0::-60.0,0.0
-60.0
4.0,3.0;3.0,1.0::-15.0,0.0
-15.0
3.0,1.0;4.0,4.0::-67.5,0.0
-67.5
4.0,4.0;3.0,1.0::-45.0,0.0
-45.0
