0.0,2.0;0.0,2.0::0.0,0.0
0.0
0.0,2.0;0.0,2.0::0.0,0.0
0.0
0.0,2.0;0.0,3.0::0.0,0.0
0.0
0.0,3.0;0.0,2.0::0.0,0.0
0.0
0.0,2.0;0.0,4.0::-12.5,0.0
-12.5
0.0,4.0;0.0,2.0::-25.0,0.0
-25.0
0.0,2.0;1.0,0.0::-4500.0,0.0
-4500.0
1.0,0.0;0.0,2.0::-6750.0,0.0
-6750.0
0.0,2.0;1.0,1.0::-4500.0,0.0
-4500.0
1.0,1.0;0.0,2.0::-6750.0,0.0
-6750.0
0.0,2.0;1.0,2.0::-2000.0,0.0
-2000.0
1.0,2.0;0.0,2.0::-1750.0,0.0
-1750.0
0.0,2.0;1.0,3.0::-2000.0,0.0
-2000.0
1.0,3.0;0.0,2.0::-1750.0,0.0
-1750.0
0.0,2.0;1.0,4.0::-2012.5,0.0
-2012.5
1.0,4.0;0.0,2.0::-1775.0,0.0
-1775.0
0.0,2.0;2.0,0.0::-4500.0,0.0
-4500.0
2.0,0.0;0.0,2.0::-6750.0,0.0
-6750.0
0.0,2.0;2.0,1.0::-4500.0,0.0
-4500.0
2.0,1.0;0.0,2.0::-6750.0,0.0
-6750.0
0.0,2.0;2.0,2.0::-2000.0,0.0
-2000.0
2.0,2.0;0.0,2.0::-1750.0,0.0
-1750.0
0.0,2.0;2.0,3.0::-2000.0,0.0
-2000.0
2.0,3.0;0.0,2.0::-1750.0,0.0
-1750.0
0.0,2.0;2.0,4.0::-2012.5,0.0
-2012.5
2.0,4.0;0.0,2.0::-1775.0,0.0
-1775.0
0.0,2.0;3.0,0.0::-6500.0,0.0
-6500.0
3.0,0.0;0.0,2.0::-8500.0,0.0
-8500.0
0.0,2.0;3.0,1.0::-6500.0,0.0
-6500.0
3.0,1.0;0.0,2.0::-8500.0,0.0
-8500.0
0.0,2.0;3.0,2.0::-4000.0,0.0
-4000.0
3.0,2.0;0.0,2.0::-3500.0,0.0
-3500.0
0.0,2.0;3.0,3.0::-4000.0,0.0
-4000.0
3.0,3.0;0.0,2.0::-3500.0,0.0
-3500.0
0.0,2.0;3.0,4.0::-4012.5,0.0
-4012.5
3.0,4.0;0.0,2.0::-3525.0,0.0
-3525.0
0.0,2.0;4.0,0.0::-2500.0,0.0
-2500.0
4.0,0.0;0.0,2.0::-5000.0,0.0
-5000.0
0.0,2.0;4.0,1.0::-2500.0,0.0
-2500.0
4.0,1.0;0.0,2.0::-5000.0,0.0
-5000.0
0.0,2.0;4.0,2.0::0.0,0.0
0.0
4.0,2.0;0.0,2.0::0.0,0.0
0.0
0.0,2.0;4.0,3.0::0.0,0.0
0.0
4.0,3.0;0.0,2.0::0.0,0.0
0.0
0.0,2.0;4.0,4.0::-12.5,0.0
-12.5
4.0,4.0;0.0,2.0::-25.0,0.0
-25.0
