0.0,4.0;0.0,4.0::-37.5,0.0
-37.5
0.0,4.0;0.0,4.0::-37.5,0.0
-37.5
0.0,4.0;1.0,0.0::-1530.0,0.0
-1530.0
1.0,0.0;0.0,4.0::-6007.5,0.0
-6007.5
0.0,4.0;1.0,1.0::-1530.0,0.0
-1530.0
1.0,1.0;0.0,4.0::-6007.5,0.0
-6007.5
0.0,4.0;1.0,2.0::970.0,0.0
970.0
1.0,2.0;0.0,4.0::-1007.5,0.0
-1007.5
0.0,4.0;1.0,3.0::970.0,0.0
970.0
1.0,3.0;0.0,4.0::-1007.5,0.0
-1007.5
0.0,4.0;1.0,4.0::957.5,0.0
957.5
1.0,4.0;0.0,4.0::-1032.5,0.0
-1032.5
0.0,4.0;2.0,0.0::-2500.0,0.0
-2500.0
2.0,0.0;0.0,4.0::-5000.0,0.0
-5000.0
0.0,4.0;2.0,1.0::-2500.0,0.0
-2500.0
2.0,1.0;0.0,4.0::-5000.0,0.0
-5000.0
0.0,4.0;2.0,2.0::0.0,0.0
0.0
2.0,2.0;0.0,4.0::0.0,0.0
0.0
0.0,4.0;2.0,3.0::0.0,0.0
0.0
2.0,3.0;0.0,4.0::0.0,0.0
0.0
0.0,4.0;2.0,4.0::-12.5,0.0
-12.5
2.0,4.0;0.0,4.0::-25.0,0.0
-25.0
0.0,4.0;3.0,0.0::-1530.0,0.0
-1530.0
3.0,0.0;0.0,4.0::-6007.5,0.0
-6007.5
0.0,4.0;3.0,1.0::-1530.0,0.0
-1530.0
3.0,1.0;0.0,4.0::-6007.5,0.0
-6007.5
0.0,4.0;3.0,2.0::970.0,0.0
970.0
3.0,2.0;0.0,4.0::-1007.5,0.0
-1007.5
0.0,4.0;3.0,3.0::970.0,0.0
970.0
3.0,3.0;0.0,4.0::-1007.5,0.0
-1007.5
0.0,4.0;3.0,4.0::957.5,0.0
957.5
3.0,4.0;0.0,4.0::-1032.5,0.0
-1032.5
0.0,4.0;4.0,0.0::-2525.0,0.0
-2525.0
4.0,0.0;0.0,4.0::-5012.5,0.0
-5012.5
0.0,4.0;4.0,1.0::-2525.0,0.0
-2525.0
4.0,1.0;0.0,4.0::-5012.5,0.0
-5012.5
0.0,4.0;4.0,2.0::-25.0,0.0
-25.0
4.0,2.0;0.0,4.0::-12.5,0.0
-12.5
0.0,4.0;4.0,3.0::-25.0,0.0
-25.0
4.0,3.0;0.0,4.0::-12.5,0.0
-12.5
0.0,4.0;4.0,4.0::-37.5,0.0
-37.5
4.0,4.0;0.0,4.0::-37.5,0.0
-37.5
