1.0,0.0;1.0,0.0::-7500.0,0.0
-7500.0
1.0,0.0;1.0,0.0::-7500.0,0.0
-7500.0
1.0,0.0;1.0,1.0::-6750.0,0.0
-6750.0
1.0,1.0;1.0,0.0::-4500.0,0.0
-4500.0
1.0,0.0;1.0,2.0::-6750.0,0.0
-6750.0
1.0,2.0;1.0,0.0::-4500.0,0.0
-4500.0
1.0,0.0;1.0,3.0::-6000.0,0.0
-6000.0
1.0,3.0;1.0,0.0::-1500.0,0.0
-1500.0
1.0,0.0;1.0,4.0::-6007.5,0.0
-6007.5
1.0,4.0;1.0,0.0::-1530.0,0.0
-1530.0
1.0,0.0;2.0,0.0::-6500.0,0.0
-6500.0
2.0,0.0;1.0,0.0::-8500.0,0.0
-8500.0
1.0,0.0;2.0,1.0::-5750.0,0.0
-5750.0
2.0,1.0;1.0,0.0::-5500.0,0.0
-5500.0
1.0,0.0;2.0,2.0::-5750.0,0.0
-5750.0
2.0,2.0;1.0,0.0::-5500.0,0.0
-5500.0
1.0,0.0;2.0,3.0::-5000.0,0.0
-5000.0
2.0,3.0;1.0,0.0::-2500.0,0.0
-2500.0
1.0,0.0;2.0,4.0::-5007.5,0.0
-5007.5
2.0,4.0;1.0,0.0::-2530.0,0.0
-2530.0
1.0,0.0;3.0,0.0::-6500.0,0.0
-6500.0
3.0,0.0;1.0,0.0::-8500.0,0.0
-8500.0
1.0,0.0;3.0,1.0::-5750.0,0.0
-5750.0
3.0,1.0;1.0,0.0::-5500.0,0.0
-5500.0
1.0,0.0;3.0,2.0::-5750.0,0.0
-5750.0
3.0,2.0;1.0,0.0::-5500.0,0.0
-5500.0
1.0,0.0;3.0,3.0::-5000.0,0.0
-5000.0
3.0,3.0;1.0,0.0::-2500.0,0.0
-2500.0
1.0,0.0;3.0,4.0::-5007.5,0.0
-5007.5
3.0,4.0;1.0,0.0::-2530.0,0.0
-2530.0
1.0,0.0;4.0,0.0::-1560.0,0.0
-1560.0
4.0,0.0;1.0,0.0::-6015.0,0.0
-6015.0
1.0,0.0;4.0,1.0::-810.0,0.0
-810.0
4.0,1.0;1.0,0.0::-3015.0,0.0
-3015.0
1.0,0.0;4.0,2.0::-810.0,0.0
-810.0
4.0,2.0;1.0,0.0::-3015.0,0.0
-3015.0
1.0,0.0;4.0,3.0::-60.0,0.0
-60.0
4.0,3.0;1.0,0.0::-15.0,0.0
-15.0
1.0,0.0;4.0,4.0::-67.5,0.0
-67.5
4.0,4.0;1.0,0.0::-45.0,0.0
-45.0
