1.0,4.0;1.0,4.0::-37.5,0.0
-37.5
1.0,4.0;1.0,4.0::-37.5,0.0
-37.5
1.0,4.0;2.0,0.0::-2500.0,0.0
-2500.0
2.0,0.0;1.0,4.0::-5000.0,0.0
-5000.0
1.0,4.0;2.0,1.0::-1750.0,0.0
-1750.0
2.0,1.0;1.0,4.0::-2000.0,0.0
-2000.0
1.0,4.0;2.0,2.0::-1750.0,0.0
-1750.0
2.0,2.0;1.0,4.0::-2000.0,0.0
-2000.0
1.0,4.0;2.0,3.0::-1000.0,0.0
-1000.0
2.0,3.0;1.0,4.0::1000.0,0.0
1000.0
1.0,4.0;2.0,4.0::-1007.5,0.0
-1007.5
2.0,4.0;1.0,4.0::970.0,0.0
970.0
1.0,4.0;3.0,0.0::-1530.0,0.0
-1530.0
3.0,0.0;1.0,4.0::-6007.5,0.0
-6007.5
1.0,4.0;3.0,1.0::-780.0,0.0
-780.0
3.0,1.0;1.0,4.0::-3007.5,0.0
-3007.5
1.0,4.0;3.0,2.0::-780.0,0.0
-780.0
3.0,2.0;1.0,4.0::-3007.5,0.0
-3007.5
1.0,4.0;3.0,3.0::-30.0,0.0
-30.0
3.0,3.0;1.0,4.0::-7.5,0.0
-7.5
1.0,4.0;3.0,4.0::-37.5,0.0
-37.5
3.0,4.0;1.0,4.0::-37.5,0.0
-37.5
1.0,4.0;4.0,0.0::-2525.0,0.0
-2525.0
4.0,0.0;1.0,4.0::-5012.5,0.0
-5012.5
1.0,4.0;4.0,1.0::-1775.0,0.0
-1775.0
4.0,1.0;1.0,4.0::-2012.5,0.0
-2012.5
1.0,4.0;4.0,2.0::-1775.0,0.0
-1775.0
4.0,2.0;1.0,4.0::-2012.5,0.0
-2012.5
1.0,4.0;4.0,3.0::-1025.0,0.0
-1025.0
4.0,3.0;1.0,4.0::987.5,0.0
987.5
1.0,4.0;4.0,4.0::-1032.5,0.0
-1032.5
4.0,4.0;1.0,4.0::957.5,0.0
957.5
