0.0,0.0;0.0,0.0::-7500.0,0.0
-7500.0
0.0,0.0;0.0,0.0::-7500.0,0.0
-7500.0
0.0,0.0;0.0,1.0::-7500.0,0.0
-7500.0
0.0,1.0;0.0,0.0::-7500.0,0.0
-7500.0
0.0,0.0;0.0,2.0::-5000.0,0.0
-5000.0
0.0,2.0;0.0,0.0::-2500.0,0.0
-2500.0
0.0,0.0;0.0,3.0::-5000.0,0.0
-5000.0
0.0,3.0;0.0,0.0::-2500.0,0.0
-2500.0
0.0,0.0;0.0,4.0::-5012.5,0.0
-5012.5
0.0,4.0;0.0,0.0::-2525.0,0.0
-2525.0
0.0,0.0;1.0,0.0::-7500.0,0.0
-7500.0
1.0,0.0;0.0,0.0::-7500.0,0.0
-7500.0
0.0,0.0;1.0,1.0::-7500.0,0.0
-7500.0
1.0,1.0;0.0,0.0::-7500.0,0.0
-7500.0
0.0,0.0;1.0,2.0::-5000.0,0.0
-5000.0
1.0,2.0;0.0,0.0::-2500.0,0.0
-2500.0
0.0,0.0;1.0,3.0::-5000.0,0.0
-5000.0
1.0,3.0;0.0,0.0::-2500.0,0.0
-2500.0
0.0,0.0;1.0,4.0::-5012.5,0.0
-5012.5
1.0,4.0;0.0,0.0::-2525.0,0.0
-2525.0
0.0,0.0;2.0,0.0::-6500.0,0.0
-6500.0
2.0,0.0;0.0,0.0::-8500.0,0.0
-8500.0
0.0,0.0;2.0,1.0::-6500.0,0.0
-6500.0
2.0,1.0;0.0,0.0::-8500.0,0.0
-8500.0
0.0,0.0;2.0,2.0::-4000.0,0.0
-4000.0
2.0,2.0;0.0,0.0::-3500.0,0.0
-3500.0
0.0,0.0;2.0,3.0::-4000.0,0.0
-4000.0
2.0,3.0;0.0,0.0::-3500.0,0.0
-3500.0
0.0,0.0;2.0,4.0::-4012.5,0.0
-4012.5
2.0,4.0;0.0,0.0::-3525.0,0.0
-3525.0
0.0,0.0;3.0,0.0::-6500.0,0.0
-6500.0
3.0,0.0;0.0,0.0::-8500.0,0.0
-8500.0
0.0,0.0;3.0,1.0::-6500.0,0.0
-6500.0
3.0,1.0;0.0,0.0::-8500.0,0.0
-8500.0
0.0,0.0;3.0,2.0::-4000.0,0.0
-4000.0
3.0,2.0;0.0,0.0::-3500.0,0.0
-3500.0
0.0,0.0;3.0,3.0::-4000.0,0.0
-4000.0
3.0,3.0;0.0,0.0::-3500.0,0.0
-3500.0
0.0,0.0;3.0,4.0::-4012.5,0.0
-4012.5
3.0,4.0;0.0,0.0::-3525.0,0.0
-3525.0
0.0,0.0;4.0,0.0::-1560.0,0.0
-1560.0
4.0,0.0;0.0,0.0::-6015.0,0.0
-6015.0
0.0,0.0;4.0,1.0::-1560.0,0.0
-1560.0
4.0,1.0;0.0,0.0::-6015.0,0.0
-6015.0
0.0,0.0;4.0,2.0::940.0,0.0
940.0
4.0,2.0;0.0,0.0::-1015.0,0.0
-1015.0
0.0,0.0;4.0,3.0::940.0,0.0
940.0
4.0,3.0;0.0,0.0::-1015.0,0.0
-1015.0
0.0,0.0;4.0,4.0::927.5,0.0
927.5
4.0,4.0;0.0,0.0::-1040.0,0.0
-1040.0
0.0,1.0;0.0,1.0::-7500.0,0.0
-7500.0
0.0,1.0;0.0,1.0::-7500.0,0.0
-7500.0
0.0,1.0;0.0,2.0::-5000.0,0.0
-5000.0
0.0,2.0;0.0,1.0::-2500.0,0.0
-2500.0
0.0,1.0;0.0,3.0::-5000.0,0.0
-5000.0
0.0,3.0;0.0,1.0::-2500.0,0.0
-2500.0
0.0,1.0;0.0,4.0::-5012.5,0.0
-5012.5
0.0,4.0;0.0,1.0::-2525.0,0.0
-2525.0
0.0,1.0;1.0,0.0::-4500.0,0.0
-4500.0
1.0,0.0;0.0,1.0::-6750.0,0.0
-6750.0
0.0,1.0;1.0,1.0::-4500.0,0.0
-4500.0
1.0,1.0;0.0,1.0::-6750.0,0.0
-6750.0
0.0,1.0;1.0,2.0::-2000.0,0.0
-2000.0
1.0,2.0;0.0,1.0::-1750.0,0.0
-1750.0
0.0,1.0;1.0,3.0::-2000.0,0.0
-2000.0
1.0,3.0;0.0,1.0::-1750.0,0.0
-1750.0
0.0,1.0;1.0,4.0::-2012.5,0.0
-2012.5
1.0,4.0;0.0,1.0::-1775.0,0.0
-1775.0
0.0,1.0;2.0,0.0::-4500.0,0.0
-4500.0
2.0,0.0;0.0,1.0::-6750.0,0.0
-6750.0
0.0,1.0;2.0,1.0::-4500.0,0.0
-4500.0
2.0,1.0;0.0,1.0::-6750.0,0.0
-6750.0
0.0,1.0;2.0,2.0::-2000.0,0.0
-2000.0
2.0,2.0;0.0,1.0::-1750.0,0.0
-1750.0
0.0,1.0;2.0,3.0::-2000.0,0.0
-2000.0
2.0,3.0;0.0,1.0::-1750.0,0.0
-1750.0
0.0,1.0;2.0,4.0::-2012.5,0.0
-2012.5
2.0,4.0;0.0,1.0::-1775.0,0.0
-1775.0
0.0,1.0;3.0,0.0::-1500.0,0.0
-1500.0
3.0,0.0;0.0,1.0::-6000.0,0.0
-6000.0
0.0,1.0;3.0,1.0::-1500.0,0.0
-1500.0
3.0,1.0;0.0,1.0::-6000.0,0.0
-6000.0
0.0,1.0;3.0,2.0::1000.0,0.0
1000.0
3.0,2.0;0.0,1.0::-1000.0,0.0
-1000.0
0.0,1.0;3.0,3.0::1000.0,0.0
1000.0
3.0,3.0;0.0,1.0::-1000.0,0.0
-1000.0
0.0,1.0;3.0,4.0::987.5,0.0
987.5
3.0,4.0;0.0,1.0::-1025.0,0.0
-1025.0
0.0,1.0;4.0,0.0::-1560.0,0.0
-1560.0
4.0,0.0;0.0,1.0::-6015.0,0.0
-6015.0
0.0,1.0;4.0,1.0::-1560.0,0.0
-1560.0
4.0,1.0;0.0,1.0::-6015.0,0.0
-6015.0
0.0,1.0;4.0,2.0::940.0,0.0
940.0
4.0,2.0;0.0,1.0::-1015.0,0.0
-1015.0
0.0,1.0;4.0,3.0::940.0,0.0
940.0
4.0,3.0;0.0,1.0::-1015.0,0.0
-1015.0
0.0,1.0;4.0,4.0::927.5,0.0
927.5
4.0,4.0;0.0,1.0::-1040.0,0.0
-1040.0
0.0,2.0;0.0,2.0::0.0,0.0
0.0
0.0,2.0;0.0,2.0::0.0,0.0
0.0
0.0,2.0;0.0,3.0::0.0,0.0
0.0
0.0,3.0;0.0,2.0::0.0,0.0
0.0
0.0,2.0;0.0,4.0::-12.5,0.0
-12.5
0.0,4.0;0.0,2.0::-25.0,0.0
-25.0
0.0,2.0;1.0,0.0::-4500.0,0.0
-4500.0
1.0,0.0;0.0,2.0::-6750.0,0.0
-6750.0
0.0,2.0;1.0,1.0::-4500.0,0.0
-4500.0
1.0,1.0;0.0,2.0::-6750.0,0.0
-6750.0
0.0,2.0;1.0,2.0::-2000.0,0.0
-2000.0
1.0,2.0;0.0,2.0::-1750.0,0.0
-1750.0
0.0,2.0;1.0,3.0::-2000.0,0.0
-2000.0
1.0,3.0;0.0,2.0::-1750.0,0.0
-1750.0
0.0,2.0;1.0,4.0::-2012.5,0.0
-2012.5
1.0,4.0;0.0,2.0::-1775.0,0.0
-1775.0
0.0,2.0;2.0,0.0::-4500.0,0.0
-4500.0
2.0,0.0;0.0,2.0::-6750.0,0.0
-6750.0
0.0,2.0;2.0,1.0::-4500.0,0.0
-4500.0
2.0,1.0;0.0,2.0::-6750.0,0.0
-6750.0
0.0,2.0;2.0,2.0::-2000.0,0.0
-2000.0
2.0,2.0;0.0,2.0::-1750.0,0.0
-1750.0
0.0,2.0;2.0,3.0::-2000.0,0.0
-2000.0
2.0,3.0;0.0,2.0::-1750.0,0.0
-1750.0
0.0,2.0;2.0,4.0::-2012.5,0.0
-2012.5
2.0,4.0;0.0,2.0::-1775.0,0.0
-1775.0
0.0,2.0;3.0,0.0::-6500.0,0.0
-6500.0
3.0,0.0;0.0,2.0::-8500.0,0.0
-8500.0
0.0,2.0;3.0,1.0::-6500.0,0.0
-6500.0
3.0,1.0;0.0,2.0::-8500.0,0.0
-8500.0
0.0,2.0;3.0,2.0::-4000.0,0.0
-4000.0
3.0,2.0;0.0,2.0::-3500.0,0.0
-3500.0
0.0,2.0;3.0,3.0::-4000.0,0.0
-4000.0
3.0,3.0;0.0,2.0::-3500.0,0.0
-3500.0
0.0,2.0;3.0,4.0::-4012.5,0.0
-4012.5
3.0,4.0;0.0,2.0::-3525.0,0.0
-3525.0
0.0,2.0;4.0,0.0::-2500.0,0.0
-2500.0
4.0,0.0;0.0,2.0::-5000.0,0.0
-5000.0
0.0,2.0;4.0,1.0::-2500.0,0.0
-2500.0
4.0,1.0;0.0,2.0::-5000.0,0.0
-5000.0
0.0,2.0;4.0,2.0::0.0,0.0
0.0
4.0,2.0;0.0,2.0::0.0,0.0
0.0
0.0,2.0;4.0,3.0::0.0,0.0
0.0
4.0,3.0;0.0,2.0::0.0,0.0
0.0
0.0,2.0;4.0,4.0::-12.5,0.0
-12.5
4.0,4.0;0.0,2.0::-25.0,0.0
-25.0
0.0,3.0;0.0,3.0::0.0,0.0
0.0
0.0,3.0;0.0,3.0::0.0,0.0
0.0
0.0,3.0;0.0,4.0::-12.5,0.0
-12.5
0.0,4.0;0.0,3.0::-25.0,0.0
-25.0
0.0,3.0;1.0,0.0::-1500.0,0.0
-1500.0
1.0,0.0;0.0,3.0::-6000.0,0.0
-6000.0
0.0,3.0;1.0,1.0::-1500.0,0.0
-1500.0
1.0,1.0;0.0,3.0::-6000.0,0.0
-6000.0
0.0,3.0;1.0,2.0::1000.0,0.0
1000.0
1.0,2.0;0.0,3.0::-1000.0,0.0
-1000.0
0.0,3.0;1.0,3.0::1000.0,0.0
1000.0
1.0,3.0;0.0,3.0::-1000.0,0.0
-1000.0
0.0,3.0;1.0,4.0::987.5,0.0
987.5
1.0,4.0;0.0,3.0::-1025.0,0.0
-1025.0
0.0,3.0;2.0,0.0::-2500.0,0.0
-2500.0
2.0,0.0;0.0,3.0::-5000.0,0.0
-5000.0
0.0,3.0;2.0,1.0::-2500.0,0.0
-2500.0
2.0,1.0;0.0,3.0::-5000.0,0.0
-5000.0
0.0,3.0;2.0,2.0::0.0,0.0
0.0
2.0,2.0;0.0,3.0::0.0,0.0
0.0
0.0,3.0;2.0,3.0::0.0,0.0
0.0
2.0,3.0;0.0,3.0::0.0,0.0
0.0
0.0,3.0;2.0,4.0::-12.5,0.0
-12.5
2.0,4.0;0.0,3.0::-25.0,0.0
-25.0
0.0,3.0;3.0,0.0::-1500.0,0.0
-1500.0
3.0,0.0;0.0,3.0::-6000.0,0.0
-6000.0
0.0,3.0;3.0,1.0::-1500.0,0.0
-1500.0
3.0,1.0;0.0,3.0::-6000.0,0.0
-6000.0
0.0,3.0;3.0,2.0::1000.0,0.0
1000.0
3.0,2.0;0.0,3.0::-1000.0,0.0
-1000.0
0.0,3.0;3.0,3.0::1000.0,0.0
1000.0
3.0,3.0;0.0,3.0::-1000.0,0.0
-1000.0
0.0,3.0;3.0,4.0::987.5,0.0
987.5
3.0,4.0;0.0,3.0::-1025.0,0.0
-1025.0
0.0,3.0;4.0,0.0::-2500.0,0.0
-2500.0
4.0,0.0;0.0,3.0::-5000.0,0.0
-5000.0
0.0,3.0;4.0,1.0::-2500.0,0.0
-2500.0
4.0,1.0;0.0,3.0::-5000.0,0.0
-5000.0
0.0,3.0;4.0,2.0::0.0,0.0
0.0
4.0,2.0;0.0,3.0::0.0,0.0
0.0
0.0,3.0;4.0,3.0::0.0,0.0
0.0
4.0,3.0;0.0,3.0::0.0,0.0
0.0
0.0,3.0;4.0,4.0::-12.5,0.0
-12.5
4.0,4.0;0.0,3.0::-25.0,0.0
-25.0
0.0,4.0;0.0,4.0::-37.5,0.0
-37.5
0.0,4.0;0.0,4.0::-37.5,0.0
-37.5
0.0,4.0;1.0,0.0::-1530.0,0.0
-1530.0
1.0,0.0;0.0,4.0::-6007.5,0.0
-6007.5
0.0,4.0;1.0,1.0::-1530.0,0.0
-1530.0
1.0,1.0;0.0,4.0::-6007.5,0.0
-6007.5
0.0,4.0;1.0,2.0::970.0,0.0
970.0
1.0,2.0;0.0,4.0::-1007.5,0.0
-1007.5
0.0,4.0;1.0,3.0::970.0,0.0
970.0
1.0,3.0;0.0,4.0::-1007.5,0.0
-1007.5
0.0,4.0;1.0,4.0::957.5,0.0
957.5
1.0,4.0;0.0,4.0::-1032.5,0.0
-1032.5
0.0,4.0;2.0,0.0::-2500.0,0.0
-2500.0
2.0,0.0;0.0,4.0::-5000.0,0.0
-5000.0
0.0,4.0;2.0,1.0::-2500.0,0.0
-2500.0
2.0,1.0;0.0,4.0::-5000.0,0.0
-5000.0
0.0,4.0;2.0,2.0::0.0,0.0
0.0
2.0,2.0;0.0,4.0::0.0,0.0
0.0
0.0,4.0;2.0,3.0::0.0,0.0
0.0
2.0,3.0;0.0,4.0::0.0,0.0
0.0
0.0,4.0;2.0,4.0::-12.5,0.0
-12.5
2.0,4.0;0.0,4.0::-25.0,0.0
-25.0
0.0,4.0;3.0,0.0::-1530.0,0.0
-1530.0
3.0,0.0;0.0,4.0::-6007.5,0.0
-6007.5
0.0,4.0;3.0,1.0::-1530.0,0.0
-1530.0
3.0,1.0;0.0,4.0::-6007.5,0.0
-6007.5
0.0,4.0;3.0,2.0::970.0,0.0
970.0
3.0,2.0;0.0,4.0::-1007.5,0.0
-1007.5
0.0,4.0;3.0,3.0::970.0,0.0
970.0
3.0,3.0;0.0,4.0::-1007.5,0.0
-1007.5
0.0,4.0;3.0,4.0::957.5,0.0
957.5
3.0,4.0;0.0,4.0::-1032.5,0.0
-1032.5
0.0,4.0;4.0,0.0::-2525.0,0.0
-2525.0
4.0,0.0;0.0,4.0::-5012.5,0.0
-5012.5
0.0,4.0;4.0,1.0::-2525.0,0.0
-2525.0
4.0,1.0;0.0,4.0::-5012.5,0.0
-5012.5
0.0,4.0;4.0,2.0::-25.0,0.0
-25.0
4.0,2.0;0.0,4.0::-12.5,0.0
-12.5
0.0,4.0;4.0,3.0::-25.0,0.0
-25.0
4.0,3.0;0.0,4.0::-12.5,0.0
-12.5
0.0,4.0;4.0,4.0::-37.5,0.0
-37.5
4.0,4.0;0.0,4.0::-37.5,0.0
-37.5
1.0,0.0;1.0,0.0::-7500.0,0.0
-7500.0
1.0,0.0;1.0,0.0::-7500.0,0.0
-7500.0
1.0,0.0;1.0,1.0::-6750.0,0.0
-6750.0
1.0,1.0;1.0,0.0::-4500.0,0.0
-4500.0
1.0,0.0;1.0,2.0::-6750.0,0.0
-6750.0
1.0,2.0;1.0,0.0::-4500.0,0.0
-4500.0
1.0,0.0;1.0,3.0::-6000.0,0.0
-6000.0
1.0,3.0;1.0,0.0::-1500.0,0.0
-1500.0
1.0,0.0;1.0,4.0::-6007.5,0.0
-6007.5
1.0,4.0;1.0,0.0::-1530.0,0.0
-1530.0
1.0,0.0;2.0,0.0::-6500.0,0.0
-6500.0
2.0,0.0;1.0,0.0::-8500.0,0.0
-8500.0
1.0,0.0;2.0,1.0::-5750.0,0.0
-5750.0
2.0,1.0;1.0,0.0::-5500.0,0.0
-5500.0
1.0,0.0;2.0,2.0::-5750.0,0.0
-5750.0
2.0,2.0;1.0,0.0::-5500.0,0.0
-5500.0
1.0,0.0;2.0,3.0::-5000.0,0.0
-5000.0
2.0,3.0;1.0,0.0::-2500.0,0.0
-2500.0
1.0,0.0;2.0,4.0::-5007.5,0.0
-5007.5
2.0,4.0;1.0,0.0::-2530.0,0.0
-2530.0
1.0,0.0;3.0,0.0::-6500.0,0.0
-6500.0
3.0,0.0;1.0,0.0::-8500.0,0.0
-8500.0
1.0,0.0;3.0,1.0::-5750.0,0.0
-5750.0
3.0,1.0;1.0,0.0::-5500.0,0.0
-5500.0
1.0,0.0;3.0,2.0::-5750.0,0.0
-5750.0
3.0,2.0;1.0,0.0::-5500.0,0.0
-5500.0
1.0,0.0;3.0,3.0::-5000.0,0.0
-5000.0
3.0,3.0;1.0,0.0::-2500.0,0.0
-2500.0
1.0,0.0;3.0,4.0::-5007.5,0.0
-5007.5
3.0,4.0;1.0,0.0::-2530.0,0.0
-2530.0
1.0,0.0;4.0,0.0::-1560.0,0.0
-1560.0
4.0,0.0;1.0,0.0::-6015.0,0.0
-6015.0
1.0,0.0;4.0,1.0::-810.0,0.0
-810.0
4.0,1.0;1.0,0.0::-3015.0,0.0
-3015.0
1.0,0.0;4.0,2.0::-810.0,0.0
-810.0
4.0,2.0;1.0,0.0::-3015.0,0.0
-3015.0
1.0,0.0;4.0,3.0::-60.0,0.0
-60.0
4.0,3.0;1.0,0.0::-15.0,0.0
-15.0
1.0,0.0;4.0,4.0::-67.5,0.0
-67.5
4.0,4.0;1.0,0.0::-45.0,0.0
-45.0
1.0,1.0;1.0,1.0::-3750.0,0.0
-3750.0
1.0,1.0;1.0,1.0::-3750.0,0.0
-3750.0
1.0,1.0;1.0,2.0::-3750.0,0.0
-3750.0
1.0,2.0;1.0,1.0::-3750.0,0.0
-3750.0
1.0,1.0;1.0,3.0::-3000.0,0.0
-3000.0
1.0,3.0;1.0,1.0::-750.0,0.0
-750.0
1.0,1.0;1.0,4.0::-3007.5,0.0
-3007.5
1.0,4.0;1.0,1.0::-780.0,0.0
-780.0
1.0,1.0;2.0,0.0::-4500.0,0.0
-4500.0
2.0,0.0;1.0,1.0::-6750.0,0.0
-6750.0
1.0,1.0;2.0,1.0::-3750.0,0.0
-3750.0
2.0,1.0;1.0,1.0::-3750.0,0.0
-3750.0
1.0,1.0;2.0,2.0::-3750.0,0.0
-3750.0
2.0,2.0;1.0,1.0::-3750.0,0.0
-3750.0
1.0,1.0;2.0,3.0::-3000.0,0.0
-3000.0
2.0,3.0;1.0,1.0::-750.0,0.0
-750.0
1.0,1.0;2.0,4.0::-3007.5,0.0
-3007.5
2.0,4.0;1.0,1.0::-780.0,0.0
-780.0
1.0,1.0;3.0,0.0::-1500.0,0.0
-1500.0
3.0,0.0;1.0,1.0::-6000.0,0.0
-6000.0
1.0,1.0;3.0,1.0::-750.0,0.0
-750.0
3.0,1.0;1.0,1.0::-3000.0,0.0
-3000.0
1.0,1.0;3.0,2.0::-750.0,0.0
-750.0
3.0,2.0;1.0,1.0::-3000.0,0.0
-3000.0
1.0,1.0;3.0,3.0::0.0,0.0
0.0
3.0,3.0;1.0,1.0::0.0,0.0
0.0
1.0,1.0;3.0,4.0::-7.5,0.0
-7.5
3.0,4.0;1.0,1.0::-30.0,0.0
-30.0
1.0,1.0;4.0,0.0::-1560.0,0.0
-1560.0
4.0,0.0;1.0,1.0::-6015.0,0.0
-6015.0
1.0,1.0;4.0,1.0::-810.0,0.0
-810.0
4.0,1.0;1.0,1.0::-3015.0,0.0
-3015.0
1.0,1.0;4.0,2.0::-810.0,0.0
-810.0
4.0,2.0;1.0,1.0::-3015.0,0.0
-3015.0
1.0,1.0;4.0,3.0::-60.0,0.0
-60.0
4.0,3.0;1.0,1.0::-15.0,0.0
-15.0
1.0,1.0;4.0,4.0::-67.5,0.0
-67.5
4.0,4.0;1.0,1.0::-45.0,0.0
-45.0
1.0,2.0;1.0,2.0::-3750.0,0.0
-3750.0
1.0,2.0;1.0,2.0::-3750.0,0.0
-3750.0
1.0,2.0;1.0,3.0::-3000.0,0.0
-3000.0
1.0,3.0;1.0,2.0::-750.0,0.0
-750.0
1.0,2.0;1.0,4.0::-3007.5,0.0
-3007.5
1.0,4.0;1.0,2.0::-780.0,0.0
-780.0
1.0,2.0;2.0,0.0::-4500.0,0.0
-4500.0
2.0,0.0;1.0,2.0::-6750.0,0.0
-6750.0
1.0,2.0;2.0,1.0::-3750.0,0.0
-3750.0
2.0,1.0;1.0,2.0::-3750.0,0.0
-3750.0
1.0,2.0;2.0,2.0::-3750.0,0.0
-3750.0
2.0,2.0;1.0,2.0::-3750.0,0.0
-3750.0
1.0,2.0;2.0,3.0::-3000.0,0.0
-3000.0
2.0,3.0;1.0,2.0::-750.0,0.0
-750.0
1.0,2.0;2.0,4.0::-3007.5,0.0
-3007.5
2.0,4.0;1.0,2.0::-780.0,0.0
-780.0
1.0,2.0;3.0,0.0::-6500.0,0.0
-6500.0
3.0,0.0;1.0,2.0::-8500.0,0.0
-8500.0
1.0,2.0;3.0,1.0::-5750.0,0.0
-5750.0
3.0,1.0;1.0,2.0::-5500.0,0.0
-5500.0
1.0,2.0;3.0,2.0::-5750.0,0.0
-5750.0
3.0,2.0;1.0,2.0::-5500.0,0.0
-5500.0
1.0,2.0;3.0,3.0::-5000.0,0.0
-5000.0
3.0,3.0;1.0,2.0::-2500.0,0.0
-2500.0
1.0,2.0;3.0,4.0::-5007.5,0.0
-5007.5
3.0,4.0;1.0,2.0::-2530.0,0.0
-2530.0
1.0,2.0;4.0,0.0::-2500.0,0.0
-2500.0
4.0,0.0;1.0,2.0::-5000.0,0.0
-5000.0
1.0,2.0;4.0,1.0::-1750.0,0.0
-1750.0
4.0,1.0;1.0,2.0::-2000.0,0.0
-2000.0
1.0,2.0;4.0,2.0::-1750.0,0.0
-1750.0
4.0,2.0;1.0,2.0::-2000.0,0.0
-2000.0
1.0,2.0;4.0,3.0::-1000.0,0.0
-1000.0
4.0,3.0;1.0,2.0::1000.0,0.0
1000.0
1.0,2.0;4.0,4.0::-1007.5,0.0
-1007.5
4.0,4.0;1.0,2.0::970.0,0.0
970.0
1.0,3.0;1.0,3.0::0.0,0.0
0.0
1.0,3.0;1.0,3.0::0.0,0.0
0.0
1.0,3.0;1.0,4.0::-7.5,0.0
-7.5
1.0,4.0;1.0,3.0::-30.0,0.0
-30.0
1.0,3.0;2.0,0.0::-2500.0,0.0
-2500.0
2.0,0.0;1.0,3.0::-5000.0,0.0
-5000.0
1.0,3.0;2.0,1.0::-1750.0,0.0
-1750.0
2.0,1.0;1.0,3.0::-2000.0,0.0
-2000.0
1.0,3.0;2.0,2.0::-1750.0,0.0
-1750.0
2.0,2.0;1.0,3.0::-2000.0,0.0
-2000.0
1.0,3.0;2.0,3.0::-1000.0,0.0
-1000.0
2.0,3.0;1.0,3.0::1000.0,0.0
1000.0
1.0,3.0;2.0,4.0::-1007.5,0.0
-1007.5
2.0,4.0;1.0,3.0::970.0,0.0
970.0
1.0,3.0;3.0,0.0::-1500.0,0.0
-1500.0
3.0,0.0;1.0,3.0::-6000.0,0.0
-6000.0
1.0,3.0;3.0,1.0::-750.0,0.0
-750.0
3.0,1.0;1.0,3.0::-3000.0,0.0
-3000.0
1.0,3.0;3.0,2.0::-750.0,0.0
-750.0
3.0,2.0;1.0,3.0::-3000.0,0.0
-3000.0
1.0,3.0;3.0,3.0::0.0,0.0
0.0
3.0,3.0;1.0,3.0::0.0,0.0
0.0
1.0,3.0;3.0,4.0::-7.5,0.0
-7.5
3.0,4.0;1.0,3.0::-30.0,0.0
-30.0
1.0,3.0;4.0,0.0::-2500.0,0.0
-2500.0
4.0,0.0;1.0,3.0::-5000.0,0.0
-5000.0
1.0,3.0;4.0,1.0::-1750.0,0.0
-1750.0
4.0,1.0;1.0,3.0::-2000.0,0.0
-2000.0
1.0,3.0;4.0,2.0::-1750.0,0.0
-1750.0
4.0,2.0;1.0,3.0::-2000.0,0.0
-2000.0
1.0,3.0;4.0,3.0::-1000.0,0.0
-1000.0
4.0,3.0;1.0,3.0::1000.0,0.0
1000.0
1.0,3.0;4.0,4.0::-1007.5,0.0
-1007.5
4.0,4.0;1.0,3.0::970.0,0.0
970.0
1.0,4.0;1.0,4.0::-37.5,0.0
-37.5
1.0,4.0;1.0,4.0::-37.5,0.0
-37.5
1.0,4.0;2.0,0.0::-2500.0,0.0
-2500.0
2.0,0.0;1.0,4.0::-5000.0,0.0
-5000.0
1.0,4.0;2.0,1.0::-1750.0,0.0
-1750.0
2.0,1.0;1.0,4.0::-2000.0,0.0
-2000.0
1.0,4.0;2.0,2.0::-1750.0,0.0
-1750.0
2.0,2.0;1.0,4.0::-2000.0,0.0
-2000.0
1.0,4.0;2.0,3.0::-1000.0,0.0
-1000.0
2.0,3.0;1.0,4.0::1000.0,0.0
1000.0
1.0,4.0;2.0,4.0::-1007.5,0.0
-1007.5
2.0,4.0;1.0,4.0::970.0,0.0
970.0
1.0,4.0;3.0,0.0::-1530.0,0.0
-1530.0
3.0,0.0;1.0,4.0::-6007.5,0.0
-6007.5
1.0,4.0;3.0,1.0::-780.0,0.0
-780.0
3.0,1.0;1.0,4.0::-3007.5,0.0
-3007.5
1.0,4.0;3.0,2.0::-780.0,0.0
-780.0
3.0,2.0;1.0,4.0::-3007.5,0.0
-3007.5
1.0,4.0;3.0,3.0::-30.0,0.0
-30.0
3.0,3.0;1.0,4.0::-7.5,0.0
-7.5
1.0,4.0;3.0,4.0::-37.5,0.0
-37.5
3.0,4.0;1.0,4.0::-37.5,0.0
-37.5
1.0,4.0;4.0,0.0::-2525.0,0.0
-2525.0
4.0,0.0;1.0,4.0::-5012.5,0.0
-5012.5
1.0,4.0;4.0,1.0::-1775.0,0.0
-1775.0
4.0,1.0;1.0,4.0::-2012.5,0.0
-2012.5
1.0,4.0;4.0,2.0::-1775.0,0.0
-1775.0
4.0,2.0;1.0,4.0::-2012.5,0.0
-2012.5
1.0,4.0;4.0,3.0::-1025.0,0.0
-1025.0
4.0,3.0;1.0,4.0::987.5,0.0
987.5
1.0,4.0;4.0,4.0::-1032.5,0.0
-1032.5
4.0,4.0;1.0,4.0::957.5,0.0
957.5
2.0,0.0;2.0,0.0::-7500.0,0.0
-7500.0
2.0,0.0;2.0,0.0::-7500.0,0.0
-7500.0
2.0,0.0;2.0,1.0::-5750.0,0.0
-5750.0
2.0,1.0;2.0,0.0::-5500.0,0.0
-5500.0
2.0,0.0;2.0,2.0::-5750.0,0.0
-5750.0
2.0,2.0;2.0,0.0::-5500.0,0.0
-5500.0
2.0,0.0;2.0,3.0::-4000.0,0.0
-4000.0
2.0,3.0;2.0,0.0::-3500.0,0.0
-3500.0
2.0,0.0;2.0,4.0::-4000.0,0.0
-4000.0
2.0,4.0;2.0,0.0::-3500.0,0.0
-3500.0
2.0,0.0;3.0,0.0::-7500.0,0.0
-7500.0
3.0,0.0;2.0,0.0::-7500.0,0.0
-7500.0
2.0,0.0;3.0,1.0::-5750.0,0.0
-5750.0
3.0,1.0;2.0,0.0::-5500.0,0.0
-5500.0
2.0,0.0;3.0,2.0::-5750.0,0.0
-5750.0
3.0,2.0;2.0,0.0::-5500.0,0.0
-5500.0
2.0,0.0;3.0,3.0::-4000.0,0.0
-4000.0
3.0,3.0;2.0,0.0::-3500.0,0.0
-3500.0
2.0,0.0;3.0,4.0::-4000.0,0.0
-4000.0
3.0,4.0;2.0,0.0::-3500.0,0.0
-3500.0
2.0,0.0;4.0,0.0::-2560.0,0.0
-2560.0
4.0,0.0;2.0,0.0::-5015.0,0.0
-5015.0
2.0,0.0;4.0,1.0::-810.0,0.0
-810.0
4.0,1.0;2.0,0.0::-3015.0,0.0
-3015.0
2.0,0.0;4.0,2.0::-810.0,0.0
-810.0
4.0,2.0;2.0,0.0::-3015.0,0.0
-3015.0
2.0,0.0;4.0,3.0::940.0,0.0
940.0
4.0,3.0;2.0,0.0::-1015.0,0.0
-1015.0
2.0,0.0;4.0,4.0::940.0,0.0
940.0
4.0,4.0;2.0,0.0::-1015.0,0.0
-1015.0
2.0,1.0;2.0,1.0::-3750.0,0.0
-3750.0
2.0,1.0;2.0,1.0::-3750.0,0.0
-3750.0
2.0,1.0;2.0,2.0::-3750.0,0.0
-3750.0
2.0,2.0;2.0,1.0::-3750.0,0.0
-3750.0
2.0,1.0;2.0,3.0::-2000.0,0.0
-2000.0
2.0,3.0;2.0,1.0::-1750.0,0.0
-1750.0
2.0,1.0;2.0,4.0::-2000.0,0.0
-2000.0
2.0,4.0;2.0,1.0::-1750.0,0.0
-1750.0
2.0,1.0;3.0,0.0::-2500.0,0.0
-2500.0
3.0,0.0;2.0,1.0::-5000.0,0.0
-5000.0
2.0,1.0;3.0,1.0::-750.0,0.0
-750.0
3.0,1.0;2.0,1.0::-3000.0,0.0
-3000.0
2.0,1.0;3.0,2.0::-750.0,0.0
-750.0
3.0,2.0;2.0,1.0::-3000.0,0.0
-3000.0
2.0,1.0;3.0,3.0::1000.0,0.0
1000.0
3.0,3.0;2.0,1.0::-1000.0,0.0
-1000.0
2.0,1.0;3.0,4.0::1000.0,0.0
1000.0
3.0,4.0;2.0,1.0::-1000.0,0.0
-1000.0
2.0,1.0;4.0,0.0::-2560.0,0.0
-2560.0
4.0,0.0;2.0,1.0::-5015.0,0.0
-5015.0
2.0,1.0;4.0,1.0::-810.0,0.0
-810.0
4.0,1.0;2.0,1.0::-3015.0,0.0
-3015.0
2.0,1.0;4.0,2.0::-810.0,0.0
-810.0
4.0,2.0;2.0,1.0::-3015.0,0.0
-3015.0
2.0,1.0;4.0,3.0::940.0,0.0
940.0
4.0,3.0;2.0,1.0::-1015.0,0.0
-1015.0
2.0,1.0;4.0,4.0::940.0,0.0
940.0
4.0,4.0;2.0,1.0::-1015.0,0.0
-1015.0
2.0,2.0;2.0,2.0::-3750.0,0.0
-3750.0
2.0,2.0;2.0,2.0::-3750.0,0.0
-3750.0
2.0,2.0;2.0,3.0::-2000.0,0.0
-2000.0
2.0,3.0;2.0,2.0::-1750.0,0.0
-1750.0
2.0,2.0;2.0,4.0::-2000.0,0.0
-2000.0
2.0,4.0;2.0,2.0::-1750.0,0.0
-1750.0
2.0,2.0;3.0,0.0::-7500.0,0.0
-7500.0
3.0,0.0;2.0,2.0::-7500.0,0.0
-7500.0
2.0,2.0;3.0,1.0::-5750.0,0.0
-5750.0
3.0,1.0;2.0,2.0::-5500.0,0.0
-5500.0
2.0,2.0;3.0,2.0::-5750.0,0.0
-5750.0
3.0,2.0;2.0,2.0::-5500.0,0.0
-5500.0
2.0,2.0;3.0,3.0::-4000.0,0.0
-4000.0
3.0,3.0;2.0,2.0::-3500.0,0.0
-3500.0
2.0,2.0;3.0,4.0::-4000.0,0.0
-4000.0
3.0,4.0;2.0,2.0::-3500.0,0.0
-3500.0
2.0,2.0;4.0,0.0::-3500.0,0.0
-3500.0
4.0,0.0;2.0,2.0::-4000.0,0.0
-4000.0
2.0,2.0;4.0,1.0::-1750.0,0.0
-1750.0
4.0,1.0;2.0,2.0::-2000.0,0.0
-2000.0
2.0,2.0;4.0,2.0::-1750.0,0.0
-1750.0
4.0,2.0;2.0,2.0::-2000.0,0.0
-2000.0
2.0,2.0;4.0,3.0::0.0,0.0
0.0
4.0,3.0;2.0,2.0::0.0,0.0
0.0
2.0,2.0;4.0,4.0::0.0,0.0
0.0
4.0,4.0;2.0,2.0::0.0,0.0
0.0
2.0,3.0;2.0,3.0::0.0,0.0
0.0
2.0,3.0;2.0,3.0::0.0,0.0
0.0
2.0,3.0;2.0,4.0::0.0,0.0
0.0
2.0,4.0;2.0,3.0::0.0,0.0
0.0
2.0,3.0;3.0,0.0::-2500.0,0.0
-2500.0
3.0,0.0;2.0,3.0::-5000.0,0.0
-5000.0
2.0,3.0;3.0,1.0::-750.0,0.0
-750.0
3.0,1.0;2.0,3.0::-3000.0,0.0
-3000.0
2.0,3.0;3.0,2.0::-750.0,0.0
-750.0
3.0,2.0;2.0,3.0::-3000.0,0.0
-3000.0
2.0,3.0;3.0,3.0::1000.0,0.0
1000.0
3.0,3.0;2.0,3.0::-1000.0,0.0
-1000.0
2.0,3.0;3.0,4.0::1000.0,0.0
1000.0
3.0,4.0;2.0,3.0::-1000.0,0.0
-1000.0
2.0,3.0;4.0,0.0::-3500.0,0.0
-3500.0
4.0,0.0;2.0,3.0::-4000.0,0.0
-4000.0
2.0,3.0;4.0,1.0::-1750.0,0.0
-1750.0
4.0,1.0;2.0,3.0::-2000.0,0.0
-2000.0
2.0,3.0;4.0,2.0::-1750.0,0.0
-1750.0
4.0,2.0;2.0,3.0::-2000.0,0.0
-2000.0
2.0,3.0;4.0,3.0::0.0,0.0
0.0
4.0,3.0;2.0,3.0::0.0,0.0
0.0
2.0,3.0;4.0,4.0::0.0,0.0
0.0
4.0,4.0;2.0,3.0::0.0,0.0
0.0
2.0,4.0;2.0,4.0::0.0,0.0
0.0
2.0,4.0;2.0,4.0::0.0,0.0
0.0
2.0,4.0;3.0,0.0::-2530.0,0.0
-2530.0
3.0,0.0;2.0,4.0::-5007.5,0.0
-5007.5
2.0,4.0;3.0,1.0::-780.0,0.0
-780.0
3.0,1.0;2.0,4.0::-3007.5,0.0
-3007.5
2.0,4.0;3.0,2.0::-780.0,0.0
-780.0
3.0,2.0;2.0,4.0::-3007.5,0.0
-3007.5
2.0,4.0;3.0,3.0::970.0,0.0
970.0
3.0,3.0;2.0,4.0::-1007.5,0.0
-1007.5
2.0,4.0;3.0,4.0::970.0,0.0
970.0
3.0,4.0;2.0,4.0::-1007.5,0.0
-1007.5
2.0,4.0;4.0,0.0::-3525.0,0.0
-3525.0
4.0,0.0;2.0,4.0::-4012.5,0.0
-4012.5
2.0,4.0;4.0,1.0::-1775.0,0.0
-1775.0
4.0,1.0;2.0,4.0::-2012.5,0.0
-2012.5
2.0,4.0;4.0,2.0::-1775.0,0.0
-1775.0
4.0,2.0;2.0,4.0::-2012.5,0.0
-2012.5
2.0,4.0;4.0,3.0::-25.0,0.0
-25.0
4.0,3.0;2.0,4.0::-12.5,0.0
-12.5
2.0,4.0;4.0,4.0::-25.0,0.0
-25.0
4.0,4.0;2.0,4.0::-12.5,0.0
-12.5
3.0,0.0;3.0,0.0::-7500.0,0.0
-7500.0
3.0,0.0;3.0,0.0::-7500.0,0.0
-7500.0
3.0,0.0;3.0,1.0::-5000.0,0.0
-5000.0
3.0,1.0;3.0,0.0::-2500.0,0.0
-2500.0
3.0,0.0;3.0,2.0::-7500.0,0.0
-7500.0
3.0,2.0;3.0,0.0::-7500.0,0.0
-7500.0
3.0,0.0;3.0,3.0::-5000.0,0.0
-5000.0
3.0,3.0;3.0,0.0::-2500.0,0.0
-2500.0
3.0,0.0;3.0,4.0::-5007.5,0.0
-5007.5
3.0,4.0;3.0,0.0::-2530.0,0.0
-2530.0
3.0,0.0;4.0,0.0::-2560.0,0.0
-2560.0
4.0,0.0;3.0,0.0::-5015.0,0.0
-5015.0
3.0,0.0;4.0,1.0::-60.0,0.0
-60.0
4.0,1.0;3.0,0.0::-15.0,0.0
-15.0
3.0,0.0;4.0,2.0::-2560.0,0.0
-2560.0
4.0,2.0;3.0,0.0::-5015.0,0.0
-5015.0
3.0,0.0;4.0,3.0::-60.0,0.0
-60.0
4.0,3.0;3.0,0.0::-15.0,0.0
-15.0
3.0,0.0;4.0,4.0::-67.5,0.0
-67.5
4.0,4.0;3.0,0.0::-45.0,0.0
-45.0
3.0,1.0;3.0,1.0::0.0,0.0
0.0
3.0,1.0;3.0,1.0::0.0,0.0
0.0
3.0,1.0;3.0,2.0::-2500.0,0.0
-2500.0
3.0,2.0;3.0,1.0::-5000.0,0.0
-5000.0
3.0,1.0;3.0,3.0::0.0,0.0
0.0
3.0,3.0;3.0,1.0::0.0,0.0
0.0
3.0,1.0;3.0,4.0::-7.5,0.0
-7.5
3.0,4.0;3.0,1.0::-30.0,0.0
-30.0
3.0,1.0;4.0,0.0::-2560.0,0.0
-2560.0
4.0,0.0;3.0,1.0::-5015.0,0.0
-5015.0
3.0,1.0;4.0,1.0::-60.0,0.0
-60.0
4.0,1.0;3.0,1.0::-15.0,0.0
-15.0
3.0,1.0;4.0,2.0::-2560.0,0.0
-2560.0
4.0,2.0;3.0,1.0::-5015.0,0.0
-5015.0
3.0,1.0;4.0,3.0::-60.0,0.0
-60.0
4.0,3.0;3.0,1.0::-15.0,0.0
-15.0
3.0,1.0;4.0,4.0::-67.5,0.0
-67.5
4.0,4.0;3.0,1.0::-45.0,0.0
-45.0
3.0,2.0;3.0,2.0::-7500.0,0.0
-7500.0
3.0,2.0;3.0,2.0::-7500.0,0.0
-7500.0
3.0,2.0;3.0,3.0::-5000.0,0.0
-5000.0
3.0,3.0;3.0,2.0::-2500.0,0.0
-2500.0
3.0,2.0;3.0,4.0::-5007.5,0.0
-5007.5
3.0,4.0;3.0,2.0::-2530.0,0.0
-2530.0
3.0,2.0;4.0,0.0::-3500.0,0.0
-3500.0
4.0,0.0;3.0,2.0::-4000.0,0.0
-4000.0
3.0,2.0;4.0,1.0::-1000.0,0.0
-1000.0
4.0,1.0;3.0,2.0::1000.0,0.0
1000.0
3.0,2.0;4.0,2.0::-3500.0,0.0
-3500.0
4.0,2.0;3.0,2.0::-4000.0,0.0
-4000.0
3.0,2.0;4.0,3.0::-1000.0,0.0
-1000.0
4.0,3.0;3.0,2.0::1000.0,0.0
1000.0
3.0,2.0;4.0,4.0::-1007.5,0.0
-1007.5
4.0,4.0;3.0,2.0::970.0,0.0
970.0
3.0,3.0;3.0,3.0::0.0,0.0
0.0
3.0,3.0;3.0,3.0::0.0,0.0
0.0
3.0,3.0;3.0,4.0::-7.5,0.0
-7.5
3.0,4.0;3.0,3.0::-30.0,0.0
-30.0
3.0,3.0;4.0,0.0::-3500.0,0.0
-3500.0
4.0,0.0;3.0,3.0::-4000.0,0.0
-4000.0
3.0,3.0;4.0,1.0::-1000.0,0.0
-1000.0
4.0,1.0;3.0,3.0::1000.0,0.0
1000.0
3.0,3.0;4.0,2.0::-3500.0,0.0
-3500.0
4.0,2.0;3.0,3.0::-4000.0,0.0
-4000.0
3.0,3.0;4.0,3.0::-1000.0,0.0
-1000.0
4.0,3.0;3.0,3.0::1000.0,0.0
1000.0
3.0,3.0;4.0,4.0::-1007.5,0.0
-1007.5
4.0,4.0;3.0,3.0::970.0,0.0
970.0
3.0,4.0;3.0,4.0::-37.5,0.0
-37.5
3.0,4.0;3.0,4.0::-37.5,0.0
-37.5
3.0,4.0;4.0,0.0::-3525.0,0.0
-3525.0
4.0,0.0;3.0,4.0::-4012.5,0.0
-4012.5
3.0,4.0;4.0,1.0::-1025.0,0.0
-1025.0
4.0,1.0;3.0,4.0::987.5,0.0
987.5
3.0,4.0;4.0,2.0::-3525.0,0.0
-3525.0
4.0,2.0;3.0,4.0::-4012.5,0.0
-4012.5
3.0,4.0;4.0,3.0::-1025.0,0.0
-1025.0
4.0,3.0;3.0,4.0::987.5,0.0
987.5
3.0,4.0;4.0,4.0::-1032.5,0.0
-1032.5
4.0,4.0;3.0,4.0::957.5,0.0
957.5
4.0,0.0;4.0,0.0::-75.0,0.0
-75.0
4.0,0.0;4.0,0.0::-75.0,0.0
-75.0
4.0,0.0;4.0,1.0::-75.0,0.0
-75.0
4.0,1.0;4.0,0.0::-75.0,0.0
-75.0
4.0,0.0;4.0,2.0::940.0,0.0
940.0
4.0,2.0;4.0,0.0::-1015.0,0.0
-1015.0
4.0,0.0;4.0,3.0::940.0,0.0
940.0
4.0,3.0;4.0,0.0::-1015.0,0.0
-1015.0
4.0,0.0;4.0,4.0::927.5,0.0
927.5
4.0,4.0;4.0,0.0::-1040.0,0.0
-1040.0
4.0,1.0;4.0,1.0::-75.0,0.0
-75.0
4.0,1.0;4.0,1.0::-75.0,0.0
-75.0
4.0,1.0;4.0,2.0::940.0,0.0
940.0
4.0,2.0;4.0,1.0::-1015.0,0.0
-1015.0
4.0,1.0;4.0,3.0::940.0,0.0
940.0
4.0,3.0;4.0,1.0::-1015.0,0.0
-1015.0
4.0,1.0;4.0,4.0::927.5,0.0
927.5
4.0,4.0;4.0,1.0::-1040.0,0.0
-1040.0
4.0,2.0;4.0,2.0::0.0,0.0
0.0
4.0,2.0;4.0,2.0::0.0,0.0
0.0
4.0,2.0;4.0,3.0::0.0,0.0
0.0
4.0,3.0;4.0,2.0::0.0,0.0
0.0
4.0,2.0;4.0,4.0::-12.5,0.0
-12.5
4.0,4.0;4.0,2.0::-25.0,0.0
-25.0
4.0,3.0;4.0,3.0::0.0,0.0
0.0
4.0,3.0;4.0,3.0::0.0,0.0
0.0
4.0,3.0;4.0,4.0::-12.5,0.0
-12.5
4.0,4.0;4.0,3.0::-25.0,0.0
-25.0
4.0,4.0;4.0,4.0::-37.5,0.0
-37.5
4.0,4.0;4.0,4.0::-37.5,0.0
-37.5
