0.0,0.0;0.0,0.0::-4000.0,0.0
-4000.0
0.0,0.0;0.0,0.0::-4000.0,0.0
-4000.0
0.0,0.0;0.0,1.0::-4000.0,0.0
-4000.0
0.0,1.0;0.0,0.0::-4000.0,0.0
-4000.0
0.0,0.0;0.0,2.0::-1500.0,0.0
-1500.0
0.0,2.0;0.0,0.0::-3500.0,0.0
-3500.0
0.0,0.0;0.0,3.0::-1500.0,0.0
-1500.0
0.0,3.0;0.0,0.0::-3500.0,0.0
-3500.0
0.0,0.0;0.0,4.0::-1525.0,0.0
-1525.0
0.0,4.0;0.0,0.0::-3505.0,0.0
-3505.0
0.0,0.0;1.0,0.0::-4000.0,0.0
-4000.0
1.0,0.0;0.0,0.0::-4000.0,0.0
-4000.0
0.0,0.0;1.0,1.0::-4000.0,0.0
-4000.0
1.0,1.0;0.0,0.0::-4000.0,0.0
-4000.0
0.0,0.0;1.0,2.0::-1500.0,0.0
-1500.0
1.0,2.0;0.0,0.0::-3500.0,0.0
-3500.0
0.0,0.0;1.0,3.0::-1500.0,0.0
-1500.0
1.0,3.0;0.0,0.0::-3500.0,0.0
-3500.0
0.0,0.0;1.0,4.0::-1525.0,0.0
-1525.0
1.0,4.0;0.0,0.0::-3505.0,0.0
-3505.0
0.0,0.0;2.0,0.0::-3000.0,0.0
-3000.0
2.0,0.0;0.0,0.0::-4000.0,0.0
-4000.0
0.0,0.0;2.0,1.0::-3000.0,0.0
-3000.0
2.0,1.0;0.0,0.0::-4000.0,0.0
-4000.0
0.0,0.0;2.0,2.0::-500.0,0.0
-500.0
2.0,2.0;0.0,0.0::-3500.0,0.0
-3500.0
0.0,0.0;2.0,3.0::-500.0,0.0
-500.0
2.0,3.0;0.0,0.0::-3500.0,0.0
-3500.0
0.0,0.0;2.0,4.0::-525.0,0.0
-525.0
2.0,4.0;0.0,0.0::-3505.0,0.0
-3505.0
0.0,0.0;3.0,0.0::-3000.0,0.0
-3000.0
3.0,0.0;0.0,0.0::-4000.0,0.0
-4000.0
0.0,0.0;3.0,1.0::-3000.0,0.0
-3000.0
3.0,1.0;0.0,0.0::-4000.0,0.0
-4000.0
0.0,0.0;3.0,2.0::-500.0,0.0
-500.0
3.0,2.0;0.0,0.0::-3500.0,0.0
-3500.0
0.0,0.0;3.0,3.0::-500.0,0.0
-500.0
3.0,3.0;0.0,0.0::-3500.0,0.0
-3500.0
0.0,0.0;3.0,4.0::-525.0,0.0
-525.0
3.0,4.0;0.0,0.0::-3505.0,0.0
-3505.0
0.0,0.0;4.0,0.0::-2507.5,0.0
-2507.5
4.0,0.0;0.0,0.0::-1512.5,0.0
-1512.5
0.0,0.0;4.0,1.0::-2507.5,0.0
-2507.5
4.0,1.0;0.0,0.0::-1512.5,0.0
-1512.5
0.0,0.0;4.0,2.0::-7.5,0.0
-7.5
4.0,2.0;0.0,0.0::-1012.5,0.0
-1012.5
0.0,0.0;4.0,3.0::-7.5,0.0
-7.5
4.0,3.0;0.0,0.0::-1012.5,0.0
-1012.5
0.0,0.0;4.0,4.0::-32.5,0.0
-32.5
4.0,4.0;0.0,0.0::-1017.5,0.0
-1017.5
