2.0,4.0;2.0,4.0::-3000.0,0.0
-3000.0
2.0,4.0;2.0,4.0::-3000.0,0.0
-3000.0
2.0,4.0;3.0,0.0::-2515.0,0.0
-2515.0
3.0,0.0;2.0,4.0::-525.0,0.0
-525.0
2.0,4.0;3.0,1.0::-1265.0,0.0
-1265.0
3.0,1.0;2.0,4.0::-775.0,0.0
-775.0
2.0,4.0;3.0,2.0::-1265.0,0.0
-1265.0
3.0,2.0;2.0,4.0::-775.0,0.0
-775.0
2.0,4.0;3.0,3.0::-15.0,0.0
-15.0
3.0,3.0;2.0,4.0::-1025.0,0.0
-1025.0
2.0,4.0;3.0,4.0::-2515.0,0.0
-2515.0
3.0,4.0;2.0,4.0::-525.0,0.0
-525.0
2.0,4.0;4.0,0.0::-2507.5,0.0
-2507.5
4.0,0.0;2.0,4.0::-512.5,0.0
-512.5
2.0,4.0;4.0,1.0::-1257.5,0.0
-1257.5
4.0,1.0;2.0,4.0::-762.5,0.0
-762.5
2.0,4.0;4.0,2.0::-1257.5,0.0
-1257.5
4.0,2.0;2.0,4.0::-762.5,0.0
-762.5
2.0,4.0;4.0,3.0::-7.5,0.0
-7.5
4.0,3.0;2.0,4.0::-1012.5,0.0
-1012.5
2.0,4.0;4.0,4.0::-2507.5,0.0
-2507.5
4.0,4.0;2.0,4.0::-512.5,0.0
-512.5
