3.0,1.0;3.0,1.0::0.0,0.0
0.0
3.0,1.0;3.0,1.0::0.0,0.0
0.0
3.0,1.0;3.0,2.0::-2500.0,0.0
-2500.0
3.0,2.0;3.0,1.0::-500.0,0.0
-500.0
3.0,1.0;3.0,3.0::0.0,0.0
0.0
3.0,3.0;3.0,1.0::0.0,0.0
0.0
3.0,1.0;3.0,4.0::-25.0,0.0
-25.0
3.0,4.0;3.0,1.0::-15.0,0.0
-15.0
3.0,1.0;4.0,0.0::-2507.5,0.0
-2507.5
4.0,0.0;3.0,1.0::-512.5,0.0
-512.5
3.0,1.0;4.0,1.0::-7.5,0.0
-7.5
4.0,1.0;3.0,1.0::-12.5,0.0
-12.5
3.0,1.0;4.0,2.0::-2507.5,0.0
-2507.5
4.0,2.0;3.0,1.0::-512.5,0.0
-512.5
3.0,1.0;4.0,3.0::-7.5,0.0
-7.5
4.0,3.0;3.0,1.0::-12.5,0.0
-12.5
3.0,1.0;4.0,4.0::-32.5,0.0
-32.5
4.0,4.0;3.0,1.0::-27.5,0.0
-27.5
