0.0,2.0;0.0,2.0::-1000.0,0.0
-1000.0
0.0,2.0;0.0,2.0::-1000.0,0.0
-1000.0
0.0,2.0;0.0,3.0::-1000.0,0.0
-1000.0
0.0,3.0;0.0,2.0::-1000.0,0.0
-1000.0
0.0,2.0;0.0,4.0::-1025.0,0.0
-1025.0
0.0,4.0;0.0,2.0::-1005.0,0.0
-1005.0
0.0,2.0;1.0,0.0::-3250.0,0.0
-3250.0
1.0,0.0;0.0,2.0::-2750.0,0.0
-2750.0
0.0,2.0;1.0,1.0::-3250.0,0.0
-3250.0
1.0,1.0;0.0,2.0::-2750.0,0.0
-2750.0
0.0,2.0;1.0,2.0::-750.0,0.0
-750.0
1.0,2.0;0.0,2.0::-2250.0,0.0
-2250.0
0.0,2.0;1.0,3.0::-750.0,0.0
-750.0
1.0,3.0;0.0,2.0::-2250.0,0.0
-2250.0
0.0,2.0;1.0,4.0::-775.0,0.0
-775.0
1.0,4.0;0.0,2.0::-2255.0,0.0
-2255.0
0.0,2.0;2.0,0.0::-3250.0,0.0
-3250.0
2.0,0.0;0.0,2.0::-2750.0,0.0
-2750.0
0.0,2.0;2.0,1.0::-3250.0,0.0
-3250.0
2.0,1.0;0.0,2.0::-2750.0,0.0
-2750.0
0.0,2.0;2.0,2.0::-750.0,0.0
-750.0
2.0,2.0;0.0,2.0::-2250.0,0.0
-2250.0
0.0,2.0;2.0,3.0::-750.0,0.0
-750.0
2.0,3.0;0.0,2.0::-2250.0,0.0
-2250.0
0.0,2.0;2.0,4.0::-775.0,0.0
-775.0
2.0,4.0;0.0,2.0::-2255.0,0.0
-2255.0
0.0,2.0;3.0,0.0::-3000.0,0.0
-3000.0
3.0,0.0;0.0,2.0::-4000.0,0.0
-4000.0
0.0,2.0;3.0,1.0::-3000.0,0.0
-3000.0
3.0,1.0;0.0,2.0::-4000.0,0.0
-4000.0
0.0,2.0;3.0,2.0::-500.0,0.0
-500.0
3.0,2.0;0.0,2.0::-3500.0,0.0
-3500.0
0.0,2.0;3.0,3.0::-500.0,0.0
-500.0
3.0,3.0;0.0,2.0::-3500.0,0.0
-3500.0
0.0,2.0;3.0,4.0::-525.0,0.0
-525.0
3.0,4.0;0.0,2.0::-3505.0,0.0
-3505.0
0.0,2.0;4.0,0.0::-3500.0,0.0
-3500.0
4.0,0.0;0.0,2.0::-1500.0,0.0
-1500.0
0.0,2.0;4.0,1.0::-3500.0,0.0
-3500.0
4.0,1.0;0.0,2.0::-1500.0,0.0
-1500.0
0.0,2.0;4.0,2.0::-1000.0,0.0
-1000.0
4.0,2.0;0.0,2.0::-1000.0,0.0
-1000.0
0.0,2.0;4.0,3.0::-1000.0,0.0
-1000.0
4.0,3.0;0.0,2.0::-1000.0,0.0
-1000.0
0.0,2.0;4.0,4.0::-1025.0,0.0
-1025.0
4.0,4.0;0.0,2.0::-1005.0,0.0
-1005.0
