2.0,4.0;2.0,4.0::-3000.0,0.0
-3000.0
2.0,4.0;2.0,4.0::-3000.0,0.0
-3000.0
2.0,4.0;3.0,0.0::-2515.0,0.0
-2515.0
3.0,0.0;2.0,4.0::-515.0,0.0
-515.0
2.0,4.0;3.0,1.0::-765.0,0.0
-765.0
3.0,1.0;2.0,4.0::-765.0,0.0
-765.0
2.0,4.0;3.0,2.0::-765.0,0.0
-765.0
3.0,2.0;2.0,4.0::-765.0,0.0
-765.0
2.0,4.0;3.0,3.0::985.0,0.0
985.0
3.0,3.0;2.0,4.0::-1015.0,0.0
-1015.0
2.0,4.0;3.0,4.0::-2515.0,0.0
-2515.0
3.0,4.0;2.0,4.0::-515.0,0.0
-515.0
2.0,4.0;4.0,0.0::-2509.0,0.0
-2509.0
4.0,0.0;2.0,4.0::-509.0,0.0
-509.0
2.0,4.0;4.0,1.0::-759.0,0.0
-759.0
4.0,1.0;2.0,4.0::-759.0,0.0
-759.0
2.0,4.0;4.0,2.0::-759.0,0.0
-759.0
4.0,2.0;2.0,4.0::-759.0,0.0
-759.0
2.0,4.0;4.0,3.0::991.0,0.0
991.0
4.0,3.0;2.0,4.0::-1009.0,0.0
-1009.0
2.0,4.0;4.0,4.0::-2509.0,0.0
-2509.0
4.0,4.0;2.0,4.0::-509.0,0.0
-509.0
