0.0,4.0;0.0,4.0::-30.0,0.0
-30.0
0.0,4.0;0.0,4.0::-30.0,0.0
-30.0
0.0,4.0;1.0,0.0::-1515.0,0.0
-1515.0
1.0,0.0;0.0,4.0::-1515.0,0.0
-1515.0
0.0,4.0;1.0,1.0::-1515.0,0.0
-1515.0
1.0,1.0;0.0,4.0::-1515.0,0.0
-1515.0
0.0,4.0;1.0,2.0::985.0,0.0
985.0
1.0,2.0;0.0,4.0::-1015.0,0.0
-1015.0
0.0,4.0;1.0,3.0::985.0,0.0
985.0
1.0,3.0;0.0,4.0::-1015.0,0.0
-1015.0
0.0,4.0;1.0,4.0::960.0,0.0
960.0
1.0,4.0;0.0,4.0::-1020.0,0.0
-1020.0
0.0,4.0;2.0,0.0::-2000.0,0.0
-2000.0
2.0,0.0;0.0,4.0::-4000.0,0.0
-4000.0
0.0,4.0;2.0,1.0::-2000.0,0.0
-2000.0
2.0,1.0;0.0,4.0::-4000.0,0.0
-4000.0
0.0,4.0;2.0,2.0::500.0,0.0
500.0
2.0,2.0;0.0,4.0::-3500.0,0.0
-3500.0
0.0,4.0;2.0,3.0::500.0,0.0
500.0
2.0,3.0;0.0,4.0::-3500.0,0.0
-3500.0
0.0,4.0;2.0,4.0::475.0,0.0
475.0
2.0,4.0;0.0,4.0::-3505.0,0.0
-3505.0
0.0,4.0;3.0,0.0::-1515.0,0.0
-1515.0
3.0,0.0;0.0,4.0::-1515.0,0.0
-1515.0
0.0,4.0;3.0,1.0::-1515.0,0.0
-1515.0
3.0,1.0;0.0,4.0::-1515.0,0.0
-1515.0
0.0,4.0;3.0,2.0::985.0,0.0
985.0
3.0,2.0;0.0,4.0::-1015.0,0.0
-1015.0
0.0,4.0;3.0,3.0::985.0,0.0
985.0
3.0,3.0;0.0,4.0::-1015.0,0.0
-1015.0
0.0,4.0;3.0,4.0::960.0,0.0
960.0
3.0,4.0;0.0,4.0::-1020.0,0.0
-1020.0
0.0,4.0;4.0,0.0::-1509.0,0.0
-1509.0
4.0,0.0;0.0,4.0::-1509.0,0.0
-1509.0
0.0,4.0;4.0,1.0::-1509.0,0.0
-1509.0
4.0,1.0;0.0,4.0::-1509.0,0.0
-1509.0
0.0,4.0;4.0,2.0::991.0,0.0
991.0
4.0,2.0;0.0,4.0::-1009.0,0.0
-1009.0
0.0,4.0;4.0,3.0::991.0,0.0
991.0
4.0,3.0;0.0,4.0::-1009.0,0.0
-1009.0
0.0,4.0;4.0,4.0::966.0,0.0
966.0
4.0,4.0;0.0,4.0::-1014.0,0.0
-1014.0
