1.0,4.0;1.0,4.0::-30.0,0.0
-30.0
1.0,4.0;1.0,4.0::-30.0,0.0
-30.0
1.0,4.0;2.0,0.0::-2000.0,0.0
-2000.0
2.0,0.0;1.0,4.0::-4000.0,0.0
-4000.0
1.0,4.0;2.0,1.0::-1250.0,0.0
-1250.0
2.0,1.0;1.0,4.0::-3250.0,0.0
-3250.0
1.0,4.0;2.0,2.0::-1250.0,0.0
-1250.0
2.0,2.0;1.0,4.0::-3250.0,0.0
-3250.0
1.0,4.0;2.0,3.0::-500.0,0.0
-500.0
2.0,3.0;1.0,4.0::-2500.0,0.0
-2500.0
1.0,4.0;2.0,4.0::-515.0,0.0
-515.0
2.0,4.0;1.0,4.0::-2515.0,0.0
-2515.0
1.0,4.0;3.0,0.0::-1515.0,0.0
-1515.0
3.0,0.0;1.0,4.0::-1515.0,0.0
-1515.0
1.0,4.0;3.0,1.0::-765.0,0.0
-765.0
3.0,1.0;1.0,4.0::-765.0,0.0
-765.0
1.0,4.0;3.0,2.0::-765.0,0.0
-765.0
3.0,2.0;1.0,4.0::-765.0,0.0
-765.0
1.0,4.0;3.0,3.0::-15.0,0.0
-15.0
3.0,3.0;1.0,4.0::-15.0,0.0
-15.0
1.0,4.0;3.0,4.0::-30.0,0.0
-30.0
3.0,4.0;1.0,4.0::-30.0,0.0
-30.0
1.0,4.0;4.0,0.0::-1509.0,0.0
-1509.0
4.0,0.0;1.0,4.0::-1509.0,0.0
-1509.0
1.0,4.0;4.0,1.0::-759.0,0.0
-759.0
4.0,1.0;1.0,4.0::-759.0,0.0
-759.0
1.0,4.0;4.0,2.0::-759.0,0.0
-759.0
4.0,2.0;1.0,4.0::-759.0,0.0
-759.0
1.0,4.0;4.0,3.0::-9.0,0.0
-9.0
4.0,3.0;1.0,4.0::-9.0,0.0
-9.0
1.0,4.0;4.0,4.0::-24.0,0.0
-24.0
4.0,4.0;1.0,4.0::-24.0,0.0
-24.0
