2.0,4.0;2.0,4.0::-3000.0,0.0
-3000.0
2.0,4.0;2.0,4.0::-3000.0,0.0
-3000.0
2.0,4.0;3.0,0.0::-2515.0,0.0
-2515.0
3.0,0.0;2.0,4.0::-515.0,0.0
-515.0
2.0,4.0;3.0,1.0::-765.0,0.0
-765.0
3.0,1.0;2.0,4.0::-765.0,0.0
-765.0
2.0,4.0;3.0,2.0::-765.0,0.0
-765.0
3.0,2.0;2.0,4.0::-765.0,0.0
-765.0
2.0,4.0;3.0,3.0::985.0,0.0
985.0
3.0,3.0;2.0,4.0::-1015.0,0.0
-1015.0
2.0,4.0;3.0,4.0::-2515.0,0.0
-2515.0
3.0,4.0;2.0,4.0::-515.0,0.0
-515.0
2.0,4.0;4.0,0.0::-2507.5,0.0
-2507.5
4.0,0.0;2.0,4.0::-507.5,0.0
-507.5
2.0,4.0;4.0,1.0::-757.5,0.0
-757.5
4.0,1.0;2.0,4.0::-757.5,0.0
-757.5
2.0,4.0;4.0,2.0::-757.5,0.0
-757.5
4.0,2.0;2.0,4.0::-757.5,0.0
-757.5
2.0,4.0;4.0,3.0::992.5,0.0
992.5
4.0,3.0;2.0,4.0::-1007.5,0.0
-1007.5
2.0,4.0;4.0,4.0::-2507.5,0.0
-2507.5
4.0,4.0;2.0,4.0::-507.5,0.0
-507.5
