0.0,0.0,0.0,0.0;0.0,0.0,0.0,0.0::-1077.725,129.57525564319752
-1077.725
0.0,0.0,0.0,0.0;0.0,0.0,0.0,0.0::-1071.505,121.37305085973571
-1071.505
0.0,0.0,0.0,0.0;0.0,0.0,0.0,10.0::-1054.31,139.88671809718034
-1054.31
0.0,0.0,0.0,10.0;0.0,0.0,0.0,0.0::-417.97,183.0777132804537
-417.97
0.0,0.0,0.0,0.0;0.0,0.0,10.0,0.0::-1137.69,418.84916604906834
-1137.69
0.0,0.0,10.0,0.0;0.0,0.0,0.0,0.0::-1272.09,87.07624188032004
-1272.09
0.0,0.0,0.0,0.0;0.0,0.0,10.0,10.0::-1537.085,462.89115921024023
-1537.085
0.0,0.0,10.0,10.0;0.0,0.0,0.0,0.0::-1261.045,128.3115367961899
-1261.045
0.0,0.0,0.0,0.0;0.0,10.0,0.0,0.0::-889.68,170.37956919771807
-889.68
0.0,10.0,0.0,0.0;0.0,0.0,0.0,0.0::-1131.06,178.62927083767656
-1131.06
0.0,0.0,0.0,0.0;0.0,10.0,0.0,10.0::-913.91,194.96482221159795
-913.91
0.0,10.0,0.0,10.0;0.0,0.0,0.0,0.0::-470.17,193.7274918538925
-470.17
0.0,0.0,0.0,0.0;0.0,10.0,10.0,0.0::-941.56,426.94463505236837
-941.56
0.0,10.0,10.0,0.0;0.0,0.0,0.0,0.0::-1311.74,122.54104373637432
-1311.74
0.0,0.0,0.0,0.0;0.0,10.0,10.0,10.0::-1338.75,504.335644685164
-1338.75
0.0,10.0,10.0,10.0;0.0,0.0,0.0,0.0::-1300.89,180.4516913193113
-1300.89
0.0,0.0,0.0,0.0;10.0,0.0,0.0,0.0::-789.64,87.27101695293807
-789.64
10.0,0.0,0.0,0.0;0.0,0.0,0.0,0.0::-1556.9,207.2192799910279
-1556.9
0.0,0.0,0.0,0.0;10.0,0.0,0.0,10.0::-773.78,88.67714812735014
-773.78
10.0,0.0,0.0,10.0;0.0,0.0,0.0,0.0::-844.54,180.56924821242407
-844.54
0.0,0.0,0.0,0.0;10.0,0.0,10.0,0.0::-896.28,453.3698232127939
-896.28
10.0,0.0,10.0,0.0;0.0,0.0,0.0,0.0::-1761.48,195.0252922059085
-1761.48
0.0,0.0,0.0,0.0;10.0,0.0,10.0,10.0::-1267.16,489.32531551106166
-1267.16
10.0,0.0,10.0,10.0;0.0,0.0,0.0,0.0::-1740.28,205.1196519107811
-1740.28
0.0,0.0,0.0,0.0;10.0,10.0,0.0,0.0::-815.16,129.33726995727102
-815.16
10.0,10.0,0.0,0.0;0.0,0.0,0.0,0.0::-1527.72,256.10493279122915
-1527.72
0.0,0.0,0.0,0.0;10.0,10.0,0.0,10.0::-785.84,110.63238404734842
-785.84
10.0,10.0,0.0,10.0;0.0,0.0,0.0,0.0::-796.42,220.41350593827045
-796.42
0.0,0.0,0.0,0.0;10.0,10.0,10.0,0.0::-946.87,481.6260095758948
-946.87
10.0,10.0,10.0,0.0;0.0,0.0,0.0,0.0::-1623.05,216.11628235743834
-1623.05
0.0,0.0,0.0,0.0;10.0,10.0,10.0,10.0::-1237.895,482.85011284559096
-1237.895
10.0,10.0,10.0,10.0;0.0,0.0,0.0,0.0::-1684.195,212.2337967313406
-1684.195
