0.0,0.0,0.0,10.0;0.0,0.0,0.0,10.0::-379.595,129.95223535976595
-379.595
0.0,0.0,0.0,10.0;0.0,0.0,0.0,10.0::-380.575,122.71200786801586
-380.575
0.0,0.0,0.0,10.0;0.0,0.0,10.0,0.0::-535.945,466.8718448086155
-535.945
0.0,0.0,10.0,0.0;0.0,0.0,0.0,10.0::-1251.785,153.8430247850061
-1251.785
0.0,0.0,0.0,10.0;0.0,0.0,10.0,10.0::-874.055,492.0596401606212
-874.055
0.0,0.0,10.0,10.0;0.0,0.0,0.0,10.0::-1252.975,160.48340062137265
-1252.975
0.0,0.0,0.0,10.0;0.0,10.0,0.0,0.0::-807.84,386.2591415099454
-807.84
0.0,10.0,0.0,0.0;0.0,0.0,0.0,10.0::-1326.3,406.69403733027605
-1326.3
0.0,0.0,0.0,10.0;0.0,10.0,0.0,10.0::-706.365,383.97646317840895
-706.365
0.0,10.0,0.0,10.0;0.0,0.0,0.0,10.0::-577.125,364.24078831866154
-577.125
0.0,0.0,0.0,10.0;0.0,10.0,10.0,0.0::-875.85,592.8316856410426
-875.85
0.0,10.0,10.0,0.0;0.0,0.0,0.0,10.0::-1490.13,396.3038141375881
-1490.13
0.0,0.0,0.0,10.0;0.0,10.0,10.0,10.0::-1389.44,640.124692071787
-1389.44
0.0,10.0,10.0,10.0;0.0,0.0,0.0,10.0::-1581.52,448.26771532199376
-1581.52
0.0,0.0,0.0,10.0;10.0,0.0,0.0,0.0::-933.255,76.67090370538226
-933.255
10.0,0.0,0.0,0.0;0.0,0.0,0.0,10.0::-1510.515,99.07743070447475
-1510.515
0.0,0.0,0.0,10.0;10.0,0.0,0.0,10.0::-905.175,78.39557943532274
-905.175
10.0,0.0,0.0,10.0;0.0,0.0,0.0,10.0::-815.295,75.9263490166622
-815.295
0.0,0.0,0.0,10.0;10.0,0.0,10.0,0.0::-1109.13,495.76322281911956
-1109.13
10.0,0.0,10.0,0.0;0.0,0.0,0.0,10.0::-1688.13,58.88610277476342
-1688.13
0.0,0.0,0.0,10.0;10.0,0.0,10.0,10.0::-1381.285,490.82750664057124
-1381.285
10.0,0.0,10.0,10.0;0.0,0.0,0.0,10.0::-1715.465,105.68796655721975
-1715.465
0.0,0.0,0.0,10.0;10.0,10.0,0.0,0.0::-945.475,118.12392592104278
-945.475
10.0,10.0,0.0,0.0;0.0,0.0,0.0,10.0::-1512.935,147.63395027906012
-1512.935
0.0,0.0,0.0,10.0;10.0,10.0,0.0,10.0::-934.625,132.52694773139538
-934.625
10.0,10.0,0.0,10.0;0.0,0.0,0.0,10.0::-834.085,150.48054782927926
-834.085
0.0,0.0,0.0,10.0;10.0,10.0,10.0,0.0::-939.345,359.3183386288543
-939.345
10.0,10.0,10.0,0.0;0.0,0.0,0.0,10.0::-1721.085,157.91618116899863
-1721.085
0.0,0.0,0.0,10.0;10.0,10.0,10.0,10.0::-1333.48,471.49977688223777
-1333.48
10.0,10.0,10.0,10.0;0.0,0.0,0.0,10.0::-1732.46,162.42419277927777
-1732.46
