10.0,0.0,10.0,0.0;10.0,0.0,10.0,0.0::-1735.87,621.0913041574483
-1735.87
10.0,0.0,10.0,0.0;10.0,0.0,10.0,0.0::-1659.05,594.5125755608537
-1659.05
10.0,0.0,10.0,0.0;10.0,0.0,10.0,10.0::-1782.015,460.1477450504348
-1782.015
10.0,0.0,10.0,10.0;10.0,0.0,10.0,0.0::-1668.915,601.3247128424044
-1668.915
10.0,0.0,10.0,0.0;10.0,10.0,0.0,0.0::-1532.16,197.915750762793
-1532.16
10.0,10.0,0.0,0.0;10.0,0.0,10.0,0.0::-1375.62,495.9974249933159
-1375.62
10.0,0.0,10.0,0.0;10.0,10.0,0.0,10.0::-1501.42,150.14857175477894
-1501.42
10.0,10.0,0.0,10.0;10.0,0.0,10.0,0.0::-1469.78,505.08710298323797
-1469.78
10.0,0.0,10.0,0.0;10.0,10.0,10.0,0.0::-1579.125,567.6294802730034
-1579.125
10.0,10.0,10.0,0.0;10.0,0.0,10.0,0.0::-1809.525,529.7238213210729
-1809.525
10.0,0.0,10.0,0.0;10.0,10.0,10.0,10.0::-1670.045,392.8148997619617
-1670.045
10.0,10.0,10.0,10.0;10.0,0.0,10.0,0.0::-1796.845,582.9808517224214
-1796.845
