10.0,0.0,10.0,10.0;10.0,0.0,10.0,10.0::-1793.85,448.6714137316974
-1793.85
10.0,0.0,10.0,10.0;10.0,0.0,10.0,10.0::-1777.95,450.0607042388838
-1777.95
10.0,0.0,10.0,10.0;10.0,10.0,0.0,0.0::-1619.09,295.2175585902708
-1619.09
10.0,10.0,0.0,0.0;10.0,0.0,10.0,10.0::-1527.01,408.8644211716153
-1527.01
10.0,0.0,10.0,10.0;10.0,10.0,0.0,10.0::-1515.03,184.20425917985716
-1515.03
10.0,10.0,0.0,10.0;10.0,0.0,10.0,10.0::-1649.25,427.8928224450604
-1649.25
10.0,0.0,10.0,10.0;10.0,10.0,10.0,0.0::-1511.245,582.2191833622454
-1511.245
10.0,10.0,10.0,0.0;10.0,0.0,10.0,10.0::-1849.325,466.0774097454198
-1849.325
10.0,0.0,10.0,10.0;10.0,10.0,10.0,10.0::-1712.62,444.35447629117004
-1712.62
10.0,10.0,10.0,10.0;10.0,0.0,10.0,10.0::-1839.74,461.78765401426665
-1839.74
