10.0,10.0,0.0,0.0;10.0,10.0,0.0,0.0::-1232.59,211.54570877235966
-1232.59
10.0,10.0,0.0,0.0;10.0,10.0,0.0,0.0::-1214.03,215.87647880211492
-1214.03
10.0,10.0,0.0,0.0;10.0,10.0,0.0,10.0::-1272.765,192.21086669332715
-1272.765
10.0,10.0,0.0,10.0;10.0,10.0,0.0,0.0::-1399.725,274.15310845401694
-1399.725
10.0,10.0,0.0,0.0;10.0,10.0,10.0,0.0::-1398.05,488.88352140361604
-1398.05
10.0,10.0,10.0,0.0;10.0,10.0,0.0,0.0::-1511.05,253.01505389996066
-1511.05
10.0,10.0,0.0,0.0;10.0,10.0,10.0,10.0::-1478.535,412.8858271665425
-1478.535
10.0,10.0,10.0,10.0;10.0,10.0,0.0,0.0::-1556.655,282.72977111545924
-1556.655
