0.0,0.0,10.0,0.0;0.0,0.0,10.0,0.0::-1314.295,425.85643176427425
-1314.295
0.0,0.0,10.0,0.0;0.0,0.0,10.0,0.0::-1341.995,420.4626112688261
-1341.995
0.0,0.0,10.0,0.0;0.0,0.0,10.0,10.0::-1614.43,420.89777274297865
-1614.43
0.0,0.0,10.0,10.0;0.0,0.0,10.0,0.0::-1303.55,390.2249575565355
-1303.55
0.0,0.0,10.0,0.0;0.0,10.0,0.0,0.0::-1005.32,129.83892944721936
-1005.32
0.0,10.0,0.0,0.0;0.0,0.0,10.0,0.0::-1510.3,343.64269234191494
-1510.3
0.0,0.0,10.0,0.0;0.0,10.0,0.0,10.0::-1009.475,153.21046594472588
-1009.475
0.0,10.0,0.0,10.0;0.0,0.0,10.0,0.0::-728.155,390.4800871683471
-728.155
0.0,0.0,10.0,0.0;0.0,10.0,10.0,0.0::-1090.915,455.02158770216613
-1090.915
0.0,10.0,10.0,0.0;0.0,0.0,10.0,0.0::-1614.155,355.79075096888073
-1614.155
0.0,0.0,10.0,0.0;0.0,10.0,10.0,10.0::-1453.05,474.4540415045486
-1453.05
0.0,10.0,10.0,10.0;0.0,0.0,10.0,0.0::-1685.01,335.37408948814164
-1685.01
0.0,0.0,10.0,0.0;10.0,0.0,0.0,0.0::-1216.23,118.68113624329688
-1216.23
10.0,0.0,0.0,0.0;0.0,0.0,10.0,0.0::-1565.31,558.4739285767956
-1565.31
0.0,0.0,10.0,0.0;10.0,0.0,0.0,10.0::-1185.075,146.6362570273805
-1185.075
10.0,0.0,0.0,10.0;0.0,0.0,10.0,0.0::-985.575,546.3743834359367
-985.575
0.0,0.0,10.0,0.0;10.0,0.0,10.0,0.0::-1205.65,411.73968414521335
-1205.65
10.0,0.0,10.0,0.0;0.0,0.0,10.0,0.0::-1729.01,582.9812260270479
-1729.01
0.0,0.0,10.0,0.0;10.0,0.0,10.0,10.0::-1708.58,540.5643195772359
-1708.58
10.0,0.0,10.0,10.0;0.0,0.0,10.0,0.0::-1722.76,550.2579598697323
-1722.76
0.0,0.0,10.0,0.0;10.0,10.0,0.0,0.0::-1091.99,181.56267485361633
-1091.99
10.0,10.0,0.0,0.0;0.0,0.0,10.0,0.0::-1611.13,502.6437387454458
-1611.13
0.0,0.0,10.0,0.0;10.0,10.0,0.0,10.0::-1063.07,140.1863941329543
-1063.07
10.0,10.0,0.0,10.0;0.0,0.0,10.0,0.0::-1024.39,506.3892750641547
-1024.39
0.0,0.0,10.0,0.0;10.0,10.0,10.0,0.0::-1190.005,473.9388436022099
-1190.005
10.0,10.0,10.0,0.0;0.0,0.0,10.0,0.0::-1808.165,503.5986301361433
-1808.165
0.0,0.0,10.0,0.0;10.0,10.0,10.0,10.0::-1498.04,499.6146248860215
-1498.04
10.0,10.0,10.0,10.0;0.0,0.0,10.0,0.0::-1871.92,500.5712023279007
-1871.92
