0.0,0.0,10.0,10.0;0.0,0.0,10.0,10.0::-1770.51,533.1106310138639
-1770.51
0.0,0.0,10.0,10.0;0.0,0.0,10.0,10.0::-1601.79,445.33219162777806
-1601.79
0.0,0.0,10.0,10.0;0.0,10.0,0.0,0.0::-1088.945,209.79973659421032
-1088.945
0.0,10.0,0.0,0.0;0.0,0.0,10.0,10.0::-1701.745,390.1064181412554
-1701.745
0.0,0.0,10.0,10.0;0.0,10.0,0.0,10.0::-1115.45,245.80248676528885
-1115.45
0.0,10.0,0.0,10.0;0.0,0.0,10.0,10.0::-1004.89,431.7442911029629
-1004.89
0.0,0.0,10.0,10.0;0.0,10.0,10.0,0.0::-1124.85,476.2042182719509
-1124.85
0.0,10.0,10.0,0.0;0.0,0.0,10.0,10.0::-1884.15,405.21643290962425
-1884.15
0.0,0.0,10.0,10.0;0.0,10.0,10.0,10.0::-1491.91,491.2592868333382
-1491.91
0.0,10.0,10.0,10.0;0.0,0.0,10.0,10.0::-1861.85,380.7494615885885
-1861.85
0.0,0.0,10.0,10.0;10.0,0.0,0.0,0.0::-1179.85,233.81310378163155
-1179.85
10.0,0.0,0.0,0.0;0.0,0.0,10.0,10.0::-1644.23,395.36653512911283
-1644.23
0.0,0.0,10.0,10.0;10.0,0.0,0.0,10.0::-1149.68,201.54874745331463
-1149.68
10.0,0.0,0.0,10.0;0.0,0.0,10.0,10.0::-938.68,408.5499695263727
-938.68
0.0,0.0,10.0,10.0;10.0,0.0,10.0,0.0::-1216.16,459.08580831909836
-1216.16
10.0,0.0,10.0,0.0;0.0,0.0,10.0,10.0::-1869.88,444.7128406061601
-1869.88
0.0,0.0,10.0,10.0;10.0,0.0,10.0,10.0::-1659.605,527.7932184814428
-1659.605
10.0,0.0,10.0,10.0;0.0,0.0,10.0,10.0::-1903.885,435.5099588700585
-1903.885
0.0,0.0,10.0,10.0;10.0,10.0,0.0,0.0::-1135.34,228.5587548093487
-1135.34
10.0,10.0,0.0,0.0;0.0,0.0,10.0,10.0::-1777.54,425.61779615049
-1777.54
0.0,0.0,10.0,10.0;10.0,10.0,0.0,10.0::-1083.15,246.86713531776564
-1083.15
10.0,10.0,0.0,10.0;0.0,0.0,10.0,10.0::-1039.59,427.6859091669961
-1039.59
0.0,0.0,10.0,10.0;10.0,10.0,10.0,0.0::-1213.39,482.0742607731717
-1213.39
10.0,10.0,10.0,0.0;0.0,0.0,10.0,10.0::-1953.17,432.0781597118743
-1953.17
0.0,0.0,10.0,10.0;10.0,10.0,10.0,10.0::-1458.21,487.9425948818159
-1458.21
10.0,10.0,10.0,10.0;0.0,0.0,10.0,10.0::-1965.33,420.14125136672794
-1965.33
