0.0,10.0,0.0,0.0;0.0,10.0,0.0,0.0::-1001.14,227.3586382788216
-1001.14
0.0,10.0,0.0,0.0;0.0,10.0,0.0,0.0::-927.26,209.87134725826675
-927.26
0.0,10.0,0.0,0.0;0.0,10.0,0.0,10.0::-1185.18,461.70111825725525
-1185.18
0.0,10.0,0.0,10.0;0.0,10.0,0.0,0.0::-895.2,421.21974668811515
-895.2
0.0,10.0,0.0,0.0;0.0,10.0,10.0,0.0::-1291.82,359.1548100749871
-1291.82
0.0,10.0,10.0,0.0;0.0,10.0,0.0,0.0::-1085.98,180.4974503975056
-1085.98
0.0,10.0,0.0,0.0;0.0,10.0,10.0,10.0::-1583.59,489.0777922784882
-1583.59
0.0,10.0,10.0,10.0;0.0,10.0,0.0,0.0::-1184.99,255.0489264827437
-1184.99
0.0,10.0,0.0,0.0;10.0,0.0,0.0,0.0::-857.82,157.37171791653032
-857.82
10.0,0.0,0.0,0.0;0.0,10.0,0.0,0.0::-1343.22,235.10351252161246
-1343.22
0.0,10.0,0.0,0.0;10.0,0.0,0.0,10.0::-1077.44,374.68992033413434
-1077.44
10.0,0.0,0.0,10.0;0.0,10.0,0.0,0.0::-1299.04,389.87419560673663
-1299.04
0.0,10.0,0.0,0.0;10.0,0.0,10.0,0.0::-1231.38,352.4333846275066
-1231.38
10.0,0.0,10.0,0.0;0.0,10.0,0.0,0.0::-1523.64,230.78917955571487
-1523.64
0.0,10.0,0.0,0.0;10.0,0.0,10.0,10.0::-1421.325,439.08450994654766
-1421.325
10.0,0.0,10.0,10.0;0.0,10.0,0.0,0.0::-1623.585,282.96662395943457
-1623.585
0.0,10.0,0.0,0.0;10.0,10.0,0.0,0.0::-854.195,162.790722938993
-854.195
10.0,10.0,0.0,0.0;0.0,10.0,0.0,0.0::-1322.455,280.62175695230763
-1322.455
0.0,10.0,0.0,0.0;10.0,10.0,0.0,10.0::-1114.065,426.11211937118156
-1114.065
10.0,10.0,0.0,10.0;0.0,10.0,0.0,0.0::-1261.485,444.27329120148573
-1261.485
0.0,10.0,0.0,0.0;10.0,10.0,10.0,0.0::-1176.015,405.8702160481846
-1176.015
10.0,10.0,10.0,0.0;0.0,10.0,0.0,0.0::-1423.755,204.38114510639184
-1423.755
0.0,10.0,0.0,0.0;10.0,10.0,10.0,10.0::-1440.71,478.8246139245559
-1440.71
10.0,10.0,10.0,10.0;0.0,10.0,0.0,0.0::-1544.53,226.05958086309906
-1544.53
