0.0,10.0,0.0,10.0;0.0,10.0,0.0,10.0::-966.175,524.1059977475928
-966.175
0.0,10.0,0.0,10.0;0.0,10.0,0.0,10.0::-958.895,539.677650523903
-958.895
0.0,10.0,0.0,10.0;0.0,10.0,10.0,0.0::-1144.095,495.69527784214364
-1144.095
0.0,10.0,10.0,0.0;0.0,10.0,0.0,10.0::-1211.175,376.13805560591715
-1211.175
0.0,10.0,0.0,10.0;0.0,10.0,10.0,10.0::-1419.95,684.6545022856419
-1419.95
0.0,10.0,10.0,10.0;0.0,10.0,0.0,10.0::-1367.83,445.76644232153683
-1367.83
0.0,10.0,0.0,10.0;10.0,0.0,0.0,0.0::-972.985,131.0632949189055
-972.985
10.0,0.0,0.0,0.0;0.0,10.0,0.0,10.0::-1315.325,135.60133434078
-1315.325
0.0,10.0,0.0,10.0;10.0,0.0,0.0,10.0::-1129.795,370.21126465168504
-1129.795
10.0,0.0,0.0,10.0;0.0,10.0,0.0,10.0::-1186.295,401.1220456108091
-1186.295
0.0,10.0,0.0,10.0;10.0,0.0,10.0,0.0::-1336.795,373.68911607779
-1336.795
10.0,0.0,10.0,0.0;0.0,10.0,0.0,10.0::-1448.795,115.96221572132883
-1448.795
0.0,10.0,0.0,10.0;10.0,0.0,10.0,10.0::-1552.445,397.3944884809048
-1552.445
10.0,0.0,10.0,10.0;0.0,10.0,0.0,10.0::-1532.485,204.23442970028336
-1532.485
0.0,10.0,0.0,10.0;10.0,10.0,0.0,0.0::-1035.82,187.46789751848178
-1035.82
10.0,10.0,0.0,0.0;0.0,10.0,0.0,10.0::-1336.52,257.02952087260326
-1336.52
0.0,10.0,0.0,10.0;10.0,10.0,0.0,10.0::-1136.83,387.9653735837774
-1136.83
10.0,10.0,0.0,10.0;0.0,10.0,0.0,10.0::-1197.77,403.0741955273248
-1197.77
0.0,10.0,0.0,10.0;10.0,10.0,10.0,0.0::-1366.94,359.38109493961974
-1366.94
10.0,10.0,10.0,0.0;0.0,10.0,0.0,10.0::-1449.52,192.6979102118131
-1449.52
0.0,10.0,0.0,10.0;10.0,10.0,10.0,10.0::-1565.22,454.795235902928
-1565.22
10.0,10.0,10.0,10.0;0.0,10.0,0.0,10.0::-1578.72,296.2824945892012
-1578.72
