0.0,10.0,10.0,0.0;0.0,10.0,10.0,0.0::-1399.915,373.8620671785251
-1399.915
0.0,10.0,10.0,0.0;0.0,10.0,10.0,0.0::-1408.115,380.70187716243265
-1408.115
0.0,10.0,10.0,0.0;0.0,10.0,10.0,10.0::-1672.33,460.2317960549878
-1672.33
0.0,10.0,10.0,10.0;0.0,10.0,10.0,0.0::-1490.39,407.71519826957643
-1490.39
0.0,10.0,10.0,0.0;10.0,0.0,0.0,0.0::-1241.28,197.60471047017077
-1241.28
10.0,0.0,0.0,0.0;0.0,10.0,10.0,0.0::-1311.18,597.4203441463974
-1311.18
0.0,10.0,10.0,0.0;10.0,0.0,0.0,10.0::-1352.56,401.3932690018607
-1352.56
10.0,0.0,0.0,10.0;0.0,10.0,10.0,0.0::-1186.16,610.932389385274
-1186.16
0.0,10.0,10.0,0.0;10.0,0.0,10.0,0.0::-1587.73,372.5480131472989
-1587.73
10.0,0.0,10.0,0.0;0.0,10.0,10.0,0.0::-1531.31,546.46566122676
-1531.31
0.0,10.0,10.0,0.0;10.0,0.0,10.0,10.0::-1875.5,472.21714814267386
-1875.5
10.0,0.0,10.0,10.0;0.0,10.0,10.0,0.0::-1503.88,571.3040964320141
-1503.88
0.0,10.0,10.0,0.0;10.0,10.0,0.0,0.0::-1146.885,200.06719939810225
-1146.885
10.0,10.0,0.0,0.0;0.0,10.0,10.0,0.0::-1499.145,549.6034720368859
-1499.145
0.0,10.0,10.0,0.0;10.0,10.0,0.0,10.0::-1325.875,388.26710763983084
-1325.875
10.0,10.0,0.0,10.0;0.0,10.0,10.0,0.0::-1393.055,700.7272718219265
-1393.055
0.0,10.0,10.0,0.0;10.0,10.0,10.0,0.0::-1452.275,368.0344438704074
-1452.275
10.0,10.0,10.0,0.0;0.0,10.0,10.0,0.0::-1582.675,498.48423432943184
-1582.675
0.0,10.0,10.0,0.0;10.0,10.0,10.0,10.0::-1720.37,524.2589466094021
-1720.37
10.0,10.0,10.0,10.0;0.0,10.0,10.0,0.0::-1814.11,499.3947215379834
-1814.11
