0.0,10.0,10.0,10.0;0.0,10.0,10.0,10.0::-1727.115,455.36211884059924
-1727.115
0.0,10.0,10.0,10.0;0.0,10.0,10.0,10.0::-1705.935,437.76011498879154
-1705.935
0.0,10.0,10.0,10.0;10.0,0.0,0.0,0.0::-1216.235,263.60156918159646
-1216.235
10.0,0.0,0.0,0.0;0.0,10.0,10.0,10.0::-1509.475,451.52582082866536
-1509.475
0.0,10.0,10.0,10.0;10.0,0.0,0.0,10.0::-1460.72,434.1100397364706
-1460.72
10.0,0.0,0.0,10.0;0.0,10.0,10.0,10.0::-1452.04,545.9857721589456
-1452.04
0.0,10.0,10.0,10.0;10.0,0.0,10.0,0.0::-1506.48,463.40807027931663
-1506.48
10.0,0.0,10.0,0.0;0.0,10.0,10.0,10.0::-1687.26,429.75588698701955
-1687.26
0.0,10.0,10.0,10.0;10.0,0.0,10.0,10.0::-1820.54,513.2673410611668
-1820.54
10.0,0.0,10.0,10.0;0.0,10.0,10.0,10.0::-1853.08,505.1979301224422
-1853.08
0.0,10.0,10.0,10.0;10.0,10.0,0.0,0.0::-1111.065,254.04724614724722
-1111.065
10.0,10.0,0.0,0.0;0.0,10.0,10.0,10.0::-1514.745,412.86235293981457
-1514.745
0.0,10.0,10.0,10.0;10.0,10.0,0.0,10.0::-1398.73,459.2952994534127
-1398.73
10.0,10.0,0.0,10.0;0.0,10.0,10.0,10.0::-1523.57,577.9276772226781
-1523.57
0.0,10.0,10.0,10.0;10.0,10.0,10.0,0.0::-1490.87,412.9462714446032
-1490.87
10.0,10.0,10.0,0.0;0.0,10.0,10.0,10.0::-1693.99,417.43957634608626
-1693.99
0.0,10.0,10.0,10.0;10.0,10.0,10.0,10.0::-1791.25,515.2775004791108
-1791.25
10.0,10.0,10.0,10.0;0.0,10.0,10.0,10.0::-1885.13,489.17459878861257
-1885.13
