10.0,0.0,0.0,0.0;10.0,0.0,0.0,0.0::-1254.06,184.85598827195184
-1254.06
10.0,0.0,0.0,0.0;10.0,0.0,0.0,0.0::-1254.3,182.26104904778754
-1254.3
10.0,0.0,0.0,0.0;10.0,0.0,0.0,10.0::-1227.865,74.50066627218845
-1227.865
10.0,0.0,0.0,10.0;10.0,0.0,0.0,0.0::-1395.005,176.48778279246412
-1395.005
10.0,0.0,0.0,0.0;10.0,0.0,10.0,0.0::-1375.97,554.1632377738531
-1375.97
10.0,0.0,10.0,0.0;10.0,0.0,0.0,0.0::-1696.45,264.0222954600615
-1696.45
10.0,0.0,0.0,0.0;10.0,0.0,10.0,10.0::-1445.39,446.4068972361425
-1445.39
10.0,0.0,10.0,10.0;10.0,0.0,0.0,0.0::-1686.67,294.2048624683148
-1686.67
10.0,0.0,0.0,0.0;10.0,10.0,0.0,0.0::-1296.495,218.61689659081705
-1296.495
10.0,10.0,0.0,0.0;10.0,0.0,0.0,0.0::-1244.055,250.11911057534164
-1244.055
10.0,0.0,0.0,0.0;10.0,10.0,0.0,10.0::-1248.7,79.28480308356703
-1248.7
10.0,10.0,0.0,10.0;10.0,0.0,0.0,0.0::-1356.92,227.16347329621465
-1356.92
10.0,0.0,0.0,0.0;10.0,10.0,10.0,0.0::-1234.17,588.118020553698
-1234.17
10.0,10.0,10.0,0.0;10.0,0.0,0.0,0.0::-1599.45,227.13703462887773
-1599.45
10.0,0.0,0.0,0.0;10.0,10.0,10.0,10.0::-1397.98,448.8637539387649
-1397.98
10.0,10.0,10.0,10.0;10.0,0.0,0.0,0.0::-1608.62,304.3298960010337
-1608.62
