10.0,0.0,0.0,10.0;10.0,0.0,0.0,10.0::-1358.06,40.808349635828215
-1358.06
10.0,0.0,0.0,10.0;10.0,0.0,0.0,10.0::-1363.66,41.538288361462364
-1363.66
10.0,0.0,0.0,10.0;10.0,0.0,10.0,0.0::-1371.535,561.50699574894
-1371.535
10.0,0.0,10.0,0.0;10.0,0.0,0.0,10.0::-1650.335,158.6514111976316
-1650.335
10.0,0.0,0.0,10.0;10.0,0.0,10.0,10.0::-1517.465,410.0042088503482
-1517.465
10.0,0.0,10.0,10.0;10.0,0.0,0.0,10.0::-1583.365,220.43056565503798
-1583.365
10.0,0.0,0.0,10.0;10.0,10.0,0.0,0.0::-1449.31,222.37510854409942
-1449.31
10.0,10.0,0.0,0.0;10.0,0.0,0.0,10.0::-1238.39,133.48293111855165
-1238.39
10.0,0.0,0.0,10.0;10.0,10.0,0.0,10.0::-1375.955,90.26962653628296
-1375.955
10.0,10.0,0.0,10.0;10.0,0.0,0.0,10.0::-1373.455,132.0792583072755
-1373.455
10.0,0.0,0.0,10.0;10.0,10.0,10.0,0.0::-1415.795,608.2739066202
-1415.795
10.0,10.0,10.0,0.0;10.0,0.0,0.0,10.0::-1658.995,160.6195426310261
-1658.995
10.0,0.0,0.0,10.0;10.0,10.0,10.0,10.0::-1612.36,461.8561576941461
-1612.36
10.0,10.0,10.0,10.0;10.0,0.0,0.0,10.0::-1646.78,242.95347620480757
-1646.78
