0.0,0.0,0.0,0.0;0.0,0.0,0.0,0.0::-1077.725,129.57525564319752
-1077.725
0.0,0.0,0.0,0.0;0.0,0.0,0.0,0.0::-1071.505,121.37305085973571
-1071.505
0.0,0.0,0.0,0.0;0.0,0.0,0.0,10.0::-1054.31,139.88671809718034
-1054.31
0.0,0.0,0.0,10.0;0.0,0.0,0.0,0.0::-417.97,183.0777132804537
-417.97
0.0,0.0,0.0,0.0;0.0,0.0,10.0,0.0::-1137.69,418.84916604906834
-1137.69
0.0,0.0,10.0,0.0;0.0,0.0,0.0,0.0::-1272.09,87.07624188032004
-1272.09
0.0,0.0,0.0,0.0;0.0,0.0,10.0,10.0::-1537.085,462.89115921024023
-1537.085
0.0,0.0,10.0,10.0;0.0,0.0,0.0,0.0::-1261.045,128.3115367961899
-1261.045
0.0,0.0,0.0,0.0;0.0,10.0,0.0,0.0::-889.68,170.37956919771807
-889.68
0.0,10.0,0.0,0.0;0.0,0.0,0.0,0.0::-1131.06,178.62927083767656
-1131.06
0.0,0.0,0.0,0.0;0.0,10.0,0.0,10.0::-913.91,194.96482221159795
-913.91
0.0,10.0,0.0,10.0;0.0,0.0,0.0,0.0::-470.17,193.7274918538925
-470.17
0.0,0.0,0.0,0.0;0.0,10.0,10.0,0.0::-941.56,426.94463505236837
-941.56
0.0,10.0,10.0,0.0;0.0,0.0,0.0,0.0::-1311.74,122.54104373637432
-1311.74
0.0,0.0,0.0,0.0;0.0,10.0,10.0,10.0::-1338.75,504.335644685164
-1338.75
0.0,10.0,10.0,10.0;0.0,0.0,0.0,0.0::-1300.89,180.4516913193113
-1300.89
0.0,0.0,0.0,0.0;10.0,0.0,0.0,0.0::-789.64,87.27101695293807
-789.64
10.0,0.0,0.0,0.0;0.0,0.0,0.0,0.0::-1556.9,207.2192799910279
-1556.9
0.0,0.0,0.0,0.0;10.0,0.0,0.0,10.0::-773.78,88.67714812735014
-773.78
10.0,0.0,0.0,10.0;0.0,0.0,0.0,0.0::-844.54,180.56924821242407
-844.54
0.0,0.0,0.0,0.0;10.0,0.0,10.0,0.0::-896.28,453.3698232127939
-896.28
10.0,0.0,10.0,0.0;0.0,0.0,0.0,0.0::-1761.48,195.0252922059085
-1761.48
0.0,0.0,0.0,0.0;10.0,0.0,10.0,10.0::-1267.16,489.32531551106166
-1267.16
10.0,0.0,10.0,10.0;0.0,0.0,0.0,0.0::-1740.28,205.1196519107811
-1740.28
0.0,0.0,0.0,0.0;10.0,10.0,0.0,0.0::-815.16,129.33726995727102
-815.16
10.0,10.0,0.0,0.0;0.0,0.0,0.0,0.0::-1527.72,256.10493279122915
-1527.72
0.0,0.0,0.0,0.0;10.0,10.0,0.0,10.0::-785.84,110.63238404734842
-785.84
10.0,10.0,0.0,10.0;0.0,0.0,0.0,0.0::-796.42,220.41350593827045
-796.42
0.0,0.0,0.0,0.0;10.0,10.0,10.0,0.0::-946.87,481.6260095758948
-946.87
10.0,10.0,10.0,0.0;0.0,0.0,0.0,0.0::-1623.05,216.11628235743834
-1623.05
0.0,0.0,0.0,0.0;10.0,10.0,10.0,10.0::-1237.895,482.85011284559096
-1237.895
10.0,10.0,10.0,10.0;0.0,0.0,0.0,0.0::-1684.195,212.2337967313406
-1684.195
0.0,0.0,0.0,10.0;0.0,0.0,0.0,10.0::-379.595,129.95223535976595
-379.595
0.0,0.0,0.0,10.0;0.0,0.0,0.0,10.0::-380.575,122.71200786801586
-380.575
0.0,0.0,0.0,10.0;0.0,0.0,10.0,0.0::-535.945,466.8718448086155
-535.945
0.0,0.0,10.0,0.0;0.0,0.0,0.0,10.0::-1251.785,153.8430247850061
-1251.785
0.0,0.0,0.0,10.0;0.0,0.0,10.0,10.0::-874.055,492.0596401606212
-874.055
0.0,0.0,10.0,10.0;0.0,0.0,0.0,10.0::-1252.975,160.48340062137265
-1252.975
0.0,0.0,0.0,10.0;0.0,10.0,0.0,0.0::-807.84,386.2591415099454
-807.84
0.0,10.0,0.0,0.0;0.0,0.0,0.0,10.0::-1326.3,406.69403733027605
-1326.3
0.0,0.0,0.0,10.0;0.0,10.0,0.0,10.0::-706.365,383.97646317840895
-706.365
0.0,10.0,0.0,10.0;0.0,0.0,0.0,10.0::-577.125,364.24078831866154
-577.125
0.0,0.0,0.0,10.0;0.0,10.0,10.0,0.0::-875.85,592.8316856410426
-875.85
0.0,10.0,10.0,0.0;0.0,0.0,0.0,10.0::-1490.13,396.3038141375881
-1490.13
0.0,0.0,0.0,10.0;0.0,10.0,10.0,10.0::-1389.44,640.124692071787
-1389.44
0.0,10.0,10.0,10.0;0.0,0.0,0.0,10.0::-1581.52,448.26771532199376
-1581.52
0.0,0.0,0.0,10.0;10.0,0.0,0.0,0.0::-933.255,76.67090370538226
-933.255
10.0,0.0,0.0,0.0;0.0,0.0,0.0,10.0::-1510.515,99.07743070447475
-1510.515
0.0,0.0,0.0,10.0;10.0,0.0,0.0,10.0::-905.175,78.39557943532274
-905.175
10.0,0.0,0.0,10.0;0.0,0.0,0.0,10.0::-815.295,75.9263490166622
-815.295
0.0,0.0,0.0,10.0;10.0,0.0,10.0,0.0::-1109.13,495.76322281911956
-1109.13
10.0,0.0,10.0,0.0;0.0,0.0,0.0,10.0::-1688.13,58.88610277476342
-1688.13
0.0,0.0,0.0,10.0;10.0,0.0,10.0,10.0::-1381.285,490.82750664057124
-1381.285
10.0,0.0,10.0,10.0;0.0,0.0,0.0,10.0::-1715.465,105.68796655721975
-1715.465
0.0,0.0,0.0,10.0;10.0,10.0,0.0,0.0::-945.475,118.12392592104278
-945.475
10.0,10.0,0.0,0.0;0.0,0.0,0.0,10.0::-1512.935,147.63395027906012
-1512.935
0.0,0.0,0.0,10.0;10.0,10.0,0.0,10.0::-934.625,132.52694773139538
-934.625
10.0,10.0,0.0,10.0;0.0,0.0,0.0,10.0::-834.085,150.48054782927926
-834.085
0.0,0.0,0.0,10.0;10.0,10.0,10.0,0.0::-939.345,359.3183386288543
-939.345
10.0,10.0,10.0,0.0;0.0,0.0,0.0,10.0::-1721.085,157.91618116899863
-1721.085
0.0,0.0,0.0,10.0;10.0,10.0,10.0,10.0::-1333.48,471.49977688223777
-1333.48
10.0,10.0,10.0,10.0;0.0,0.0,0.0,10.0::-1732.46,162.42419277927777
-1732.46
0.0,0.0,10.0,0.0;0.0,0.0,10.0,0.0::-1314.295,425.85643176427425
-1314.295
0.0,0.0,10.0,0.0;0.0,0.0,10.0,0.0::-1341.995,420.4626112688261
-1341.995
0.0,0.0,10.0,0.0;0.0,0.0,10.0,10.0::-1614.43,420.89777274297865
-1614.43
0.0,0.0,10.0,10.0;0.0,0.0,10.0,0.0::-1303.55,390.2249575565355
-1303.55
0.0,0.0,10.0,0.0;0.0,10.0,0.0,0.0::-1005.32,129.83892944721936
-1005.32
0.0,10.0,0.0,0.0;0.0,0.0,10.0,0.0::-1510.3,343.64269234191494
-1510.3
0.0,0.0,10.0,0.0;0.0,10.0,0.0,10.0::-1009.475,153.21046594472588
-1009.475
0.0,10.0,0.0,10.0;0.0,0.0,10.0,0.0::-728.155,390.4800871683471
-728.155
0.0,0.0,10.0,0.0;0.0,10.0,10.0,0.0::-1090.915,455.02158770216613
-1090.915
0.0,10.0,10.0,0.0;0.0,0.0,10.0,0.0::-1614.155,355.79075096888073
-1614.155
0.0,0.0,10.0,0.0;0.0,10.0,10.0,10.0::-1453.05,474.4540415045486
-1453.05
0.0,10.0,10.0,10.0;0.0,0.0,10.0,0.0::-1685.01,335.37408948814164
-1685.01
0.0,0.0,10.0,0.0;10.0,0.0,0.0,0.0::-1216.23,118.68113624329688
-1216.23
10.0,0.0,0.0,0.0;0.0,0.0,10.0,0.0::-1565.31,558.4739285767956
-1565.31
0.0,0.0,10.0,0.0;10.0,0.0,0.0,10.0::-1185.075,146.6362570273805
-1185.075
10.0,0.0,0.0,10.0;0.0,0.0,10.0,0.0::-985.575,546.3743834359367
-985.575
0.0,0.0,10.0,0.0;10.0,0.0,10.0,0.0::-1205.65,411.73968414521335
-1205.65
10.0,0.0,10.0,0.0;0.0,0.0,10.0,0.0::-1729.01,582.9812260270479
-1729.01
0.0,0.0,10.0,0.0;10.0,0.0,10.0,10.0::-1708.58,540.5643195772359
-1708.58
10.0,0.0,10.0,10.0;0.0,0.0,10.0,0.0::-1722.76,550.2579598697323
-1722.76
0.0,0.0,10.0,0.0;10.0,10.0,0.0,0.0::-1091.99,181.56267485361633
-1091.99
10.0,10.0,0.0,0.0;0.0,0.0,10.0,0.0::-1611.13,502.6437387454458
-1611.13
0.0,0.0,10.0,0.0;10.0,10.0,0.0,10.0::-1063.07,140.1863941329543
-1063.07
10.0,10.0,0.0,10.0;0.0,0.0,10.0,0.0::-1024.39,506.3892750641547
-1024.39
0.0,0.0,10.0,0.0;10.0,10.0,10.0,0.0::-1190.005,473.9388436022099
-1190.005
10.0,10.0,10.0,0.0;0.0,0.0,10.0,0.0::-1808.165,503.5986301361433
-1808.165
0.0,0.0,10.0,0.0;10.0,10.0,10.0,10.0::-1498.04,499.6146248860215
-1498.04
10.0,10.0,10.0,10.0;0.0,0.0,10.0,0.0::-1871.92,500.5712023279007
-1871.92
0.0,0.0,10.0,10.0;0.0,0.0,10.0,10.0::-1770.51,533.1106310138639
-1770.51
0.0,0.0,10.0,10.0;0.0,0.0,10.0,10.0::-1601.79,445.33219162777806
-1601.79
0.0,0.0,10.0,10.0;0.0,10.0,0.0,0.0::-1088.945,209.79973659421032
-1088.945
0.0,10.0,0.0,0.0;0.0,0.0,10.0,10.0::-1701.745,390.1064181412554
-1701.745
0.0,0.0,10.0,10.0;0.0,10.0,0.0,10.0::-1115.45,245.80248676528885
-1115.45
0.0,10.0,0.0,10.0;0.0,0.0,10.0,10.0::-1004.89,431.7442911029629
-1004.89
0.0,0.0,10.0,10.0;0.0,10.0,10.0,0.0::-1124.85,476.2042182719509
-1124.85
0.0,10.0,10.0,0.0;0.0,0.0,10.0,10.0::-1884.15,405.21643290962425
-1884.15
0.0,0.0,10.0,10.0;0.0,10.0,10.0,10.0::-1491.91,491.2592868333382
-1491.91
0.0,10.0,10.0,10.0;0.0,0.0,10.0,10.0::-1861.85,380.7494615885885
-1861.85
0.0,0.0,10.0,10.0;10.0,0.0,0.0,0.0::-1179.85,233.81310378163155
-1179.85
10.0,0.0,0.0,0.0;0.0,0.0,10.0,10.0::-1644.23,395.36653512911283
-1644.23
0.0,0.0,10.0,10.0;10.0,0.0,0.0,10.0::-1149.68,201.54874745331463
-1149.68
10.0,0.0,0.0,10.0;0.0,0.0,10.0,10.0::-938.68,408.5499695263727
-938.68
0.0,0.0,10.0,10.0;10.0,0.0,10.0,0.0::-1216.16,459.08580831909836
-1216.16
10.0,0.0,10.0,0.0;0.0,0.0,10.0,10.0::-1869.88,444.7128406061601
-1869.88
0.0,0.0,10.0,10.0;10.0,0.0,10.0,10.0::-1659.605,527.7932184814428
-1659.605
10.0,0.0,10.0,10.0;0.0,0.0,10.0,10.0::-1903.885,435.5099588700585
-1903.885
0.0,0.0,10.0,10.0;10.0,10.0,0.0,0.0::-1135.34,228.5587548093487
-1135.34
10.0,10.0,0.0,0.0;0.0,0.0,10.0,10.0::-1777.54,425.61779615049
-1777.54
0.0,0.0,10.0,10.0;10.0,10.0,0.0,10.0::-1083.15,246.86713531776564
-1083.15
10.0,10.0,0.0,10.0;0.0,0.0,10.0,10.0::-1039.59,427.6859091669961
-1039.59
0.0,0.0,10.0,10.0;10.0,10.0,10.0,0.0::-1213.39,482.0742607731717
-1213.39
10.0,10.0,10.0,0.0;0.0,0.0,10.0,10.0::-1953.17,432.0781597118743
-1953.17
0.0,0.0,10.0,10.0;10.0,10.0,10.0,10.0::-1458.21,487.9425948818159
-1458.21
10.0,10.0,10.0,10.0;0.0,0.0,10.0,10.0::-1965.33,420.14125136672794
-1965.33
0.0,10.0,0.0,0.0;0.0,10.0,0.0,0.0::-1001.14,227.3586382788216
-1001.14
0.0,10.0,0.0,0.0;0.0,10.0,0.0,0.0::-927.26,209.87134725826675
-927.26
0.0,10.0,0.0,0.0;0.0,10.0,0.0,10.0::-1185.18,461.70111825725525
-1185.18
0.0,10.0,0.0,10.0;0.0,10.0,0.0,0.0::-895.2,421.21974668811515
-895.2
0.0,10.0,0.0,0.0;0.0,10.0,10.0,0.0::-1291.82,359.1548100749871
-1291.82
0.0,10.0,10.0,0.0;0.0,10.0,0.0,0.0::-1085.98,180.4974503975056
-1085.98
0.0,10.0,0.0,0.0;0.0,10.0,10.0,10.0::-1583.59,489.0777922784882
-1583.59
0.0,10.0,10.0,10.0;0.0,10.0,0.0,0.0::-1184.99,255.0489264827437
-1184.99
0.0,10.0,0.0,0.0;10.0,0.0,0.0,0.0::-857.82,157.37171791653032
-857.82
10.0,0.0,0.0,0.0;0.0,10.0,0.0,0.0::-1343.22,235.10351252161246
-1343.22
0.0,10.0,0.0,0.0;10.0,0.0,0.0,10.0::-1077.44,374.68992033413434
-1077.44
10.0,0.0,0.0,10.0;0.0,10.0,0.0,0.0::-1299.04,389.87419560673663
-1299.04
0.0,10.0,0.0,0.0;10.0,0.0,10.0,0.0::-1231.38,352.4333846275066
-1231.38
10.0,0.0,10.0,0.0;0.0,10.0,0.0,0.0::-1523.64,230.78917955571487
-1523.64
0.0,10.0,0.0,0.0;10.0,0.0,10.0,10.0::-1421.325,439.08450994654766
-1421.325
10.0,0.0,10.0,10.0;0.0,10.0,0.0,0.0::-1623.585,282.96662395943457
-1623.585
0.0,10.0,0.0,0.0;10.0,10.0,0.0,0.0::-854.195,162.790722938993
-854.195
10.0,10.0,0.0,0.0;0.0,10.0,0.0,0.0::-1322.455,280.62175695230763
-1322.455
0.0,10.0,0.0,0.0;10.0,10.0,0.0,10.0::-1114.065,426.11211937118156
-1114.065
10.0,10.0,0.0,10.0;0.0,10.0,0.0,0.0::-1261.485,444.27329120148573
-1261.485
0.0,10.0,0.0,0.0;10.0,10.0,10.0,0.0::-1176.015,405.8702160481846
-1176.015
10.0,10.0,10.0,0.0;0.0,10.0,0.0,0.0::-1423.755,204.38114510639184
-1423.755
0.0,10.0,0.0,0.0;10.0,10.0,10.0,10.0::-1440.71,478.8246139245559
-1440.71
10.0,10.0,10.0,10.0;0.0,10.0,0.0,0.0::-1544.53,226.05958086309906
-1544.53
0.0,10.0,0.0,10.0;0.0,10.0,0.0,10.0::-966.175,524.1059977475928
-966.175
0.0,10.0,0.0,10.0;0.0,10.0,0.0,10.0::-958.895,539.677650523903
-958.895
0.0,10.0,0.0,10.0;0.0,10.0,10.0,0.0::-1144.095,495.69527784214364
-1144.095
0.0,10.0,10.0,0.0;0.0,10.0,0.0,10.0::-1211.175,376.13805560591715
-1211.175
0.0,10.0,0.0,10.0;0.0,10.0,10.0,10.0::-1419.95,684.6545022856419
-1419.95
0.0,10.0,10.0,10.0;0.0,10.0,0.0,10.0::-1367.83,445.76644232153683
-1367.83
0.0,10.0,0.0,10.0;10.0,0.0,0.0,0.0::-972.985,131.0632949189055
-972.985
10.0,0.0,0.0,0.0;0.0,10.0,0.0,10.0::-1315.325,135.60133434078
-1315.325
0.0,10.0,0.0,10.0;10.0,0.0,0.0,10.0::-1129.795,370.21126465168504
-1129.795
10.0,0.0,0.0,10.0;0.0,10.0,0.0,10.0::-1186.295,401.1220456108091
-1186.295
0.0,10.0,0.0,10.0;10.0,0.0,10.0,0.0::-1336.795,373.68911607779
-1336.795
10.0,0.0,10.0,0.0;0.0,10.0,0.0,10.0::-1448.795,115.96221572132883
-1448.795
0.0,10.0,0.0,10.0;10.0,0.0,10.0,10.0::-1552.445,397.3944884809048
-1552.445
10.0,0.0,10.0,10.0;0.0,10.0,0.0,10.0::-1532.485,204.23442970028336
-1532.485
0.0,10.0,0.0,10.0;10.0,10.0,0.0,0.0::-1035.82,187.46789751848178
-1035.82
10.0,10.0,0.0,0.0;0.0,10.0,0.0,10.0::-1336.52,257.02952087260326
-1336.52
0.0,10.0,0.0,10.0;10.0,10.0,0.0,10.0::-1136.83,387.9653735837774
-1136.83
10.0,10.0,0.0,10.0;0.0,10.0,0.0,10.0::-1197.77,403.0741955273248
-1197.77
0.0,10.0,0.0,10.0;10.0,10.0,10.0,0.0::-1366.94,359.38109493961974
-1366.94
10.0,10.0,10.0,0.0;0.0,10.0,0.0,10.0::-1449.52,192.6979102118131
-1449.52
0.0,10.0,0.0,10.0;10.0,10.0,10.0,10.0::-1565.22,454.795235902928
-1565.22
10.0,10.0,10.0,10.0;0.0,10.0,0.0,10.0::-1578.72,296.2824945892012
-1578.72
0.0,10.0,10.0,0.0;0.0,10.0,10.0,0.0::-1399.915,373.8620671785251
-1399.915
0.0,10.0,10.0,0.0;0.0,10.0,10.0,0.0::-1408.115,380.70187716243265
-1408.115
0.0,10.0,10.0,0.0;0.0,10.0,10.0,10.0::-1672.33,460.2317960549878
-1672.33
0.0,10.0,10.0,10.0;0.0,10.0,10.0,0.0::-1490.39,407.71519826957643
-1490.39
0.0,10.0,10.0,0.0;10.0,0.0,0.0,0.0::-1241.28,197.60471047017077
-1241.28
10.0,0.0,0.0,0.0;0.0,10.0,10.0,0.0::-1311.18,597.4203441463974
-1311.18
0.0,10.0,10.0,0.0;10.0,0.0,0.0,10.0::-1352.56,401.3932690018607
-1352.56
10.0,0.0,0.0,10.0;0.0,10.0,10.0,0.0::-1186.16,610.932389385274
-1186.16
0.0,10.0,10.0,0.0;10.0,0.0,10.0,0.0::-1587.73,372.5480131472989
-1587.73
10.0,0.0,10.0,0.0;0.0,10.0,10.0,0.0::-1531.31,546.46566122676
-1531.31
0.0,10.0,10.0,0.0;10.0,0.0,10.0,10.0::-1875.5,472.21714814267386
-1875.5
10.0,0.0,10.0,10.0;0.0,10.0,10.0,0.0::-1503.88,571.3040964320141
-1503.88
0.0,10.0,10.0,0.0;10.0,10.0,0.0,0.0::-1146.885,200.06719939810225
-1146.885
10.0,10.0,0.0,0.0;0.0,10.0,10.0,0.0::-1499.145,549.6034720368859
-1499.145
0.0,10.0,10.0,0.0;10.0,10.0,0.0,10.0::-1325.875,388.26710763983084
-1325.875
10.0,10.0,0.0,10.0;0.0,10.0,10.0,0.0::-1393.055,700.7272718219265
-1393.055
0.0,10.0,10.0,0.0;10.0,10.0,10.0,0.0::-1452.275,368.0344438704074
-1452.275
10.0,10.0,10.0,0.0;0.0,10.0,10.0,0.0::-1582.675,498.48423432943184
-1582.675
0.0,10.0,10.0,0.0;10.0,10.0,10.0,10.0::-1720.37,524.2589466094021
-1720.37
10.0,10.0,10.0,10.0;0.0,10.0,10.0,0.0::-1814.11,499.3947215379834
-1814.11
0.0,10.0,10.0,10.0;0.0,10.0,10.0,10.0::-1727.115,455.36211884059924
-1727.115
0.0,10.0,10.0,10.0;0.0,10.0,10.0,10.0::-1705.935,437.76011498879154
-1705.935
0.0,10.0,10.0,10.0;10.0,0.0,0.0,0.0::-1216.235,263.60156918159646
-1216.235
10.0,0.0,0.0,0.0;0.0,10.0,10.0,10.0::-1509.475,451.52582082866536
-1509.475
0.0,10.0,10.0,10.0;10.0,0.0,0.0,10.0::-1460.72,434.1100397364706
-1460.72
10.0,0.0,0.0,10.0;0.0,10.0,10.0,10.0::-1452.04,545.9857721589456
-1452.04
0.0,10.0,10.0,10.0;10.0,0.0,10.0,0.0::-1506.48,463.40807027931663
-1506.48
10.0,0.0,10.0,0.0;0.0,10.0,10.0,10.0::-1687.26,429.75588698701955
-1687.26
0.0,10.0,10.0,10.0;10.0,0.0,10.0,10.0::-1820.54,513.2673410611668
-1820.54
10.0,0.0,10.0,10.0;0.0,10.0,10.0,10.0::-1853.08,505.1979301224422
-1853.08
0.0,10.0,10.0,10.0;10.0,10.0,0.0,0.0::-1111.065,254.04724614724722
-1111.065
10.0,10.0,0.0,0.0;0.0,10.0,10.0,10.0::-1514.745,412.86235293981457
-1514.745
0.0,10.0,10.0,10.0;10.0,10.0,0.0,10.0::-1398.73,459.2952994534127
-1398.73
10.0,10.0,0.0,10.0;0.0,10.0,10.0,10.0::-1523.57,577.9276772226781
-1523.57
0.0,10.0,10.0,10.0;10.0,10.0,10.0,0.0::-1490.87,412.9462714446032
-1490.87
10.0,10.0,10.0,0.0;0.0,10.0,10.0,10.0::-1693.99,417.43957634608626
-1693.99
0.0,10.0,10.0,10.0;10.0,10.0,10.0,10.0::-1791.25,515.2775004791108
-1791.25
10.0,10.0,10.0,10.0;0.0,10.0,10.0,10.0::-1885.13,489.17459878861257
-1885.13
10.0,0.0,0.0,0.0;10.0,0.0,0.0,0.0::-1254.06,184.85598827195184
-1254.06
10.0,0.0,0.0,0.0;10.0,0.0,0.0,0.0::-1254.3,182.26104904778754
-1254.3
10.0,0.0,0.0,0.0;10.0,0.0,0.0,10.0::-1227.865,74.50066627218845
-1227.865
10.0,0.0,0.0,10.0;10.0,0.0,0.0,0.0::-1395.005,176.48778279246412
-1395.005
10.0,0.0,0.0,0.0;10.0,0.0,10.0,0.0::-1375.97,554.1632377738531
-1375.97
10.0,0.0,10.0,0.0;10.0,0.0,0.0,0.0::-1696.45,264.0222954600615
-1696.45
10.0,0.0,0.0,0.0;10.0,0.0,10.0,10.0::-1445.39,446.4068972361425
-1445.39
10.0,0.0,10.0,10.0;10.0,0.0,0.0,0.0::-1686.67,294.2048624683148
-1686.67
10.0,0.0,0.0,0.0;10.0,10.0,0.0,0.0::-1296.495,218.61689659081705
-1296.495
10.0,10.0,0.0,0.0;10.0,0.0,0.0,0.0::-1244.055,250.11911057534164
-1244.055
10.0,0.0,0.0,0.0;10.0,10.0,0.0,10.0::-1248.7,79.28480308356703
-1248.7
10.0,10.0,0.0,10.0;10.0,0.0,0.0,0.0::-1356.92,227.16347329621465
-1356.92
10.0,0.0,0.0,0.0;10.0,10.0,10.0,0.0::-1234.17,588.118020553698
-1234.17
10.0,10.0,10.0,0.0;10.0,0.0,0.0,0.0::-1599.45,227.13703462887773
-1599.45
10.0,0.0,0.0,0.0;10.0,10.0,10.0,10.0::-1397.98,448.8637539387649
-1397.98
10.0,10.0,10.0,10.0;10.0,0.0,0.0,0.0::-1608.62,304.3298960010337
-1608.62
10.0,0.0,0.0,10.0;10.0,0.0,0.0,10.0::-1358.06,40.808349635828215
-1358.06
10.0,0.0,0.0,10.0;10.0,0.0,0.0,10.0::-1363.66,41.538288361462364
-1363.66
10.0,0.0,0.0,10.0;10.0,0.0,10.0,0.0::-1371.535,561.50699574894
-1371.535
10.0,0.0,10.0,0.0;10.0,0.0,0.0,10.0::-1650.335,158.6514111976316
-1650.335
10.0,0.0,0.0,10.0;10.0,0.0,10.0,10.0::-1517.465,410.0042088503482
-1517.465
10.0,0.0,10.0,10.0;10.0,0.0,0.0,10.0::-1583.365,220.43056565503798
-1583.365
10.0,0.0,0.0,10.0;10.0,10.0,0.0,0.0::-1449.31,222.37510854409942
-1449.31
10.0,10.0,0.0,0.0;10.0,0.0,0.0,10.0::-1238.39,133.48293111855165
-1238.39
10.0,0.0,0.0,10.0;10.0,10.0,0.0,10.0::-1375.955,90.26962653628296
-1375.955
10.0,10.0,0.0,10.0;10.0,0.0,0.0,10.0::-1373.455,132.0792583072755
-1373.455
10.0,0.0,0.0,10.0;10.0,10.0,10.0,0.0::-1415.795,608.2739066202
-1415.795
10.0,10.0,10.0,0.0;10.0,0.0,0.0,10.0::-1658.995,160.6195426310261
-1658.995
10.0,0.0,0.0,10.0;10.0,10.0,10.0,10.0::-1612.36,461.8561576941461
-1612.36
10.0,10.0,10.0,10.0;10.0,0.0,0.0,10.0::-1646.78,242.95347620480757
-1646.78
10.0,0.0,10.0,0.0;10.0,0.0,10.0,0.0::-1735.87,621.0913041574483
-1735.87
10.0,0.0,10.0,0.0;10.0,0.0,10.0,0.0::-1659.05,594.5125755608537
-1659.05
10.0,0.0,10.0,0.0;10.0,0.0,10.0,10.0::-1782.015,460.1477450504348
-1782.015
10.0,0.0,10.0,10.0;10.0,0.0,10.0,0.0::-1668.915,601.3247128424044
-1668.915
10.0,0.0,10.0,0.0;10.0,10.0,0.0,0.0::-1532.16,197.915750762793
-1532.16
10.0,10.0,0.0,0.0;10.0,0.0,10.0,0.0::-1375.62,495.9974249933159
-1375.62
10.0,0.0,10.0,0.0;10.0,10.0,0.0,10.0::-1501.42,150.14857175477894
-1501.42
10.0,10.0,0.0,10.0;10.0,0.0,10.0,0.0::-1469.78,505.08710298323797
-1469.78
10.0,0.0,10.0,0.0;10.0,10.0,10.0,0.0::-1579.125,567.6294802730034
-1579.125
10.0,10.0,10.0,0.0;10.0,0.0,10.0,0.0::-1809.525,529.7238213210729
-1809.525
10.0,0.0,10.0,0.0;10.0,10.0,10.0,10.0::-1670.045,392.8148997619617
-1670.045
10.0,10.0,10.0,10.0;10.0,0.0,10.0,0.0::-1796.845,582.9808517224214
-1796.845
10.0,0.0,10.0,10.0;10.0,0.0,10.0,10.0::-1793.85,448.6714137316974
-1793.85
10.0,0.0,10.0,10.0;10.0,0.0,10.0,10.0::-1777.95,450.0607042388838
-1777.95
10.0,0.0,10.0,10.0;10.0,10.0,0.0,0.0::-1619.09,295.2175585902708
-1619.09
10.0,10.0,0.0,0.0;10.0,0.0,10.0,10.0::-1527.01,408.8644211716153
-1527.01
10.0,0.0,10.0,10.0;10.0,10.0,0.0,10.0::-1515.03,184.20425917985716
-1515.03
10.0,10.0,0.0,10.0;10.0,0.0,10.0,10.0::-1649.25,427.8928224450604
-1649.25
10.0,0.0,10.0,10.0;10.0,10.0,10.0,0.0::-1511.245,582.2191833622454
-1511.245
10.0,10.0,10.0,0.0;10.0,0.0,10.0,10.0::-1849.325,466.0774097454198
-1849.325
10.0,0.0,10.0,10.0;10.0,10.0,10.0,10.0::-1712.62,444.35447629117004
-1712.62
10.0,10.0,10.0,10.0;10.0,0.0,10.0,10.0::-1839.74,461.78765401426665
-1839.74
10.0,10.0,0.0,0.0;10.0,10.0,0.0,0.0::-1232.59,211.54570877235966
-1232.59
10.0,10.0,0.0,0.0;10.0,10.0,0.0,0.0::-1214.03,215.87647880211492
-1214.03
10.0,10.0,0.0,0.0;10.0,10.0,0.0,10.0::-1272.765,192.21086669332715
-1272.765
10.0,10.0,0.0,10.0;10.0,10.0,0.0,0.0::-1399.725,274.15310845401694
-1399.725
10.0,10.0,0.0,0.0;10.0,10.0,10.0,0.0::-1398.05,488.88352140361604
-1398.05
10.0,10.0,10.0,0.0;10.0,10.0,0.0,0.0::-1511.05,253.01505389996066
-1511.05
10.0,10.0,0.0,0.0;10.0,10.0,10.0,10.0::-1478.535,412.8858271665425
-1478.535
10.0,10.0,10.0,10.0;10.0,10.0,0.0,0.0::-1556.655,282.72977111545924
-1556.655
10.0,10.0,0.0,10.0;10.0,10.0,0.0,10.0::-1390.21,151.99768386393262
-1390.21
10.0,10.0,0.0,10.0;10.0,10.0,0.0,10.0::-1374.23,162.8509966196093
-1374.23
10.0,10.0,0.0,10.0;10.0,10.0,10.0,0.0::-1539.7,532.8006052924491
-1539.7
10.0,10.0,10.0,0.0;10.0,10.0,0.0,10.0::-1561.64,238.06017180536523
-1561.64
10.0,10.0,0.0,10.0;10.0,10.0,10.0,10.0::-1672.175,462.5196448530593
-1672.175
10.0,10.0,10.0,10.0;10.0,10.0,0.0,10.0::-1581.955,337.1546091557996
-1581.955
10.0,10.0,10.0,0.0;10.0,10.0,10.0,0.0::-1644.44,530.6777519361444
-1644.44
10.0,10.0,10.0,0.0;10.0,10.0,10.0,0.0::-1707.76,487.4062088238106
-1707.76
10.0,10.0,10.0,0.0;10.0,10.0,10.0,10.0::-1726.98,429.29502046960664
-1726.98
10.0,10.0,10.0,10.0;10.0,10.0,10.0,0.0::-1640.52,453.7817587783801
-1640.52
10.0,10.0,10.0,10.0;10.0,10.0,10.0,10.0::-1813.51,456.0306074157743
-1813.51
10.0,10.0,10.0,10.0;10.0,10.0,10.0,10.0::-1827.83,478.1568844009255
-1827.83
