0.0,0.0;0.0,0.0::-4000.0,0.0
-4000.0
0.0,0.0;0.0,0.0::-4000.0,0.0
-4000.0
0.0,0.0;0.0,1.0::-4000.0,0.0
-4000.0
0.0,1.0;0.0,0.0::-4000.0,0.0
-4000.0
0.0,0.0;0.0,2.0::-1500.0,0.0
-1500.0
0.0,2.0;0.0,0.0::-2500.0,0.0
-2500.0
0.0,0.0;0.0,3.0::-1500.0,0.0
-1500.0
0.0,3.0;0.0,0.0::-2500.0,0.0
-2500.0
0.0,0.0;0.0,4.0::-1525.0,0.0
-1525.0
0.0,4.0;0.0,0.0::-2515.0,0.0
-2515.0
0.0,0.0;1.0,0.0::-4000.0,0.0
-4000.0
1.0,0.0;0.0,0.0::-4000.0,0.0
-4000.0
0.0,0.0;1.0,1.0::-4000.0,0.0
-4000.0
1.0,1.0;0.0,0.0::-4000.0,0.0
-4000.0
0.0,0.0;1.0,2.0::-1500.0,0.0
-1500.0
1.0,2.0;0.0,0.0::-2500.0,0.0
-2500.0
0.0,0.0;1.0,3.0::-1500.0,0.0
-1500.0
1.0,3.0;0.0,0.0::-2500.0,0.0
-2500.0
0.0,0.0;1.0,4.0::-1525.0,0.0
-1525.0
1.0,4.0;0.0,0.0::-2515.0,0.0
-2515.0
0.0,0.0;2.0,0.0::-3000.0,0.0
-3000.0
2.0,0.0;0.0,0.0::-5000.0,0.0
-5000.0
0.0,0.0;2.0,1.0::-3000.0,0.0
-3000.0
2.0,1.0;0.0,0.0::-5000.0,0.0
-5000.0
0.0,0.0;2.0,2.0::-500.0,0.0
-500.0
2.0,2.0;0.0,0.0::-3500.0,0.0
-3500.0
0.0,0.0;2.0,3.0::-500.0,0.0
-500.0
2.0,3.0;0.0,0.0::-3500.0,0.0
-3500.0
0.0,0.0;2.0,4.0::-525.0,0.0
-525.0
2.0,4.0;0.0,0.0::-3515.0,0.0
-3515.0
0.0,0.0;3.0,0.0::-3000.0,0.0
-3000.0
3.0,0.0;0.0,0.0::-5000.0,0.0
-5000.0
0.0,0.0;3.0,1.0::-3000.0,0.0
-3000.0
3.0,1.0;0.0,0.0::-5000.0,0.0
-5000.0
0.0,0.0;3.0,2.0::-500.0,0.0
-500.0
3.0,2.0;0.0,0.0::-3500.0,0.0
-3500.0
0.0,0.0;3.0,3.0::-500.0,0.0
-500.0
3.0,3.0;0.0,0.0::-3500.0,0.0
-3500.0
0.0,0.0;3.0,4.0::-525.0,0.0
-525.0
3.0,4.0;0.0,0.0::-3515.0,0.0
-3515.0
0.0,0.0;4.0,0.0::-1512.5,0.0
-1512.5
4.0,0.0;0.0,0.0::-2507.5,0.0
-2507.5
0.0,0.0;4.0,1.0::-1512.5,0.0
-1512.5
4.0,1.0;0.0,0.0::-2507.5,0.0
-2507.5
0.0,0.0;4.0,2.0::987.5,0.0
987.5
4.0,2.0;0.0,0.0::-1007.5,0.0
-1007.5
0.0,0.0;4.0,3.0::987.5,0.0
987.5
4.0,3.0;0.0,0.0::-1007.5,0.0
-1007.5
0.0,0.0;4.0,4.0::962.5,0.0
962.5
4.0,4.0;0.0,0.0::-1022.5,0.0
-1022.5
