2.0,0.0;2.0,0.0::-4000.0,0.0
-4000.0
2.0,0.0;2.0,0.0::-4000.0,0.0
-4000.0
2.0,0.0;2.0,1.0::-2250.0,0.0
-2250.0
2.0,1.0;2.0,0.0::-3750.0,0.0
-3750.0
2.0,0.0;2.0,2.0::-2250.0,0.0
-2250.0
2.0,2.0;2.0,0.0::-3750.0,0.0
-3750.0
2.0,0.0;2.0,3.0::-500.0,0.0
-500.0
2.0,3.0;2.0,0.0::-3500.0,0.0
-3500.0
2.0,0.0;2.0,4.0::-500.0,0.0
-500.0
2.0,4.0;2.0,0.0::-3500.0,0.0
-3500.0
2.0,0.0;3.0,0.0::-4000.0,0.0
-4000.0
3.0,0.0;2.0,0.0::-4000.0,0.0
-4000.0
2.0,0.0;3.0,1.0::-2250.0,0.0
-2250.0
3.0,1.0;2.0,0.0::-3750.0,0.0
-3750.0
2.0,0.0;3.0,2.0::-2250.0,0.0
-2250.0
3.0,2.0;2.0,0.0::-3750.0,0.0
-3750.0
2.0,0.0;3.0,3.0::-500.0,0.0
-500.0
3.0,3.0;2.0,0.0::-3500.0,0.0
-3500.0
2.0,0.0;3.0,4.0::-500.0,0.0
-500.0
3.0,4.0;2.0,0.0::-3500.0,0.0
-3500.0
2.0,0.0;4.0,0.0::-2512.5,0.0
-2512.5
4.0,0.0;2.0,0.0::-1507.5,0.0
-1507.5
2.0,0.0;4.0,1.0::-762.5,0.0
-762.5
4.0,1.0;2.0,0.0::-1257.5,0.0
-1257.5
2.0,0.0;4.0,2.0::-762.5,0.0
-762.5
4.0,2.0;2.0,0.0::-1257.5,0.0
-1257.5
2.0,0.0;4.0,3.0::987.5,0.0
987.5
4.0,3.0;2.0,0.0::-1007.5,0.0
-1007.5
2.0,0.0;4.0,4.0::987.5,0.0
987.5
4.0,4.0;2.0,0.0::-1007.5,0.0
-1007.5
