2.0,4.0;2.0,4.0::0.0,0.0
0.0
2.0,4.0;2.0,4.0::0.0,0.0
0.0
2.0,4.0;3.0,0.0::-2525.0,0.0
-2525.0
3.0,0.0;2.0,4.0::-1515.0,0.0
-1515.0
2.0,4.0;3.0,1.0::-775.0,0.0
-775.0
3.0,1.0;2.0,4.0::-1265.0,0.0
-1265.0
2.0,4.0;3.0,2.0::-775.0,0.0
-775.0
3.0,2.0;2.0,4.0::-1265.0,0.0
-1265.0
2.0,4.0;3.0,3.0::975.0,0.0
975.0
3.0,3.0;2.0,4.0::-1015.0,0.0
-1015.0
2.0,4.0;3.0,4.0::975.0,0.0
975.0
3.0,4.0;2.0,4.0::-1015.0,0.0
-1015.0
2.0,4.0;4.0,0.0::-2512.5,0.0
-2512.5
4.0,0.0;2.0,4.0::-1507.5,0.0
-1507.5
2.0,4.0;4.0,1.0::-762.5,0.0
-762.5
4.0,1.0;2.0,4.0::-1257.5,0.0
-1257.5
2.0,4.0;4.0,2.0::-762.5,0.0
-762.5
4.0,2.0;2.0,4.0::-1257.5,0.0
-1257.5
2.0,4.0;4.0,3.0::987.5,0.0
987.5
4.0,3.0;2.0,4.0::-1007.5,0.0
-1007.5
2.0,4.0;4.0,4.0::987.5,0.0
987.5
4.0,4.0;2.0,4.0::-1007.5,0.0
-1007.5
