0.0,4.0;0.0,4.0::-40.0,0.0
-40.0
0.0,4.0;0.0,4.0::-40.0,0.0
-40.0
0.0,4.0;1.0,0.0::-1525.0,0.0
-1525.0
1.0,0.0;0.0,4.0::-2515.0,0.0
-2515.0
0.0,4.0;1.0,1.0::-1525.0,0.0
-1525.0
1.0,1.0;0.0,4.0::-2515.0,0.0
-2515.0
0.0,4.0;1.0,2.0::975.0,0.0
975.0
1.0,2.0;0.0,4.0::-1015.0,0.0
-1015.0
0.0,4.0;1.0,3.0::975.0,0.0
975.0
1.0,3.0;0.0,4.0::-1015.0,0.0
-1015.0
0.0,4.0;1.0,4.0::950.0,0.0
950.0
1.0,4.0;0.0,4.0::-1030.0,0.0
-1030.0
0.0,4.0;2.0,0.0::-2500.0,0.0
-2500.0
2.0,0.0;0.0,4.0::-1500.0,0.0
-1500.0
0.0,4.0;2.0,1.0::-2500.0,0.0
-2500.0
2.0,1.0;0.0,4.0::-1500.0,0.0
-1500.0
0.0,4.0;2.0,2.0::0.0,0.0
0.0
2.0,2.0;0.0,4.0::0.0,0.0
0.0
0.0,4.0;2.0,3.0::0.0,0.0
0.0
2.0,3.0;0.0,4.0::0.0,0.0
0.0
0.0,4.0;2.0,4.0::-25.0,0.0
-25.0
2.0,4.0;0.0,4.0::-15.0,0.0
-15.0
0.0,4.0;3.0,0.0::-1525.0,0.0
-1525.0
3.0,0.0;0.0,4.0::-2515.0,0.0
-2515.0
0.0,4.0;3.0,1.0::-1525.0,0.0
-1525.0
3.0,1.0;0.0,4.0::-2515.0,0.0
-2515.0
0.0,4.0;3.0,2.0::975.0,0.0
975.0
3.0,2.0;0.0,4.0::-1015.0,0.0
-1015.0
0.0,4.0;3.0,3.0::975.0,0.0
975.0
3.0,3.0;0.0,4.0::-1015.0,0.0
-1015.0
0.0,4.0;3.0,4.0::950.0,0.0
950.0
3.0,4.0;0.0,4.0::-1030.0,0.0
-1030.0
0.0,4.0;4.0,0.0::-1512.5,0.0
-1512.5
4.0,0.0;0.0,4.0::-2507.5,0.0
-2507.5
0.0,4.0;4.0,1.0::-1512.5,0.0
-1512.5
4.0,1.0;0.0,4.0::-2507.5,0.0
-2507.5
0.0,4.0;4.0,2.0::987.5,0.0
987.5
4.0,2.0;0.0,4.0::-1007.5,0.0
-1007.5
0.0,4.0;4.0,3.0::987.5,0.0
987.5
4.0,3.0;0.0,4.0::-1007.5,0.0
-1007.5
0.0,4.0;4.0,4.0::962.5,0.0
962.5
4.0,4.0;0.0,4.0::-1022.5,0.0
-1022.5
