1.0,0.0;1.0,0.0::-4000.0,0.0
-4000.0
1.0,0.0;1.0,0.0::-4000.0,0.0
-4000.0
1.0,0.0;1.0,1.0::-3250.0,0.0
-3250.0
1.0,1.0;1.0,0.0::-2750.0,0.0
-2750.0
1.0,0.0;1.0,2.0::-3250.0,0.0
-3250.0
1.0,2.0;1.0,0.0::-2750.0,0.0
-2750.0
1.0,0.0;1.0,3.0::-2500.0,0.0
-2500.0
1.0,3.0;1.0,0.0::-1500.0,0.0
-1500.0
1.0,0.0;1.0,4.0::-2515.0,0.0
-2515.0
1.0,4.0;1.0,0.0::-1525.0,0.0
-1525.0
1.0,0.0;2.0,0.0::-3000.0,0.0
-3000.0
2.0,0.0;1.0,0.0::-5000.0,0.0
-5000.0
1.0,0.0;2.0,1.0::-2250.0,0.0
-2250.0
2.0,1.0;1.0,0.0::-3750.0,0.0
-3750.0
1.0,0.0;2.0,2.0::-2250.0,0.0
-2250.0
2.0,2.0;1.0,0.0::-3750.0,0.0
-3750.0
1.0,0.0;2.0,3.0::-1500.0,0.0
-1500.0
2.0,3.0;1.0,0.0::-2500.0,0.0
-2500.0
1.0,0.0;2.0,4.0::-1515.0,0.0
-1515.0
2.0,4.0;1.0,0.0::-2525.0,0.0
-2525.0
1.0,0.0;3.0,0.0::-3000.0,0.0
-3000.0
3.0,0.0;1.0,0.0::-5000.0,0.0
-5000.0
1.0,0.0;3.0,1.0::-2250.0,0.0
-2250.0
3.0,1.0;1.0,0.0::-3750.0,0.0
-3750.0
1.0,0.0;3.0,2.0::-2250.0,0.0
-2250.0
3.0,2.0;1.0,0.0::-3750.0,0.0
-3750.0
1.0,0.0;3.0,3.0::-1500.0,0.0
-1500.0
3.0,3.0;1.0,0.0::-2500.0,0.0
-2500.0
1.0,0.0;3.0,4.0::-1515.0,0.0
-1515.0
3.0,4.0;1.0,0.0::-2525.0,0.0
-2525.0
1.0,0.0;4.0,0.0::-1512.5,0.0
-1512.5
4.0,0.0;1.0,0.0::-2507.5,0.0
-2507.5
1.0,0.0;4.0,1.0::-762.5,0.0
-762.5
4.0,1.0;1.0,0.0::-1257.5,0.0
-1257.5
1.0,0.0;4.0,2.0::-762.5,0.0
-762.5
4.0,2.0;1.0,0.0::-1257.5,0.0
-1257.5
1.0,0.0;4.0,3.0::-12.5,0.0
-12.5
4.0,3.0;1.0,0.0::-7.5,0.0
-7.5
1.0,0.0;4.0,4.0::-27.5,0.0
-27.5
4.0,4.0;1.0,0.0::-32.5,0.0
-32.5
