0.0,0.0;0.0,0.0::-4000.0,0.0
-4000.0
0.0,0.0;0.0,0.0::-4000.0,0.0
-4000.0
0.0,0.0;0.0,1.0::-4000.0,0.0
-4000.0
0.0,1.0;0.0,0.0::-4000.0,0.0
-4000.0
0.0,0.0;0.0,2.0::-1500.0,0.0
-1500.0
0.0,2.0;0.0,0.0::-2500.0,0.0
-2500.0
0.0,0.0;0.0,3.0::-1500.0,0.0
-1500.0
0.0,3.0;0.0,0.0::-2500.0,0.0
-2500.0
0.0,0.0;0.0,4.0::-1525.0,0.0
-1525.0
0.0,4.0;0.0,0.0::-2515.0,0.0
-2515.0
0.0,0.0;1.0,0.0::-4000.0,0.0
-4000.0
1.0,0.0;0.0,0.0::-4000.0,0.0
-4000.0
0.0,0.0;1.0,1.0::-4000.0,0.0
-4000.0
1.0,1.0;0.0,0.0::-4000.0,0.0
-4000.0
0.0,0.0;1.0,2.0::-1500.0,0.0
-1500.0
1.0,2.0;0.0,0.0::-2500.0,0.0
-2500.0
0.0,0.0;1.0,3.0::-1500.0,0.0
-1500.0
1.0,3.0;0.0,0.0::-2500.0,0.0
-2500.0
0.0,0.0;1.0,4.0::-1525.0,0.0
-1525.0
1.0,4.0;0.0,0.0::-2515.0,0.0
-2515.0
0.0,0.0;2.0,0.0::-3000.0,0.0
-3000.0
2.0,0.0;0.0,0.0::-5000.0,0.0
-5000.0
0.0,0.0;2.0,1.0::-3000.0,0.0
-3000.0
2.0,1.0;0.0,0.0::-5000.0,0.0
-5000.0
0.0,0.0;2.0,2.0::-500.0,0.0
-500.0
2.0,2.0;0.0,0.0::-3500.0,0.0
-3500.0
0.0,0.0;2.0,3.0::-500.0,0.0
-500.0
2.0,3.0;0.0,0.0::-3500.0,0.0
-3500.0
0.0,0.0;2.0,4.0::-525.0,0.0
-525.0
2.0,4.0;0.0,0.0::-3515.0,0.0
-3515.0
0.0,0.0;3.0,0.0::-3000.0,0.0
-3000.0
3.0,0.0;0.0,0.0::-5000.0,0.0
-5000.0
0.0,0.0;3.0,1.0::-3000.0,0.0
-3000.0
3.0,1.0;0.0,0.0::-5000.0,0.0
-5000.0
0.0,0.0;3.0,2.0::-500.0,0.0
-500.0
3.0,2.0;0.0,0.0::-3500.0,0.0
-3500.0
0.0,0.0;3.0,3.0::-500.0,0.0
-500.0
3.0,3.0;0.0,0.0::-3500.0,0.0
-3500.0
0.0,0.0;3.0,4.0::-525.0,0.0
-525.0
3.0,4.0;0.0,0.0::-3515.0,0.0
-3515.0
0.0,0.0;4.0,0.0::-1512.5,0.0
-1512.5
4.0,0.0;0.0,0.0::-2507.5,0.0
-2507.5
0.0,0.0;4.0,1.0::-1512.5,0.0
-1512.5
4.0,1.0;0.0,0.0::-2507.5,0.0
-2507.5
0.0,0.0;4.0,2.0::987.5,0.0
987.5
4.0,2.0;0.0,0.0::-1007.5,0.0
-1007.5
0.0,0.0;4.0,3.0::987.5,0.0
987.5
4.0,3.0;0.0,0.0::-1007.5,0.0
-1007.5
0.0,0.0;4.0,4.0::962.5,0.0
962.5
4.0,4.0;0.0,0.0::-1022.5,0.0
-1022.5
0.0,1.0;0.0,1.0::-4000.0,0.0
-4000.0
0.0,1.0;0.0,1.0::-4000.0,0.0
-4000.0
0.0,1.0;0.0,2.0::-1500.0,0.0
-1500.0
0.0,2.0;0.0,1.0::-2500.0,0.0
-2500.0
0.0,1.0;0.0,3.0::-1500.0,0.0
-1500.0
0.0,3.0;0.0,1.0::-2500.0,0.0
-2500.0
0.0,1.0;0.0,4.0::-1525.0,0.0
-1525.0
0.0,4.0;0.0,1.0::-2515.0,0.0
-2515.0
0.0,1.0;1.0,0.0::-2750.0,0.0
-2750.0
1.0,0.0;0.0,1.0::-3250.0,0.0
-3250.0
0.0,1.0;1.0,1.0::-2750.0,0.0
-2750.0
1.0,1.0;0.0,1.0::-3250.0,0.0
-3250.0
0.0,1.0;1.0,2.0::-250.0,0.0
-250.0
1.0,2.0;0.0,1.0::-1750.0,0.0
-1750.0
0.0,1.0;1.0,3.0::-250.0,0.0
-250.0
1.0,3.0;0.0,1.0::-1750.0,0.0
-1750.0
0.0,1.0;1.0,4.0::-275.0,0.0
-275.0
1.0,4.0;0.0,1.0::-1765.0,0.0
-1765.0
0.0,1.0;2.0,0.0::-2750.0,0.0
-2750.0
2.0,0.0;0.0,1.0::-3250.0,0.0
-3250.0
0.0,1.0;2.0,1.0::-2750.0,0.0
-2750.0
2.0,1.0;0.0,1.0::-3250.0,0.0
-3250.0
0.0,1.0;2.0,2.0::-250.0,0.0
-250.0
2.0,2.0;0.0,1.0::-1750.0,0.0
-1750.0
0.0,1.0;2.0,3.0::-250.0,0.0
-250.0
2.0,3.0;0.0,1.0::-1750.0,0.0
-1750.0
0.0,1.0;2.0,4.0::-275.0,0.0
-275.0
2.0,4.0;0.0,1.0::-1765.0,0.0
-1765.0
0.0,1.0;3.0,0.0::-1500.0,0.0
-1500.0
3.0,0.0;0.0,1.0::-2500.0,0.0
-2500.0
0.0,1.0;3.0,1.0::-1500.0,0.0
-1500.0
3.0,1.0;0.0,1.0::-2500.0,0.0
-2500.0
0.0,1.0;3.0,2.0::1000.0,0.0
1000.0
3.0,2.0;0.0,1.0::-1000.0,0.0
-1000.0
0.0,1.0;3.0,3.0::1000.0,0.0
1000.0
3.0,3.0;0.0,1.0::-1000.0,0.0
-1000.0
0.0,1.0;3.0,4.0::975.0,0.0
975.0
3.0,4.0;0.0,1.0::-1015.0,0.0
-1015.0
0.0,1.0;4.0,0.0::-1512.5,0.0
-1512.5
4.0,0.0;0.0,1.0::-2507.5,0.0
-2507.5
0.0,1.0;4.0,1.0::-1512.5,0.0
-1512.5
4.0,1.0;0.0,1.0::-2507.5,0.0
-2507.5
0.0,1.0;4.0,2.0::987.5,0.0
987.5
4.0,2.0;0.0,1.0::-1007.5,0.0
-1007.5
0.0,1.0;4.0,3.0::987.5,0.0
987.5
4.0,3.0;0.0,1.0::-1007.5,0.0
-1007.5
0.0,1.0;4.0,4.0::962.5,0.0
962.5
4.0,4.0;0.0,1.0::-1022.5,0.0
-1022.5
0.0,2.0;0.0,2.0::0.0,0.0
0.0
0.0,2.0;0.0,2.0::0.0,0.0
0.0
0.0,2.0;0.0,3.0::0.0,0.0
0.0
0.0,3.0;0.0,2.0::0.0,0.0
0.0
0.0,2.0;0.0,4.0::-25.0,0.0
-25.0
0.0,4.0;0.0,2.0::-15.0,0.0
-15.0
0.0,2.0;1.0,0.0::-2750.0,0.0
-2750.0
1.0,0.0;0.0,2.0::-3250.0,0.0
-3250.0
0.0,2.0;1.0,1.0::-2750.0,0.0
-2750.0
1.0,1.0;0.0,2.0::-3250.0,0.0
-3250.0
0.0,2.0;1.0,2.0::-250.0,0.0
-250.0
1.0,2.0;0.0,2.0::-1750.0,0.0
-1750.0
0.0,2.0;1.0,3.0::-250.0,0.0
-250.0
1.0,3.0;0.0,2.0::-1750.0,0.0
-1750.0
0.0,2.0;1.0,4.0::-275.0,0.0
-275.0
1.0,4.0;0.0,2.0::-1765.0,0.0
-1765.0
0.0,2.0;2.0,0.0::-2750.0,0.0
-2750.0
2.0,0.0;0.0,2.0::-3250.0,0.0
-3250.0
0.0,2.0;2.0,1.0::-2750.0,0.0
-2750.0
2.0,1.0;0.0,2.0::-3250.0,0.0
-3250.0
0.0,2.0;2.0,2.0::-250.0,0.0
-250.0
2.0,2.0;0.0,2.0::-1750.0,0.0
-1750.0
0.0,2.0;2.0,3.0::-250.0,0.0
-250.0
2.0,3.0;0.0,2.0::-1750.0,0.0
-1750.0
0.0,2.0;2.0,4.0::-275.0,0.0
-275.0
2.0,4.0;0.0,2.0::-1765.0,0.0
-1765.0
0.0,2.0;3.0,0.0::-3000.0,0.0
-3000.0
3.0,0.0;0.0,2.0::-5000.0,0.0
-5000.0
0.0,2.0;3.0,1.0::-3000.0,0.0
-3000.0
3.0,1.0;0.0,2.0::-5000.0,0.0
-5000.0
0.0,2.0;3.0,2.0::-500.0,0.0
-500.0
3.0,2.0;0.0,2.0::-3500.0,0.0
-3500.0
0.0,2.0;3.0,3.0::-500.0,0.0
-500.0
3.0,3.0;0.0,2.0::-3500.0,0.0
-3500.0
0.0,2.0;3.0,4.0::-525.0,0.0
-525.0
3.0,4.0;0.0,2.0::-3515.0,0.0
-3515.0
0.0,2.0;4.0,0.0::-2500.0,0.0
-2500.0
4.0,0.0;0.0,2.0::-1500.0,0.0
-1500.0
0.0,2.0;4.0,1.0::-2500.0,0.0
-2500.0
4.0,1.0;0.0,2.0::-1500.0,0.0
-1500.0
0.0,2.0;4.0,2.0::0.0,0.0
0.0
4.0,2.0;0.0,2.0::0.0,0.0
0.0
0.0,2.0;4.0,3.0::0.0,0.0
0.0
4.0,3.0;0.0,2.0::0.0,0.0
0.0
0.0,2.0;4.0,4.0::-25.0,0.0
-25.0
4.0,4.0;0.0,2.0::-15.0,0.0
-15.0
0.0,3.0;0.0,3.0::0.0,0.0
0.0
0.0,3.0;0.0,3.0::0.0,0.0
0.0
0.0,3.0;0.0,4.0::-25.0,0.0
-25.0
0.0,4.0;0.0,3.0::-15.0,0.0
-15.0
0.0,3.0;1.0,0.0::-1500.0,0.0
-1500.0
1.0,0.0;0.0,3.0::-2500.0,0.0
-2500.0
0.0,3.0;1.0,1.0::-1500.0,0.0
-1500.0
1.0,1.0;0.0,3.0::-2500.0,0.0
-2500.0
0.0,3.0;1.0,2.0::1000.0,0.0
1000.0
1.0,2.0;0.0,3.0::-1000.0,0.0
-1000.0
0.0,3.0;1.0,3.0::1000.0,0.0
1000.0
1.0,3.0;0.0,3.0::-1000.0,0.0
-1000.0
0.0,3.0;1.0,4.0::975.0,0.0
975.0
1.0,4.0;0.0,3.0::-1015.0,0.0
-1015.0
0.0,3.0;2.0,0.0::-2500.0,0.0
-2500.0
2.0,0.0;0.0,3.0::-1500.0,0.0
-1500.0
0.0,3.0;2.0,1.0::-2500.0,0.0
-2500.0
2.0,1.0;0.0,3.0::-1500.0,0.0
-1500.0
0.0,3.0;2.0,2.0::0.0,0.0
0.0
2.0,2.0;0.0,3.0::0.0,0.0
0.0
0.0,3.0;2.0,3.0::0.0,0.0
0.0
2.0,3.0;0.0,3.0::0.0,0.0
0.0
0.0,3.0;2.0,4.0::-25.0,0.0
-25.0
2.0,4.0;0.0,3.0::-15.0,0.0
-15.0
0.0,3.0;3.0,0.0::-1500.0,0.0
-1500.0
3.0,0.0;0.0,3.0::-2500.0,0.0
-2500.0
0.0,3.0;3.0,1.0::-1500.0,0.0
-1500.0
3.0,1.0;0.0,3.0::-2500.0,0.0
-2500.0
0.0,3.0;3.0,2.0::1000.0,0.0
1000.0
3.0,2.0;0.0,3.0::-1000.0,0.0
-1000.0
0.0,3.0;3.0,3.0::1000.0,0.0
1000.0
3.0,3.0;0.0,3.0::-1000.0,0.0
-1000.0
0.0,3.0;3.0,4.0::975.0,0.0
975.0
3.0,4.0;0.0,3.0::-1015.0,0.0
-1015.0
0.0,3.0;4.0,0.0::-2500.0,0.0
-2500.0
4.0,0.0;0.0,3.0::-1500.0,0.0
-1500.0
0.0,3.0;4.0,1.0::-2500.0,0.0
-2500.0
4.0,1.0;0.0,3.0::-1500.0,0.0
-1500.0
0.0,3.0;4.0,2.0::0.0,0.0
0.0
4.0,2.0;0.0,3.0::0.0,0.0
0.0
0.0,3.0;4.0,3.0::0.0,0.0
0.0
4.0,3.0;0.0,3.0::0.0,0.0
0.0
0.0,3.0;4.0,4.0::-25.0,0.0
-25.0
4.0,4.0;0.0,3.0::-15.0,0.0
-15.0
0.0,4.0;0.0,4.0::-40.0,0.0
-40.0
0.0,4.0;0.0,4.0::-40.0,0.0
-40.0
0.0,4.0;1.0,0.0::-1525.0,0.0
-1525.0
1.0,0.0;0.0,4.0::-2515.0,0.0
-2515.0
0.0,4.0;1.0,1.0::-1525.0,0.0
-1525.0
1.0,1.0;0.0,4.0::-2515.0,0.0
-2515.0
0.0,4.0;1.0,2.0::975.0,0.0
975.0
1.0,2.0;0.0,4.0::-1015.0,0.0
-1015.0
0.0,4.0;1.0,3.0::975.0,0.0
975.0
1.0,3.0;0.0,4.0::-1015.0,0.0
-1015.0
0.0,4.0;1.0,4.0::950.0,0.0
950.0
1.0,4.0;0.0,4.0::-1030.0,0.0
-1030.0
0.0,4.0;2.0,0.0::-2500.0,0.0
-2500.0
2.0,0.0;0.0,4.0::-1500.0,0.0
-1500.0
0.0,4.0;2.0,1.0::-2500.0,0.0
-2500.0
2.0,1.0;0.0,4.0::-1500.0,0.0
-1500.0
0.0,4.0;2.0,2.0::0.0,0.0
0.0
2.0,2.0;0.0,4.0::0.0,0.0
0.0
0.0,4.0;2.0,3.0::0.0,0.0
0.0
2.0,3.0;0.0,4.0::0.0,0.0
0.0
0.0,4.0;2.0,4.0::-25.0,0.0
-25.0
2.0,4.0;0.0,4.0::-15.0,0.0
-15.0
0.0,4.0;3.0,0.0::-1525.0,0.0
-1525.0
3.0,0.0;0.0,4.0::-2515.0,0.0
-2515.0
0.0,4.0;3.0,1.0::-1525.0,0.0
-1525.0
3.0,1.0;0.0,4.0::-2515.0,0.0
-2515.0
0.0,4.0;3.0,2.0::975.0,0.0
975.0
3.0,2.0;0.0,4.0::-1015.0,0.0
-1015.0
0.0,4.0;3.0,3.0::975.0,0.0
975.0
3.0,3.0;0.0,4.0::-1015.0,0.0
-1015.0
0.0,4.0;3.0,4.0::950.0,0.0
950.0
3.0,4.0;0.0,4.0::-1030.0,0.0
-1030.0
0.0,4.0;4.0,0.0::-1512.5,0.0
-1512.5
4.0,0.0;0.0,4.0::-2507.5,0.0
-2507.5
0.0,4.0;4.0,1.0::-1512.5,0.0
-1512.5
4.0,1.0;0.0,4.0::-2507.5,0.0
-2507.5
0.0,4.0;4.0,2.0::987.5,0.0
987.5
4.0,2.0;0.0,4.0::-1007.5,0.0
-1007.5
0.0,4.0;4.0,3.0::987.5,0.0
987.5
4.0,3.0;0.0,4.0::-1007.5,0.0
-1007.5
0.0,4.0;4.0,4.0::962.5,0.0
962.5
4.0,4.0;0.0,4.0::-1022.5,0.0
-1022.5
1.0,0.0;1.0,0.0::-4000.0,0.0
-4000.0
1.0,0.0;1.0,0.0::-4000.0,0.0
-4000.0
1.0,0.0;1.0,1.0::-3250.0,0.0
-3250.0
1.0,1.0;1.0,0.0::-2750.0,0.0
-2750.0
1.0,0.0;1.0,2.0::-3250.0,0.0
-3250.0
1.0,2.0;1.0,0.0::-2750.0,0.0
-2750.0
1.0,0.0;1.0,3.0::-2500.0,0.0
-2500.0
1.0,3.0;1.0,0.0::-1500.0,0.0
-1500.0
1.0,0.0;1.0,4.0::-2515.0,0.0
-2515.0
1.0,4.0;1.0,0.0::-1525.0,0.0
-1525.0
1.0,0.0;2.0,0.0::-3000.0,0.0
-3000.0
2.0,0.0;1.0,0.0::-5000.0,0.0
-5000.0
1.0,0.0;2.0,1.0::-2250.0,0.0
-2250.0
2.0,1.0;1.0,0.0::-3750.0,0.0
-3750.0
1.0,0.0;2.0,2.0::-2250.0,0.0
-2250.0
2.0,2.0;1.0,0.0::-3750.0,0.0
-3750.0
1.0,0.0;2.0,3.0::-1500.0,0.0
-1500.0
2.0,3.0;1.0,0.0::-2500.0,0.0
-2500.0
1.0,0.0;2.0,4.0::-1515.0,0.0
-1515.0
2.0,4.0;1.0,0.0::-2525.0,0.0
-2525.0
1.0,0.0;3.0,0.0::-3000.0,0.0
-3000.0
3.0,0.0;1.0,0.0::-5000.0,0.0
-5000.0
1.0,0.0;3.0,1.0::-2250.0,0.0
-2250.0
3.0,1.0;1.0,0.0::-3750.0,0.0
-3750.0
1.0,0.0;3.0,2.0::-2250.0,0.0
-2250.0
3.0,2.0;1.0,0.0::-3750.0,0.0
-3750.0
1.0,0.0;3.0,3.0::-1500.0,0.0
-1500.0
3.0,3.0;1.0,0.0::-2500.0,0.0
-2500.0
1.0,0.0;3.0,4.0::-1515.0,0.0
-1515.0
3.0,4.0;1.0,0.0::-2525.0,0.0
-2525.0
1.0,0.0;4.0,0.0::-1512.5,0.0
-1512.5
4.0,0.0;1.0,0.0::-2507.5,0.0
-2507.5
1.0,0.0;4.0,1.0::-762.5,0.0
-762.5
4.0,1.0;1.0,0.0::-1257.5,0.0
-1257.5
1.0,0.0;4.0,2.0::-762.5,0.0
-762.5
4.0,2.0;1.0,0.0::-1257.5,0.0
-1257.5
1.0,0.0;4.0,3.0::-12.5,0.0
-12.5
4.0,3.0;1.0,0.0::-7.5,0.0
-7.5
1.0,0.0;4.0,4.0::-27.5,0.0
-27.5
4.0,4.0;1.0,0.0::-32.5,0.0
-32.5
1.0,1.0;1.0,1.0::-2000.0,0.0
-2000.0
1.0,1.0;1.0,1.0::-2000.0,0.0
-2000.0
1.0,1.0;1.0,2.0::-2000.0,0.0
-2000.0
1.0,2.0;1.0,1.0::-2000.0,0.0
-2000.0
1.0,1.0;1.0,3.0::-1250.0,0.0
-1250.0
1.0,3.0;1.0,1.0::-750.0,0.0
-750.0
1.0,1.0;1.0,4.0::-1265.0,0.0
-1265.0
1.0,4.0;1.0,1.0::-775.0,0.0
-775.0
1.0,1.0;2.0,0.0::-2750.0,0.0
-2750.0
2.0,0.0;1.0,1.0::-3250.0,0.0
-3250.0
1.0,1.0;2.0,1.0::-2000.0,0.0
-2000.0
2.0,1.0;1.0,1.0::-2000.0,0.0
-2000.0
1.0,1.0;2.0,2.0::-2000.0,0.0
-2000.0
2.0,2.0;1.0,1.0::-2000.0,0.0
-2000.0
1.0,1.0;2.0,3.0::-1250.0,0.0
-1250.0
2.0,3.0;1.0,1.0::-750.0,0.0
-750.0
1.0,1.0;2.0,4.0::-1265.0,0.0
-1265.0
2.0,4.0;1.0,1.0::-775.0,0.0
-775.0
1.0,1.0;3.0,0.0::-1500.0,0.0
-1500.0
3.0,0.0;1.0,1.0::-2500.0,0.0
-2500.0
1.0,1.0;3.0,1.0::-750.0,0.0
-750.0
3.0,1.0;1.0,1.0::-1250.0,0.0
-1250.0
1.0,1.0;3.0,2.0::-750.0,0.0
-750.0
3.0,2.0;1.0,1.0::-1250.0,0.0
-1250.0
1.0,1.0;3.0,3.0::0.0,0.0
0.0
3.0,3.0;1.0,1.0::0.0,0.0
0.0
1.0,1.0;3.0,4.0::-15.0,0.0
-15.0
3.0,4.0;1.0,1.0::-25.0,0.0
-25.0
1.0,1.0;4.0,0.0::-1512.5,0.0
-1512.5
4.0,0.0;1.0,1.0::-2507.5,0.0
-2507.5
1.0,1.0;4.0,1.0::-762.5,0.0
-762.5
4.0,1.0;1.0,1.0::-1257.5,0.0
-1257.5
1.0,1.0;4.0,2.0::-762.5,0.0
-762.5
4.0,2.0;1.0,1.0::-1257.5,0.0
-1257.5
1.0,1.0;4.0,3.0::-12.5,0.0
-12.5
4.0,3.0;1.0,1.0::-7.5,0.0
-7.5
1.0,1.0;4.0,4.0::-27.5,0.0
-27.5
4.0,4.0;1.0,1.0::-32.5,0.0
-32.5
1.0,2.0;1.0,2.0::-2000.0,0.0
-2000.0
1.0,2.0;1.0,2.0::-2000.0,0.0
-2000.0
1.0,2.0;1.0,3.0::-1250.0,0.0
-1250.0
1.0,3.0;1.0,2.0::-750.0,0.0
-750.0
1.0,2.0;1.0,4.0::-1265.0,0.0
-1265.0
1.0,4.0;1.0,2.0::-775.0,0.0
-775.0
1.0,2.0;2.0,0.0::-2750.0,0.0
-2750.0
2.0,0.0;1.0,2.0::-3250.0,0.0
-3250.0
1.0,2.0;2.0,1.0::-2000.0,0.0
-2000.0
2.0,1.0;1.0,2.0::-2000.0,0.0
-2000.0
1.0,2.0;2.0,2.0::-2000.0,0.0
-2000.0
2.0,2.0;1.0,2.0::-2000.0,0.0
-2000.0
1.0,2.0;2.0,3.0::-1250.0,0.0
-1250.0
2.0,3.0;1.0,2.0::-750.0,0.0
-750.0
1.0,2.0;2.0,4.0::-1265.0,0.0
-1265.0
2.0,4.0;1.0,2.0::-775.0,0.0
-775.0
1.0,2.0;3.0,0.0::-3000.0,0.0
-3000.0
3.0,0.0;1.0,2.0::-5000.0,0.0
-5000.0
1.0,2.0;3.0,1.0::-2250.0,0.0
-2250.0
3.0,1.0;1.0,2.0::-3750.0,0.0
-3750.0
1.0,2.0;3.0,2.0::-2250.0,0.0
-2250.0
3.0,2.0;1.0,2.0::-3750.0,0.0
-3750.0
1.0,2.0;3.0,3.0::-1500.0,0.0
-1500.0
3.0,3.0;1.0,2.0::-2500.0,0.0
-2500.0
1.0,2.0;3.0,4.0::-1515.0,0.0
-1515.0
3.0,4.0;1.0,2.0::-2525.0,0.0
-2525.0
1.0,2.0;4.0,0.0::-2500.0,0.0
-2500.0
4.0,0.0;1.0,2.0::-1500.0,0.0
-1500.0
1.0,2.0;4.0,1.0::-1750.0,0.0
-1750.0
4.0,1.0;1.0,2.0::-250.0,0.0
-250.0
1.0,2.0;4.0,2.0::-1750.0,0.0
-1750.0
4.0,2.0;1.0,2.0::-250.0,0.0
-250.0
1.0,2.0;4.0,3.0::-1000.0,0.0
-1000.0
4.0,3.0;1.0,2.0::1000.0,0.0
1000.0
1.0,2.0;4.0,4.0::-1015.0,0.0
-1015.0
4.0,4.0;1.0,2.0::975.0,0.0
975.0
1.0,3.0;1.0,3.0::0.0,0.0
0.0
1.0,3.0;1.0,3.0::0.0,0.0
0.0
1.0,3.0;1.0,4.0::-15.0,0.0
-15.0
1.0,4.0;1.0,3.0::-25.0,0.0
-25.0
1.0,3.0;2.0,0.0::-2500.0,0.0
-2500.0
2.0,0.0;1.0,3.0::-1500.0,0.0
-1500.0
1.0,3.0;2.0,1.0::-1750.0,0.0
-1750.0
2.0,1.0;1.0,3.0::-250.0,0.0
-250.0
1.0,3.0;2.0,2.0::-1750.0,0.0
-1750.0
2.0,2.0;1.0,3.0::-250.0,0.0
-250.0
1.0,3.0;2.0,3.0::-1000.0,0.0
-1000.0
2.0,3.0;1.0,3.0::1000.0,0.0
1000.0
1.0,3.0;2.0,4.0::-1015.0,0.0
-1015.0
2.0,4.0;1.0,3.0::975.0,0.0
975.0
1.0,3.0;3.0,0.0::-1500.0,0.0
-1500.0
3.0,0.0;1.0,3.0::-2500.0,0.0
-2500.0
1.0,3.0;3.0,1.0::-750.0,0.0
-750.0
3.0,1.0;1.0,3.0::-1250.0,0.0
-1250.0
1.0,3.0;3.0,2.0::-750.0,0.0
-750.0
3.0,2.0;1.0,3.0::-1250.0,0.0
-1250.0
1.0,3.0;3.0,3.0::0.0,0.0
0.0
3.0,3.0;1.0,3.0::0.0,0.0
0.0
1.0,3.0;3.0,4.0::-15.0,0.0
-15.0
3.0,4.0;1.0,3.0::-25.0,0.0
-25.0
1.0,3.0;4.0,0.0::-2500.0,0.0
-2500.0
4.0,0.0;1.0,3.0::-1500.0,0.0
-1500.0
1.0,3.0;4.0,1.0::-1750.0,0.0
-1750.0
4.0,1.0;1.0,3.0::-250.0,0.0
-250.0
1.0,3.0;4.0,2.0::-1750.0,0.0
-1750.0
4.0,2.0;1.0,3.0::-250.0,0.0
-250.0
1.0,3.0;4.0,3.0::-1000.0,0.0
-1000.0
4.0,3.0;1.0,3.0::1000.0,0.0
1000.0
1.0,3.0;4.0,4.0::-1015.0,0.0
-1015.0
4.0,4.0;1.0,3.0::975.0,0.0
975.0
1.0,4.0;1.0,4.0::-40.0,0.0
-40.0
1.0,4.0;1.0,4.0::-40.0,0.0
-40.0
1.0,4.0;2.0,0.0::-2500.0,0.0
-2500.0
2.0,0.0;1.0,4.0::-1500.0,0.0
-1500.0
1.0,4.0;2.0,1.0::-1750.0,0.0
-1750.0
2.0,1.0;1.0,4.0::-250.0,0.0
-250.0
1.0,4.0;2.0,2.0::-1750.0,0.0
-1750.0
2.0,2.0;1.0,4.0::-250.0,0.0
-250.0
1.0,4.0;2.0,3.0::-1000.0,0.0
-1000.0
2.0,3.0;1.0,4.0::1000.0,0.0
1000.0
1.0,4.0;2.0,4.0::-1015.0,0.0
-1015.0
2.0,4.0;1.0,4.0::975.0,0.0
975.0
1.0,4.0;3.0,0.0::-1525.0,0.0
-1525.0
3.0,0.0;1.0,4.0::-2515.0,0.0
-2515.0
1.0,4.0;3.0,1.0::-775.0,0.0
-775.0
3.0,1.0;1.0,4.0::-1265.0,0.0
-1265.0
1.0,4.0;3.0,2.0::-775.0,0.0
-775.0
3.0,2.0;1.0,4.0::-1265.0,0.0
-1265.0
1.0,4.0;3.0,3.0::-25.0,0.0
-25.0
3.0,3.0;1.0,4.0::-15.0,0.0
-15.0
1.0,4.0;3.0,4.0::-40.0,0.0
-40.0
3.0,4.0;1.0,4.0::-40.0,0.0
-40.0
1.0,4.0;4.0,0.0::-1512.5,0.0
-1512.5
4.0,0.0;1.0,4.0::-2507.5,0.0
-2507.5
1.0,4.0;4.0,1.0::-762.5,0.0
-762.5
4.0,1.0;1.0,4.0::-1257.5,0.0
-1257.5
1.0,4.0;4.0,2.0::-762.5,0.0
-762.5
4.0,2.0;1.0,4.0::-1257.5,0.0
-1257.5
1.0,4.0;4.0,3.0::-12.5,0.0
-12.5
4.0,3.0;1.0,4.0::-7.5,0.0
-7.5
1.0,4.0;4.0,4.0::-27.5,0.0
-27.5
4.0,4.0;1.0,4.0::-32.5,0.0
-32.5
2.0,0.0;2.0,0.0::-4000.0,0.0
-4000.0
2.0,0.0;2.0,0.0::-4000.0,0.0
-4000.0
2.0,0.0;2.0,1.0::-2250.0,0.0
-2250.0
2.0,1.0;2.0,0.0::-3750.0,0.0
-3750.0
2.0,0.0;2.0,2.0::-2250.0,0.0
-2250.0
2.0,2.0;2.0,0.0::-3750.0,0.0
-3750.0
2.0,0.0;2.0,3.0::-500.0,0.0
-500.0
2.0,3.0;2.0,0.0::-3500.0,0.0
-3500.0
2.0,0.0;2.0,4.0::-500.0,0.0
-500.0
2.0,4.0;2.0,0.0::-3500.0,0.0
-3500.0
2.0,0.0;3.0,0.0::-4000.0,0.0
-4000.0
3.0,0.0;2.0,0.0::-4000.0,0.0
-4000.0
2.0,0.0;3.0,1.0::-2250.0,0.0
-2250.0
3.0,1.0;2.0,0.0::-3750.0,0.0
-3750.0
2.0,0.0;3.0,2.0::-2250.0,0.0
-2250.0
3.0,2.0;2.0,0.0::-3750.0,0.0
-3750.0
2.0,0.0;3.0,3.0::-500.0,0.0
-500.0
3.0,3.0;2.0,0.0::-3500.0,0.0
-3500.0
2.0,0.0;3.0,4.0::-500.0,0.0
-500.0
3.0,4.0;2.0,0.0::-3500.0,0.0
-3500.0
2.0,0.0;4.0,0.0::-2512.5,0.0
-2512.5
4.0,0.0;2.0,0.0::-1507.5,0.0
-1507.5
2.0,0.0;4.0,1.0::-762.5,0.0
-762.5
4.0,1.0;2.0,0.0::-1257.5,0.0
-1257.5
2.0,0.0;4.0,2.0::-762.5,0.0
-762.5
4.0,2.0;2.0,0.0::-1257.5,0.0
-1257.5
2.0,0.0;4.0,3.0::987.5,0.0
987.5
4.0,3.0;2.0,0.0::-1007.5,0.0
-1007.5
2.0,0.0;4.0,4.0::987.5,0.0
987.5
4.0,4.0;2.0,0.0::-1007.5,0.0
-1007.5
2.0,1.0;2.0,1.0::-2000.0,0.0
-2000.0
2.0,1.0;2.0,1.0::-2000.0,0.0
-2000.0
2.0,1.0;2.0,2.0::-2000.0,0.0
-2000.0
2.0,2.0;2.0,1.0::-2000.0,0.0
-2000.0
2.0,1.0;2.0,3.0::-250.0,0.0
-250.0
2.0,3.0;2.0,1.0::-1750.0,0.0
-1750.0
2.0,1.0;2.0,4.0::-250.0,0.0
-250.0
2.0,4.0;2.0,1.0::-1750.0,0.0
-1750.0
2.0,1.0;3.0,0.0::-2500.0,0.0
-2500.0
3.0,0.0;2.0,1.0::-1500.0,0.0
-1500.0
2.0,1.0;3.0,1.0::-750.0,0.0
-750.0
3.0,1.0;2.0,1.0::-1250.0,0.0
-1250.0
2.0,1.0;3.0,2.0::-750.0,0.0
-750.0
3.0,2.0;2.0,1.0::-1250.0,0.0
-1250.0
2.0,1.0;3.0,3.0::1000.0,0.0
1000.0
3.0,3.0;2.0,1.0::-1000.0,0.0
-1000.0
2.0,1.0;3.0,4.0::1000.0,0.0
1000.0
3.0,4.0;2.0,1.0::-1000.0,0.0
-1000.0
2.0,1.0;4.0,0.0::-2512.5,0.0
-2512.5
4.0,0.0;2.0,1.0::-1507.5,0.0
-1507.5
2.0,1.0;4.0,1.0::-762.5,0.0
-762.5
4.0,1.0;2.0,1.0::-1257.5,0.0
-1257.5
2.0,1.0;4.0,2.0::-762.5,0.0
-762.5
4.0,2.0;2.0,1.0::-1257.5,0.0
-1257.5
2.0,1.0;4.0,3.0::987.5,0.0
987.5
4.0,3.0;2.0,1.0::-1007.5,0.0
-1007.5
2.0,1.0;4.0,4.0::987.5,0.0
987.5
4.0,4.0;2.0,1.0::-1007.5,0.0
-1007.5
2.0,2.0;2.0,2.0::-2000.0,0.0
-2000.0
2.0,2.0;2.0,2.0::-2000.0,0.0
-2000.0
2.0,2.0;2.0,3.0::-250.0,0.0
-250.0
2.0,3.0;2.0,2.0::-1750.0,0.0
-1750.0
2.0,2.0;2.0,4.0::-250.0,0.0
-250.0
2.0,4.0;2.0,2.0::-1750.0,0.0
-1750.0
2.0,2.0;3.0,0.0::-4000.0,0.0
-4000.0
3.0,0.0;2.0,2.0::-4000.0,0.0
-4000.0
2.0,2.0;3.0,1.0::-2250.0,0.0
-2250.0
3.0,1.0;2.0,2.0::-3750.0,0.0
-3750.0
2.0,2.0;3.0,2.0::-2250.0,0.0
-2250.0
3.0,2.0;2.0,2.0::-3750.0,0.0
-3750.0
2.0,2.0;3.0,3.0::-500.0,0.0
-500.0
3.0,3.0;2.0,2.0::-3500.0,0.0
-3500.0
2.0,2.0;3.0,4.0::-500.0,0.0
-500.0
3.0,4.0;2.0,2.0::-3500.0,0.0
-3500.0
2.0,2.0;4.0,0.0::-3500.0,0.0
-3500.0
4.0,0.0;2.0,2.0::-500.0,0.0
-500.0
2.0,2.0;4.0,1.0::-1750.0,0.0
-1750.0
4.0,1.0;2.0,2.0::-250.0,0.0
-250.0
2.0,2.0;4.0,2.0::-1750.0,0.0
-1750.0
4.0,2.0;2.0,2.0::-250.0,0.0
-250.0
2.0,2.0;4.0,3.0::0.0,0.0
0.0
4.0,3.0;2.0,2.0::0.0,0.0
0.0
2.0,2.0;4.0,4.0::0.0,0.0
0.0
4.0,4.0;2.0,2.0::0.0,0.0
0.0
2.0,3.0;2.0,3.0::0.0,0.0
0.0
2.0,3.0;2.0,3.0::0.0,0.0
0.0
2.0,3.0;2.0,4.0::0.0,0.0
0.0
2.0,4.0;2.0,3.0::0.0,0.0
0.0
2.0,3.0;3.0,0.0::-2500.0,0.0
-2500.0
3.0,0.0;2.0,3.0::-1500.0,0.0
-1500.0
2.0,3.0;3.0,1.0::-750.0,0.0
-750.0
3.0,1.0;2.0,3.0::-1250.0,0.0
-1250.0
2.0,3.0;3.0,2.0::-750.0,0.0
-750.0
3.0,2.0;2.0,3.0::-1250.0,0.0
-1250.0
2.0,3.0;3.0,3.0::1000.0,0.0
1000.0
3.0,3.0;2.0,3.0::-1000.0,0.0
-1000.0
2.0,3.0;3.0,4.0::1000.0,0.0
1000.0
3.0,4.0;2.0,3.0::-1000.0,0.0
-1000.0
2.0,3.0;4.0,0.0::-3500.0,0.0
-3500.0
4.0,0.0;2.0,3.0::-500.0,0.0
-500.0
2.0,3.0;4.0,1.0::-1750.0,0.0
-1750.0
4.0,1.0;2.0,3.0::-250.0,0.0
-250.0
2.0,3.0;4.0,2.0::-1750.0,0.0
-1750.0
4.0,2.0;2.0,3.0::-250.0,0.0
-250.0
2.0,3.0;4.0,3.0::0.0,0.0
0.0
4.0,3.0;2.0,3.0::0.0,0.0
0.0
2.0,3.0;4.0,4.0::0.0,0.0
0.0
4.0,4.0;2.0,3.0::0.0,0.0
0.0
2.0,4.0;2.0,4.0::0.0,0.0
0.0
2.0,4.0;2.0,4.0::0.0,0.0
0.0
2.0,4.0;3.0,0.0::-2525.0,0.0
-2525.0
3.0,0.0;2.0,4.0::-1515.0,0.0
-1515.0
2.0,4.0;3.0,1.0::-775.0,0.0
-775.0
3.0,1.0;2.0,4.0::-1265.0,0.0
-1265.0
2.0,4.0;3.0,2.0::-775.0,0.0
-775.0
3.0,2.0;2.0,4.0::-1265.0,0.0
-1265.0
2.0,4.0;3.0,3.0::975.0,0.0
975.0
3.0,3.0;2.0,4.0::-1015.0,0.0
-1015.0
2.0,4.0;3.0,4.0::975.0,0.0
975.0
3.0,4.0;2.0,4.0::-1015.0,0.0
-1015.0
2.0,4.0;4.0,0.0::-2512.5,0.0
-2512.5
4.0,0.0;2.0,4.0::-1507.5,0.0
-1507.5
2.0,4.0;4.0,1.0::-762.5,0.0
-762.5
4.0,1.0;2.0,4.0::-1257.5,0.0
-1257.5
2.0,4.0;4.0,2.0::-762.5,0.0
-762.5
4.0,2.0;2.0,4.0::-1257.5,0.0
-1257.5
2.0,4.0;4.0,3.0::987.5,0.0
987.5
4.0,3.0;2.0,4.0::-1007.5,0.0
-1007.5
2.0,4.0;4.0,4.0::987.5,0.0
987.5
4.0,4.0;2.0,4.0::-1007.5,0.0
-1007.5
3.0,0.0;3.0,0.0::-4000.0,0.0
-4000.0
3.0,0.0;3.0,0.0::-4000.0,0.0
-4000.0
3.0,0.0;3.0,1.0::-1500.0,0.0
-1500.0
3.0,1.0;3.0,0.0::-2500.0,0.0
-2500.0
3.0,0.0;3.0,2.0::-4000.0,0.0
-4000.0
3.0,2.0;3.0,0.0::-4000.0,0.0
-4000.0
3.0,0.0;3.0,3.0::-1500.0,0.0
-1500.0
3.0,3.0;3.0,0.0::-2500.0,0.0
-2500.0
3.0,0.0;3.0,4.0::-1515.0,0.0
-1515.0
3.0,4.0;3.0,0.0::-2525.0,0.0
-2525.0
3.0,0.0;4.0,0.0::-2512.5,0.0
-2512.5
4.0,0.0;3.0,0.0::-1507.5,0.0
-1507.5
3.0,0.0;4.0,1.0::-12.5,0.0
-12.5
4.0,1.0;3.0,0.0::-7.5,0.0
-7.5
3.0,0.0;4.0,2.0::-2512.5,0.0
-2512.5
4.0,2.0;3.0,0.0::-1507.5,0.0
-1507.5
3.0,0.0;4.0,3.0::-12.5,0.0
-12.5
4.0,3.0;3.0,0.0::-7.5,0.0
-7.5
3.0,0.0;4.0,4.0::-27.5,0.0
-27.5
4.0,4.0;3.0,0.0::-32.5,0.0
-32.5
3.0,1.0;3.0,1.0::0.0,0.0
0.0
3.0,1.0;3.0,1.0::0.0,0.0
0.0
3.0,1.0;3.0,2.0::-2500.0,0.0
-2500.0
3.0,2.0;3.0,1.0::-1500.0,0.0
-1500.0
3.0,1.0;3.0,3.0::0.0,0.0
0.0
3.0,3.0;3.0,1.0::0.0,0.0
0.0
3.0,1.0;3.0,4.0::-15.0,0.0
-15.0
3.0,4.0;3.0,1.0::-25.0,0.0
-25.0
3.0,1.0;4.0,0.0::-2512.5,0.0
-2512.5
4.0,0.0;3.0,1.0::-1507.5,0.0
-1507.5
3.0,1.0;4.0,1.0::-12.5,0.0
-12.5
4.0,1.0;3.0,1.0::-7.5,0.0
-7.5
3.0,1.0;4.0,2.0::-2512.5,0.0
-2512.5
4.0,2.0;3.0,1.0::-1507.5,0.0
-1507.5
3.0,1.0;4.0,3.0::-12.5,0.0
-12.5
4.0,3.0;3.0,1.0::-7.5,0.0
-7.5
3.0,1.0;4.0,4.0::-27.5,0.0
-27.5
4.0,4.0;3.0,1.0::-32.5,0.0
-32.5
3.0,2.0;3.0,2.0::-4000.0,0.0
-4000.0
3.0,2.0;3.0,2.0::-4000.0,0.0
-4000.0
3.0,2.0;3.0,3.0::-1500.0,0.0
-1500.0
3.0,3.0;3.0,2.0::-2500.0,0.0
-2500.0
3.0,2.0;3.0,4.0::-1515.0,0.0
-1515.0
3.0,4.0;3.0,2.0::-2525.0,0.0
-2525.0
3.0,2.0;4.0,0.0::-3500.0,0.0
-3500.0
4.0,0.0;3.0,2.0::-500.0,0.0
-500.0
3.0,2.0;4.0,1.0::-1000.0,0.0
-1000.0
4.0,1.0;3.0,2.0::1000.0,0.0
1000.0
3.0,2.0;4.0,2.0::-3500.0,0.0
-3500.0
4.0,2.0;3.0,2.0::-500.0,0.0
-500.0
3.0,2.0;4.0,3.0::-1000.0,0.0
-1000.0
4.0,3.0;3.0,2.0::1000.0,0.0
1000.0
3.0,2.0;4.0,4.0::-1015.0,0.0
-1015.0
4.0,4.0;3.0,2.0::975.0,0.0
975.0
3.0,3.0;3.0,3.0::0.0,0.0
0.0
3.0,3.0;3.0,3.0::0.0,0.0
0.0
3.0,3.0;3.0,4.0::-15.0,0.0
-15.0
3.0,4.0;3.0,3.0::-25.0,0.0
-25.0
3.0,3.0;4.0,0.0::-3500.0,0.0
-3500.0
4.0,0.0;3.0,3.0::-500.0,0.0
-500.0
3.0,3.0;4.0,1.0::-1000.0,0.0
-1000.0
4.0,1.0;3.0,3.0::1000.0,0.0
1000.0
3.0,3.0;4.0,2.0::-3500.0,0.0
-3500.0
4.0,2.0;3.0,3.0::-500.0,0.0
-500.0
3.0,3.0;4.0,3.0::-1000.0,0.0
-1000.0
4.0,3.0;3.0,3.0::1000.0,0.0
1000.0
3.0,3.0;4.0,4.0::-1015.0,0.0
-1015.0
4.0,4.0;3.0,3.0::975.0,0.0
975.0
3.0,4.0;3.0,4.0::-40.0,0.0
-40.0
3.0,4.0;3.0,4.0::-40.0,0.0
-40.0
3.0,4.0;4.0,0.0::-2512.5,0.0
-2512.5
4.0,0.0;3.0,4.0::-1507.5,0.0
-1507.5
3.0,4.0;4.0,1.0::-12.5,0.0
-12.5
4.0,1.0;3.0,4.0::-7.5,0.0
-7.5
3.0,4.0;4.0,2.0::-2512.5,0.0
-2512.5
4.0,2.0;3.0,4.0::-1507.5,0.0
-1507.5
3.0,4.0;4.0,3.0::-12.5,0.0
-12.5
4.0,3.0;3.0,4.0::-7.5,0.0
-7.5
3.0,4.0;4.0,4.0::-27.5,0.0
-27.5
4.0,4.0;3.0,4.0::-32.5,0.0
-32.5
4.0,0.0;4.0,0.0::-20.0,0.0
-20.0
4.0,0.0;4.0,0.0::-20.0,0.0
-20.0
4.0,0.0;4.0,1.0::-20.0,0.0
-20.0
4.0,1.0;4.0,0.0::-20.0,0.0
-20.0
4.0,0.0;4.0,2.0::987.5,0.0
987.5
4.0,2.0;4.0,0.0::-1007.5,0.0
-1007.5
4.0,0.0;4.0,3.0::987.5,0.0
987.5
4.0,3.0;4.0,0.0::-1007.5,0.0
-1007.5
4.0,0.0;4.0,4.0::-20.0,0.0
-20.0
4.0,4.0;4.0,0.0::-20.0,0.0
-20.0
4.0,1.0;4.0,1.0::-20.0,0.0
-20.0
4.0,1.0;4.0,1.0::-20.0,0.0
-20.0
4.0,1.0;4.0,2.0::987.5,0.0
987.5
4.0,2.0;4.0,1.0::-1007.5,0.0
-1007.5
4.0,1.0;4.0,3.0::987.5,0.0
987.5
4.0,3.0;4.0,1.0::-1007.5,0.0
-1007.5
4.0,1.0;4.0,4.0::-20.0,0.0
-20.0
4.0,4.0;4.0,1.0::-20.0,0.0
-20.0
4.0,2.0;4.0,2.0::0.0,0.0
0.0
4.0,2.0;4.0,2.0::0.0,0.0
0.0
4.0,2.0;4.0,3.0::0.0,0.0
0.0
4.0,3.0;4.0,2.0::0.0,0.0
0.0
4.0,2.0;4.0,4.0::-1007.5,0.0
-1007.5
4.0,4.0;4.0,2.0::987.5,0.0
987.5
4.0,3.0;4.0,3.0::0.0,0.0
0.0
4.0,3.0;4.0,3.0::0.0,0.0
0.0
4.0,3.0;4.0,4.0::-1007.5,0.0
-1007.5
4.0,4.0;4.0,3.0::987.5,0.0
987.5
4.0,4.0;4.0,4.0::-20.0,0.0
-20.0
4.0,4.0;4.0,4.0::-20.0,0.0
-20.0
