0.0,0.0;0.0,0.0::-3000.0,0.0
-3000.0
0.0,0.0;0.0,0.0::-3000.0,0.0
-3000.0
0.0,0.0;0.0,1.0::-3000.0,0.0
-3000.0
0.0,1.0;0.0,0.0::-3000.0,0.0
-3000.0
0.0,0.0;0.0,2.0::-500.0,0.0
-500.0
0.0,2.0;0.0,0.0::-2500.0,0.0
-2500.0
0.0,0.0;0.0,3.0::-500.0,0.0
-500.0
0.0,3.0;0.0,0.0::-2500.0,0.0
-2500.0
0.0,0.0;0.0,4.0::-512.5,0.0
-512.5
0.0,4.0;0.0,0.0::-2502.5,0.0
-2502.5
0.0,0.0;1.0,0.0::-3000.0,0.0
-3000.0
1.0,0.0;0.0,0.0::-3000.0,0.0
-3000.0
0.0,0.0;1.0,1.0::-3000.0,0.0
-3000.0
1.0,1.0;0.0,0.0::-3000.0,0.0
-3000.0
0.0,0.0;1.0,2.0::-500.0,0.0
-500.0
1.0,2.0;0.0,0.0::-2500.0,0.0
-2500.0
0.0,0.0;1.0,3.0::-500.0,0.0
-500.0
1.0,3.0;0.0,0.0::-2500.0,0.0
-2500.0
0.0,0.0;1.0,4.0::-512.5,0.0
-512.5
1.0,4.0;0.0,0.0::-2502.5,0.0
-2502.5
0.0,0.0;2.0,0.0::-2000.0,0.0
-2000.0
2.0,0.0;0.0,0.0::-4000.0,0.0
-4000.0
0.0,0.0;2.0,1.0::-2000.0,0.0
-2000.0
2.0,1.0;0.0,0.0::-4000.0,0.0
-4000.0
0.0,0.0;2.0,2.0::500.0,0.0
500.0
2.0,2.0;0.0,0.0::-3500.0,0.0
-3500.0
0.0,0.0;2.0,3.0::500.0,0.0
500.0
2.0,3.0;0.0,0.0::-3500.0,0.0
-3500.0
0.0,0.0;2.0,4.0::487.5,0.0
487.5
2.0,4.0;0.0,0.0::-3502.5,0.0
-3502.5
0.0,0.0;3.0,0.0::-2000.0,0.0
-2000.0
3.0,0.0;0.0,0.0::-4000.0,0.0
-4000.0
0.0,0.0;3.0,1.0::-2000.0,0.0
-2000.0
3.0,1.0;0.0,0.0::-4000.0,0.0
-4000.0
0.0,0.0;3.0,2.0::500.0,0.0
500.0
3.0,2.0;0.0,0.0::-3500.0,0.0
-3500.0
0.0,0.0;3.0,3.0::500.0,0.0
500.0
3.0,3.0;0.0,0.0::-3500.0,0.0
-3500.0
0.0,0.0;3.0,4.0::487.5,0.0
487.5
3.0,4.0;0.0,0.0::-3502.5,0.0
-3502.5
0.0,0.0;4.0,0.0::-1530.0,0.0
-1530.0
4.0,0.0;0.0,0.0::-1530.0,0.0
-1530.0
0.0,0.0;4.0,1.0::-1530.0,0.0
-1530.0
4.0,1.0;0.0,0.0::-1530.0,0.0
-1530.0
0.0,0.0;4.0,2.0::970.0,0.0
970.0
4.0,2.0;0.0,0.0::-1030.0,0.0
-1030.0
0.0,0.0;4.0,3.0::970.0,0.0
970.0
4.0,3.0;0.0,0.0::-1030.0,0.0
-1030.0
0.0,0.0;4.0,4.0::957.5,0.0
957.5
4.0,4.0;0.0,0.0::-1032.5,0.0
-1032.5
