2.0,1.0;2.0,1.0::-1500.0,0.0
-1500.0
2.0,1.0;2.0,1.0::-1500.0,0.0
-1500.0
2.0,1.0;2.0,2.0::-1500.0,0.0
-1500.0
2.0,2.0;2.0,1.0::-1500.0,0.0
-1500.0
2.0,1.0;2.0,3.0::250.0,0.0
250.0
2.0,3.0;2.0,1.0::-1750.0,0.0
-1750.0
2.0,1.0;2.0,4.0::-3250.0,0.0
-3250.0
2.0,4.0;2.0,1.0::-1250.0,0.0
-1250.0
2.0,1.0;3.0,0.0::-2500.0,0.0
-2500.0
3.0,0.0;2.0,1.0::-500.0,0.0
-500.0
2.0,1.0;3.0,1.0::-750.0,0.0
-750.0
3.0,1.0;2.0,1.0::-750.0,0.0
-750.0
2.0,1.0;3.0,2.0::-750.0,0.0
-750.0
3.0,2.0;2.0,1.0::-750.0,0.0
-750.0
2.0,1.0;3.0,3.0::1000.0,0.0
1000.0
3.0,3.0;2.0,1.0::-1000.0,0.0
-1000.0
2.0,1.0;3.0,4.0::-2500.0,0.0
-2500.0
3.0,4.0;2.0,1.0::-500.0,0.0
-500.0
2.0,1.0;4.0,0.0::-2530.0,0.0
-2530.0
4.0,0.0;2.0,1.0::-530.0,0.0
-530.0
2.0,1.0;4.0,1.0::-780.0,0.0
-780.0
4.0,1.0;2.0,1.0::-780.0,0.0
-780.0
2.0,1.0;4.0,2.0::-780.0,0.0
-780.0
4.0,2.0;2.0,1.0::-780.0,0.0
-780.0
2.0,1.0;4.0,3.0::970.0,0.0
970.0
4.0,3.0;2.0,1.0::-1030.0,0.0
-1030.0
2.0,1.0;4.0,4.0::-2530.0,0.0
-2530.0
4.0,4.0;2.0,1.0::-530.0,0.0
-530.0
