0.0,3.0;0.0,3.0::0.0,0.0
0.0
0.0,3.0;0.0,3.0::0.0,0.0
0.0
0.0,3.0;0.0,4.0::-125.0,0.0
-125.0
0.0,4.0;0.0,3.0::-25.0,0.0
-25.0
0.0,3.0;1.0,0.0::-1500.0,0.0
-1500.0
1.0,0.0;0.0,3.0::-1500.0,0.0
-1500.0
0.0,3.0;1.0,1.0::-1500.0,0.0
-1500.0
1.0,1.0;0.0,3.0::-1500.0,0.0
-1500.0
0.0,3.0;1.0,2.0::1000.0,0.0
1000.0
1.0,2.0;0.0,3.0::-1000.0,0.0
-1000.0
0.0,3.0;1.0,3.0::1000.0,0.0
1000.0
1.0,3.0;0.0,3.0::-1000.0,0.0
-1000.0
0.0,3.0;1.0,4.0::875.0,0.0
875.0
1.0,4.0;0.0,3.0::-1025.0,0.0
-1025.0
0.0,3.0;2.0,0.0::-2500.0,0.0
-2500.0
2.0,0.0;0.0,3.0::-500.0,0.0
-500.0
0.0,3.0;2.0,1.0::-2500.0,0.0
-2500.0
2.0,1.0;0.0,3.0::-500.0,0.0
-500.0
0.0,3.0;2.0,2.0::0.0,0.0
0.0
2.0,2.0;0.0,3.0::0.0,0.0
0.0
0.0,3.0;2.0,3.0::0.0,0.0
0.0
2.0,3.0;0.0,3.0::0.0,0.0
0.0
0.0,3.0;2.0,4.0::-125.0,0.0
-125.0
2.0,4.0;0.0,3.0::-25.0,0.0
-25.0
0.0,3.0;3.0,0.0::-1500.0,0.0
-1500.0
3.0,0.0;0.0,3.0::-1500.0,0.0
-1500.0
0.0,3.0;3.0,1.0::-1500.0,0.0
-1500.0
3.0,1.0;0.0,3.0::-1500.0,0.0
-1500.0
0.0,3.0;3.0,2.0::1000.0,0.0
1000.0
3.0,2.0;0.0,3.0::-1000.0,0.0
-1000.0
0.0,3.0;3.0,3.0::1000.0,0.0
1000.0
3.0,3.0;0.0,3.0::-1000.0,0.0
-1000.0
0.0,3.0;3.0,4.0::875.0,0.0
875.0
3.0,4.0;0.0,3.0::-1025.0,0.0
-1025.0
0.0,3.0;4.0,0.0::-2500.0,0.0
-2500.0
4.0,0.0;0.0,3.0::-500.0,0.0
-500.0
0.0,3.0;4.0,1.0::-2500.0,0.0
-2500.0
4.0,1.0;0.0,3.0::-500.0,0.0
-500.0
0.0,3.0;4.0,2.0::0.0,0.0
0.0
4.0,2.0;0.0,3.0::0.0,0.0
0.0
0.0,3.0;4.0,3.0::0.0,0.0
0.0
4.0,3.0;0.0,3.0::0.0,0.0
0.0
0.0,3.0;4.0,4.0::-125.0,0.0
-125.0
4.0,4.0;0.0,3.0::-25.0,0.0
-25.0
