0.0,4.0;0.0,4.0::-150.0,0.0
-150.0
0.0,4.0;0.0,4.0::-150.0,0.0
-150.0
0.0,4.0;1.0,0.0::-1575.0,0.0
-1575.0
1.0,0.0;0.0,4.0::-1575.0,0.0
-1575.0
0.0,4.0;1.0,1.0::-1575.0,0.0
-1575.0
1.0,1.0;0.0,4.0::-1575.0,0.0
-1575.0
0.0,4.0;1.0,2.0::925.0,0.0
925.0
1.0,2.0;0.0,4.0::-1075.0,0.0
-1075.0
0.0,4.0;1.0,3.0::925.0,0.0
925.0
1.0,3.0;0.0,4.0::-1075.0,0.0
-1075.0
0.0,4.0;1.0,4.0::800.0,0.0
800.0
1.0,4.0;0.0,4.0::-1100.0,0.0
-1100.0
0.0,4.0;2.0,0.0::-2000.0,0.0
-2000.0
2.0,0.0;0.0,4.0::-4000.0,0.0
-4000.0
0.0,4.0;2.0,1.0::-2000.0,0.0
-2000.0
2.0,1.0;0.0,4.0::-4000.0,0.0
-4000.0
0.0,4.0;2.0,2.0::500.0,0.0
500.0
2.0,2.0;0.0,4.0::-3500.0,0.0
-3500.0
0.0,4.0;2.0,3.0::500.0,0.0
500.0
2.0,3.0;0.0,4.0::-3500.0,0.0
-3500.0
0.0,4.0;2.0,4.0::375.0,0.0
375.0
2.0,4.0;0.0,4.0::-3525.0,0.0
-3525.0
0.0,4.0;3.0,0.0::-1575.0,0.0
-1575.0
3.0,0.0;0.0,4.0::-1575.0,0.0
-1575.0
0.0,4.0;3.0,1.0::-1575.0,0.0
-1575.0
3.0,1.0;0.0,4.0::-1575.0,0.0
-1575.0
0.0,4.0;3.0,2.0::925.0,0.0
925.0
3.0,2.0;0.0,4.0::-1075.0,0.0
-1075.0
0.0,4.0;3.0,3.0::925.0,0.0
925.0
3.0,3.0;0.0,4.0::-1075.0,0.0
-1075.0
0.0,4.0;3.0,4.0::800.0,0.0
800.0
3.0,4.0;0.0,4.0::-1100.0,0.0
-1100.0
0.0,4.0;4.0,0.0::-1507.5,0.0
-1507.5
4.0,0.0;0.0,4.0::-1507.5,0.0
-1507.5
0.0,4.0;4.0,1.0::-1507.5,0.0
-1507.5
4.0,1.0;0.0,4.0::-1507.5,0.0
-1507.5
0.0,4.0;4.0,2.0::992.5,0.0
992.5
4.0,2.0;0.0,4.0::-1007.5,0.0
-1007.5
0.0,4.0;4.0,3.0::992.5,0.0
992.5
4.0,3.0;0.0,4.0::-1007.5,0.0
-1007.5
0.0,4.0;4.0,4.0::867.5,0.0
867.5
4.0,4.0;0.0,4.0::-1032.5,0.0
-1032.5
