1.0,4.0;1.0,4.0::-150.0,0.0
-150.0
1.0,4.0;1.0,4.0::-150.0,0.0
-150.0
1.0,4.0;2.0,0.0::-2000.0,0.0
-2000.0
2.0,0.0;1.0,4.0::-4000.0,0.0
-4000.0
1.0,4.0;2.0,1.0::-1250.0,0.0
-1250.0
2.0,1.0;1.0,4.0::-3250.0,0.0
-3250.0
1.0,4.0;2.0,2.0::-1250.0,0.0
-1250.0
2.0,2.0;1.0,4.0::-3250.0,0.0
-3250.0
1.0,4.0;2.0,3.0::-500.0,0.0
-500.0
2.0,3.0;1.0,4.0::-2500.0,0.0
-2500.0
1.0,4.0;2.0,4.0::-575.0,0.0
-575.0
2.0,4.0;1.0,4.0::-2575.0,0.0
-2575.0
1.0,4.0;3.0,0.0::-1575.0,0.0
-1575.0
3.0,0.0;1.0,4.0::-1575.0,0.0
-1575.0
1.0,4.0;3.0,1.0::-825.0,0.0
-825.0
3.0,1.0;1.0,4.0::-825.0,0.0
-825.0
1.0,4.0;3.0,2.0::-825.0,0.0
-825.0
3.0,2.0;1.0,4.0::-825.0,0.0
-825.0
1.0,4.0;3.0,3.0::-75.0,0.0
-75.0
3.0,3.0;1.0,4.0::-75.0,0.0
-75.0
1.0,4.0;3.0,4.0::-150.0,0.0
-150.0
3.0,4.0;1.0,4.0::-150.0,0.0
-150.0
1.0,4.0;4.0,0.0::-1507.5,0.0
-1507.5
4.0,0.0;1.0,4.0::-1507.5,0.0
-1507.5
1.0,4.0;4.0,1.0::-757.5,0.0
-757.5
4.0,1.0;1.0,4.0::-757.5,0.0
-757.5
1.0,4.0;4.0,2.0::-757.5,0.0
-757.5
4.0,2.0;1.0,4.0::-757.5,0.0
-757.5
1.0,4.0;4.0,3.0::-7.5,0.0
-7.5
4.0,3.0;1.0,4.0::-7.5,0.0
-7.5
1.0,4.0;4.0,4.0::-82.5,0.0
-82.5
4.0,4.0;1.0,4.0::-82.5,0.0
-82.5
