2.0,1.0;2.0,1.0::-2000.0,0.0
-2000.0
2.0,1.0;2.0,1.0::-2000.0,0.0
-2000.0
2.0,1.0;2.0,2.0::-2000.0,0.0
-2000.0
2.0,2.0;2.0,1.0::-2000.0,0.0
-2000.0
2.0,1.0;2.0,3.0::-250.0,0.0
-250.0
2.0,3.0;2.0,1.0::-1750.0,0.0
-1750.0
2.0,1.0;2.0,4.0::-250.0,0.0
-250.0
2.0,4.0;2.0,1.0::-1750.0,0.0
-1750.0
2.0,1.0;3.0,0.0::-2500.0,0.0
-2500.0
3.0,0.0;2.0,1.0::-1500.0,0.0
-1500.0
2.0,1.0;3.0,1.0::-750.0,0.0
-750.0
3.0,1.0;2.0,1.0::-1250.0,0.0
-1250.0
2.0,1.0;3.0,2.0::-750.0,0.0
-750.0
3.0,2.0;2.0,1.0::-1250.0,0.0
-1250.0
2.0,1.0;3.0,3.0::1000.0,0.0
1000.0
3.0,3.0;2.0,1.0::-1000.0,0.0
-1000.0
2.0,1.0;3.0,4.0::1000.0,0.0
1000.0
3.0,4.0;2.0,1.0::-1000.0,0.0
-1000.0
2.0,1.0;4.0,0.0::-2525.0,0.0
-2525.0
4.0,0.0;2.0,1.0::-1515.0,0.0
-1515.0
2.0,1.0;4.0,1.0::-775.0,0.0
-775.0
4.0,1.0;2.0,1.0::-1265.0,0.0
-1265.0
2.0,1.0;4.0,2.0::-775.0,0.0
-775.0
4.0,2.0;2.0,1.0::-1265.0,0.0
-1265.0
2.0,1.0;4.0,3.0::975.0,0.0
975.0
4.0,3.0;2.0,1.0::-1015.0,0.0
-1015.0
2.0,1.0;4.0,4.0::975.0,0.0
975.0
4.0,4.0;2.0,1.0::-1015.0,0.0
-1015.0
