2.0,4.0;2.0,4.0::0.0,0.0
0.0
2.0,4.0;2.0,4.0::0.0,0.0
0.0
2.0,4.0;3.0,0.0::-2512.5,0.0
-2512.5
3.0,0.0;2.0,4.0::-1507.5,0.0
-1507.5
2.0,4.0;3.0,1.0::-762.5,0.0
-762.5
3.0,1.0;2.0,4.0::-1257.5,0.0
-1257.5
2.0,4.0;3.0,2.0::-762.5,0.0
-762.5
3.0,2.0;2.0,4.0::-1257.5,0.0
-1257.5
2.0,4.0;3.0,3.0::987.5,0.0
987.5
3.0,3.0;2.0,4.0::-1007.5,0.0
-1007.5
2.0,4.0;3.0,4.0::987.5,0.0
987.5
3.0,4.0;2.0,4.0::-1007.5,0.0
-1007.5
2.0,4.0;4.0,0.0::-3507.5,0.0
-3507.5
4.0,0.0;2.0,4.0::-512.5,0.0
-512.5
2.0,4.0;4.0,1.0::-1757.5,0.0
-1757.5
4.0,1.0;2.0,4.0::-262.5,0.0
-262.5
2.0,4.0;4.0,2.0::-1757.5,0.0
-1757.5
4.0,2.0;2.0,4.0::-262.5,0.0
-262.5
2.0,4.0;4.0,3.0::-7.5,0.0
-7.5
4.0,3.0;2.0,4.0::-12.5,0.0
-12.5
2.0,4.0;4.0,4.0::-7.5,0.0
-7.5
4.0,4.0;2.0,4.0::-12.5,0.0
-12.5
