0.0,4.0;0.0,4.0::-20.0,0.0
-20.0
0.0,4.0;0.0,4.0::-20.0,0.0
-20.0
0.0,4.0;1.0,0.0::-1512.5,0.0
-1512.5
1.0,0.0;0.0,4.0::-2507.5,0.0
-2507.5
0.0,4.0;1.0,1.0::-1512.5,0.0
-1512.5
1.0,1.0;0.0,4.0::-2507.5,0.0
-2507.5
0.0,4.0;1.0,2.0::987.5,0.0
987.5
1.0,2.0;0.0,4.0::-1007.5,0.0
-1007.5
0.0,4.0;1.0,3.0::987.5,0.0
987.5
1.0,3.0;0.0,4.0::-1007.5,0.0
-1007.5
0.0,4.0;1.0,4.0::975.0,0.0
975.0
1.0,4.0;0.0,4.0::-1015.0,0.0
-1015.0
0.0,4.0;2.0,0.0::-2500.0,0.0
-2500.0
2.0,0.0;0.0,4.0::-1500.0,0.0
-1500.0
0.0,4.0;2.0,1.0::-2500.0,0.0
-2500.0
2.0,1.0;0.0,4.0::-1500.0,0.0
-1500.0
0.0,4.0;2.0,2.0::0.0,0.0
0.0
2.0,2.0;0.0,4.0::0.0,0.0
0.0
0.0,4.0;2.0,3.0::0.0,0.0
0.0
2.0,3.0;0.0,4.0::0.0,0.0
0.0
0.0,4.0;2.0,4.0::-12.5,0.0
-12.5
2.0,4.0;0.0,4.0::-7.5,0.0
-7.5
0.0,4.0;3.0,0.0::-1512.5,0.0
-1512.5
3.0,0.0;0.0,4.0::-2507.5,0.0
-2507.5
0.0,4.0;3.0,1.0::-1512.5,0.0
-1512.5
3.0,1.0;0.0,4.0::-2507.5,0.0
-2507.5
0.0,4.0;3.0,2.0::987.5,0.0
987.5
3.0,2.0;0.0,4.0::-1007.5,0.0
-1007.5
0.0,4.0;3.0,3.0::987.5,0.0
987.5
3.0,3.0;0.0,4.0::-1007.5,0.0
-1007.5
0.0,4.0;3.0,4.0::975.0,0.0
975.0
3.0,4.0;0.0,4.0::-1015.0,0.0
-1015.0
0.0,4.0;4.0,0.0::-2507.5,0.0
-2507.5
4.0,0.0;0.0,4.0::-1512.5,0.0
-1512.5
0.0,4.0;4.0,1.0::-2507.5,0.0
-2507.5
4.0,1.0;0.0,4.0::-1512.5,0.0
-1512.5
0.0,4.0;4.0,2.0::-7.5,0.0
-7.5
4.0,2.0;0.0,4.0::-12.5,0.0
-12.5
0.0,4.0;4.0,3.0::-7.5,0.0
-7.5
4.0,3.0;0.0,4.0::-12.5,0.0
-12.5
0.0,4.0;4.0,4.0::-20.0,0.0
-20.0
4.0,4.0;0.0,4.0::-20.0,0.0
-20.0
