0.0,0.0,0.0,0.0;0.0,0.0,0.0,0.0::-814.545,9.004747359032343
-814.545
0.0,0.0,0.0,0.0;0.0,0.0,0.0,0.0::-811.665,9.50422406091102
-811.665
0.0,0.0,0.0,0.0;0.0,0.0,0.0,10.0::-1248.49,16.63309652470038
-1248.49
0.0,0.0,0.0,10.0;0.0,0.0,0.0,0.0::100.63,14.145073347282437
100.63
0.0,0.0,0.0,0.0;0.0,0.0,10.0,0.0::-1249.56,18.988586045306267
-1249.56
0.0,0.0,10.0,0.0;0.0,0.0,0.0,0.0::102.66,16.119689823318563
102.66
0.0,0.0,0.0,0.0;0.0,0.0,10.0,10.0::-2665.16,47.99561855003015
-2665.16
0.0,0.0,10.0,10.0;0.0,0.0,0.0,0.0::-952.42,41.52648070809757
-952.42
0.0,0.0,0.0,0.0;0.0,10.0,0.0,0.0::-812.06,8.607345700040167
-812.06
0.0,10.0,0.0,0.0;0.0,0.0,0.0,0.0::-814.6,8.045495634204274
-814.6
0.0,0.0,0.0,0.0;0.0,10.0,0.0,10.0::-1250.965,17.173708830651577
-1250.965
0.0,10.0,0.0,10.0;0.0,0.0,0.0,0.0::101.635,15.691853778314405
101.635
0.0,0.0,0.0,0.0;0.0,10.0,10.0,0.0::-1247.7,15.290356437964423
-1247.7
0.0,10.0,10.0,0.0;0.0,0.0,0.0,0.0::103.38,13.870133380757375
103.38
0.0,0.0,0.0,0.0;0.0,10.0,10.0,10.0::-2666.84,40.55538681852265
-2666.84
0.0,10.0,10.0,10.0;0.0,0.0,0.0,0.0::-955.78,34.71450129268748
-955.78
0.0,0.0,0.0,0.0;10.0,0.0,0.0,0.0::-813.065,8.072067579003535
-813.065
10.0,0.0,0.0,0.0;0.0,0.0,0.0,0.0::-812.485,9.293937540138732
-812.485
0.0,0.0,0.0,0.0;10.0,0.0,0.0,10.0::-1247.295,19.018818969641618
-1247.295
10.0,0.0,0.0,10.0;0.0,0.0,0.0,0.0::103.725,16.49050863375657
103.725
0.0,0.0,0.0,0.0;10.0,0.0,10.0,0.0::-1248.365,17.987614488864274
-1248.365
10.0,0.0,10.0,0.0;0.0,0.0,0.0,0.0::103.175,15.800217561793255
103.175
0.0,0.0,0.0,0.0;10.0,0.0,10.0,10.0::-2673.49,40.351950386567445
-2673.49
10.0,0.0,10.0,10.0;0.0,0.0,0.0,0.0::-958.91,33.08371049323216
-958.91
0.0,0.0,0.0,0.0;10.0,10.0,0.0,0.0::-812.935,9.173509415703455
-812.935
10.0,10.0,0.0,0.0;0.0,0.0,0.0,0.0::-813.755,9.971332659178515
-813.755
0.0,0.0,0.0,0.0;10.0,10.0,0.0,10.0::-1247.305,17.70422195409897
-1247.305
10.0,10.0,0.0,10.0;0.0,0.0,0.0,0.0::102.535,14.312801088536096
102.535
0.0,0.0,0.0,0.0;10.0,10.0,10.0,0.0::-1246.115,18.78148756089357
-1246.115
10.0,10.0,10.0,0.0;0.0,0.0,0.0,0.0::102.545,16.481519195753773
102.545
0.0,0.0,0.0,0.0;10.0,10.0,10.0,10.0::-2673.615,49.403130214592686
-2673.615
10.0,10.0,10.0,10.0;0.0,0.0,0.0,0.0::-956.475,40.74373418085288
-956.475
