0.0,0.0,0.0,10.0;0.0,0.0,0.0,10.0::-330.905,21.481817311391513
-330.905
0.0,0.0,0.0,10.0;0.0,0.0,0.0,10.0::-331.345,20.85326053642451
-331.345
0.0,0.0,0.0,10.0;0.0,0.0,10.0,0.0::-334.22,22.012192076210855
-334.22
0.0,0.0,10.0,0.0;0.0,0.0,0.0,10.0::-333.64,21.11481470437285
-333.64
0.0,0.0,0.0,10.0;0.0,0.0,10.0,10.0::-1751.85,45.88439277139884
-1751.85
0.0,0.0,10.0,10.0;0.0,0.0,0.0,10.0::-1389.75,37.94703545733184
-1389.75
0.0,0.0,0.0,10.0;0.0,10.0,0.0,0.0::106.795,14.776010117755062
106.795
0.0,10.0,0.0,0.0;0.0,0.0,0.0,10.0::-1245.265,16.615723727842852
-1245.265
0.0,0.0,0.0,10.0;0.0,10.0,0.0,10.0::-328.03,21.319805346203324
-328.03
0.0,10.0,0.0,10.0;0.0,0.0,0.0,10.0::-328.55,22.023907464389694
-328.55
0.0,0.0,0.0,10.0;0.0,10.0,10.0,0.0::-327.975,20.73057826014508
-327.975
0.0,10.0,10.0,0.0;0.0,0.0,0.0,10.0::-331.875,20.369631194501288
-331.875
0.0,0.0,0.0,10.0;0.0,10.0,10.0,10.0::-1757.395,36.60452806689358
-1757.395
0.0,10.0,10.0,10.0;0.0,0.0,0.0,10.0::-1395.515,29.823183515513563
-1395.515
0.0,0.0,0.0,10.0;10.0,0.0,0.0,0.0::-1097.535,19.289537967509748
-1097.535
10.0,0.0,0.0,0.0;0.0,0.0,0.0,10.0::-2355.855,91.37527824855036
-2355.855
0.0,0.0,0.0,10.0;10.0,0.0,0.0,10.0::-1535.615,22.25374743722953
-1535.615
10.0,0.0,0.0,10.0;0.0,0.0,0.0,10.0::-1441.075,92.1529265677439
-1441.075
0.0,0.0,0.0,10.0;10.0,0.0,10.0,0.0::-1535.085,23.097408404407616
-1535.085
10.0,0.0,10.0,0.0;0.0,0.0,0.0,10.0::-1435.785,90.4785127806597
-1435.785
0.0,0.0,0.0,10.0;10.0,0.0,10.0,10.0::-2953.905,43.68241608473598
-2953.905
10.0,0.0,10.0,10.0;0.0,0.0,0.0,10.0::-2490.885,88.99437777185702
-2490.885
0.0,0.0,0.0,10.0;10.0,10.0,0.0,0.0::-1107.06,15.352081292124529
-1107.06
10.0,10.0,0.0,0.0;0.0,0.0,0.0,10.0::-2313.54,66.09960968114711
-2313.54
0.0,0.0,0.0,10.0;10.0,10.0,0.0,10.0::-1540.055,21.231332388712676
-1540.055
10.0,10.0,0.0,10.0;0.0,0.0,0.0,10.0::-1407.595,81.22394028240686
-1407.595
0.0,0.0,0.0,10.0;10.0,10.0,10.0,0.0::-1536.945,20.5691388978732
-1536.945
10.0,10.0,10.0,0.0;0.0,0.0,0.0,10.0::-1414.965,73.97317943011507
-1414.965
0.0,0.0,0.0,10.0;10.0,10.0,10.0,10.0::-2964.56,46.38670499184006
-2964.56
10.0,10.0,10.0,10.0;0.0,0.0,0.0,10.0::-2460.88,81.00867607855348
-2460.88
