10.0,0.0,10.0,0.0;10.0,0.0,10.0,0.0::-325.445,21.87485942811976
-325.445
10.0,0.0,10.0,0.0;10.0,0.0,10.0,0.0::-325.165,23.029552210149458
-325.165
10.0,0.0,10.0,0.0;10.0,0.0,10.0,10.0::-1617.335,105.33665209697902
-1617.335
10.0,0.0,10.0,10.0;10.0,0.0,10.0,0.0::-1493.755,41.04305635549088
-1493.755
10.0,0.0,10.0,0.0;10.0,10.0,0.0,0.0::-1105.695,14.802684722711618
-1105.695
10.0,10.0,0.0,0.0;10.0,0.0,10.0,0.0::-2306.595,51.41632498535849
-2306.595
10.0,0.0,10.0,0.0;10.0,10.0,0.0,10.0::-2660.465,92.28082831769555
-2660.465
10.0,10.0,0.0,10.0;10.0,0.0,10.0,0.0::-2585.905,63.33260199139145
-2585.905
10.0,0.0,10.0,0.0;10.0,10.0,10.0,0.0::-1537.155,21.888318231421984
-1537.155
10.0,10.0,10.0,0.0;10.0,0.0,10.0,0.0::-1386.435,56.94473878243713
-1386.435
10.0,0.0,10.0,0.0;10.0,10.0,10.0,10.0::-2842.115,89.50655995512284
-2842.115
10.0,10.0,10.0,10.0;10.0,0.0,10.0,0.0::-2547.175,41.539582027266476
-2547.175
