10.0,0.0,10.0,10.0;10.0,0.0,10.0,10.0::-2796.295,104.82414070718633
-2796.295
10.0,0.0,10.0,10.0;10.0,0.0,10.0,10.0::-2783.195,108.54602468538404
-2783.195
10.0,0.0,10.0,10.0;10.0,10.0,0.0,0.0::-1122.355,35.32607358595064
-1122.355
10.0,10.0,0.0,0.0;10.0,0.0,10.0,10.0::-2470.055,95.02186314212116
-2470.055
10.0,0.0,10.0,10.0;10.0,10.0,0.0,10.0::-2649.52,82.72272722776974
-2649.52
10.0,10.0,0.0,10.0;10.0,0.0,10.0,10.0::-2742.56,110.24421254650966
-2742.56
10.0,0.0,10.0,10.0;10.0,10.0,10.0,0.0::-1561.8,35.87046138537947
-1561.8
10.0,10.0,10.0,0.0;10.0,0.0,10.0,10.0::-1546.86,90.78860280894293
-1546.86
10.0,0.0,10.0,10.0;10.0,10.0,10.0,10.0::-2856.705,94.30824712081125
-2856.705
10.0,10.0,10.0,10.0;10.0,0.0,10.0,10.0::-2714.685,98.11887318452042
-2714.685
