10.0,10.0,0.0,0.0;10.0,10.0,0.0,0.0::-814.29,8.45877650727338
-814.29
10.0,10.0,0.0,0.0;10.0,10.0,0.0,0.0::-810.63,8.445004440496167
-810.63
10.0,10.0,0.0,0.0;10.0,10.0,0.0,10.0::-2324.905,83.80741897350138
-2324.905
10.0,10.0,0.0,10.0;10.0,10.0,0.0,0.0::-1102.625,16.720402955670654
-1102.625
10.0,10.0,0.0,0.0;10.0,10.0,10.0,0.0::-2309.65,62.19487519080652
-2309.65
10.0,10.0,10.0,0.0;10.0,10.0,0.0,0.0::-1107.29,13.650673976035025
-1107.29
10.0,10.0,0.0,0.0;10.0,10.0,10.0,10.0::-2466.28,93.96721023846563
-2466.28
10.0,10.0,10.0,10.0;10.0,10.0,0.0,0.0::-1126.82,33.986211910126144
-1126.82
