0.0,0.0,10.0,0.0;0.0,0.0,10.0,0.0::-329.745,23.355673293656082
-329.745
0.0,0.0,10.0,0.0;0.0,0.0,10.0,0.0::-330.045,23.981878054064072
-330.045
0.0,0.0,10.0,0.0;0.0,0.0,10.0,10.0::-1742.945,63.32045068538285
-1742.945
0.0,0.0,10.0,10.0;0.0,0.0,10.0,0.0::-1380.805,55.35001784100887
-1380.805
0.0,0.0,10.0,0.0;0.0,10.0,0.0,0.0::-1103.015,17.560816467351398
-1103.015
0.0,10.0,0.0,0.0;0.0,0.0,10.0,0.0::-2329.615,84.73691211626725
-2329.615
0.0,0.0,10.0,0.0;0.0,10.0,0.0,10.0::-1537.555,20.49230282325538
-1537.555
0.0,10.0,0.0,10.0;0.0,0.0,10.0,0.0::-1416.635,77.82267841060214
-1416.635
0.0,0.0,10.0,0.0;0.0,10.0,10.0,0.0::-1538.06,20.36642825828819
-1538.06
0.0,10.0,10.0,0.0;0.0,0.0,10.0,0.0::-1422.94,78.03083621235902
-1422.94
0.0,0.0,10.0,0.0;0.0,10.0,10.0,10.0::-2962.965,48.5227397721934
-2962.965
0.0,10.0,10.0,10.0;0.0,0.0,10.0,0.0::-2465.925,79.75588928098037
-2465.925
0.0,0.0,10.0,0.0;10.0,0.0,0.0,0.0::103.53,14.502210176383457
103.53
10.0,0.0,0.0,0.0;0.0,0.0,10.0,0.0::-1246.89,15.750647605733551
-1246.89
0.0,0.0,10.0,0.0;10.0,0.0,0.0,10.0::-328.925,22.072196877519914
-328.925
10.0,0.0,0.0,10.0;0.0,0.0,10.0,0.0::-329.065,21.132990204890557
-329.065
0.0,0.0,10.0,0.0;10.0,0.0,10.0,0.0::-325.74,19.850123425308972
-325.74
10.0,0.0,10.0,0.0;0.0,0.0,10.0,0.0::-327.12,18.26692639718023
-327.12
0.0,0.0,10.0,0.0;10.0,0.0,10.0,10.0::-1756.0,46.00847747969933
-1756.0
10.0,0.0,10.0,10.0;0.0,0.0,10.0,0.0::-1394.06,38.912676597736116
-1394.06
0.0,0.0,10.0,0.0;10.0,10.0,0.0,0.0::-1108.045,14.494843048477621
-1108.045
10.0,10.0,0.0,0.0;0.0,0.0,10.0,0.0::-2304.245,58.97442220997167
-2304.245
0.0,0.0,10.0,0.0;10.0,10.0,0.0,10.0::-1543.27,21.774804247110925
-1543.27
10.0,10.0,0.0,10.0;0.0,0.0,10.0,0.0::-1389.05,52.440370898764634
-1389.05
0.0,0.0,10.0,0.0;10.0,10.0,10.0,0.0::-1543.645,21.532916082128768
-1543.645
10.0,10.0,10.0,0.0;0.0,0.0,10.0,0.0::-1395.545,71.9447390362909
-1395.545
0.0,0.0,10.0,0.0;10.0,10.0,10.0,10.0::-2959.01,49.038351318126516
-2959.01
10.0,10.0,10.0,10.0;0.0,0.0,10.0,0.0::-2442.97,68.42177358122194
-2442.97
