0.0,0.0,10.0,10.0;0.0,0.0,10.0,10.0::-2812.88,48.199383813488744
-2812.88
0.0,0.0,10.0,10.0;0.0,0.0,10.0,10.0::-2815.3,49.09220915786945
-2815.3
0.0,0.0,10.0,10.0;0.0,10.0,0.0,0.0::-1061.28,31.217728937256148
-1061.28
0.0,10.0,0.0,0.0;0.0,0.0,10.0,10.0::-2556.84,78.61538907872935
-2556.84
0.0,0.0,10.0,10.0;0.0,10.0,0.0,10.0::-1498.49,40.60406260462122
-1498.49
0.0,10.0,0.0,10.0;0.0,0.0,10.0,10.0::-1637.41,83.01579307577565
-1637.41
0.0,0.0,10.0,10.0;0.0,10.0,10.0,0.0::-1493.165,40.49092830499198
-1493.165
0.0,10.0,10.0,0.0;0.0,0.0,10.0,10.0::-1638.685,77.44380720884013
-1638.685
0.0,0.0,10.0,10.0;0.0,10.0,10.0,10.0::-2919.36,50.95944858414384
-2919.36
0.0,10.0,10.0,10.0;0.0,0.0,10.0,10.0::-2705.22,82.71738994915157
-2705.22
0.0,0.0,10.0,10.0;10.0,0.0,0.0,0.0::-1064.265,40.10944122024139
-1064.265
10.0,0.0,0.0,0.0;0.0,0.0,10.0,10.0::-2533.785,103.32584998440613
-2533.785
0.0,0.0,10.0,10.0;10.0,0.0,0.0,10.0::-1497.435,39.64162301167802
-1497.435
10.0,0.0,0.0,10.0;0.0,0.0,10.0,10.0::-1624.815,92.82345218208597
-1624.815
0.0,0.0,10.0,10.0;10.0,0.0,10.0,0.0::-1493.495,40.47971683448391
-1493.495
10.0,0.0,10.0,0.0;0.0,0.0,10.0,10.0::-1637.515,83.41059450093856
-1637.515
0.0,0.0,10.0,10.0;10.0,0.0,10.0,10.0::-2927.98,56.68394481685269
-2927.98
10.0,0.0,10.0,10.0;0.0,0.0,10.0,10.0::-2673.26,116.12881812883485
-2673.26
0.0,0.0,10.0,10.0;10.0,10.0,0.0,0.0::-1128.61,33.67881975366714
-1128.61
10.0,10.0,0.0,0.0;0.0,0.0,10.0,10.0::-2467.31,98.90843695054532
-2467.31
0.0,0.0,10.0,10.0;10.0,10.0,0.0,10.0::-1562.065,37.78886443120511
-1562.065
10.0,10.0,0.0,10.0;0.0,0.0,10.0,10.0::-1547.705,95.62758741597531
-1547.705
0.0,0.0,10.0,10.0;10.0,10.0,10.0,0.0::-1558.79,40.376179858921766
-1558.79
10.0,10.0,10.0,0.0;0.0,0.0,10.0,10.0::-1563.67,90.52795756008196
-1563.67
0.0,0.0,10.0,10.0;10.0,10.0,10.0,10.0::-2981.075,57.95672415690866
-2981.075
10.0,10.0,10.0,10.0;0.0,0.0,10.0,10.0::-2622.955,95.18343067467154
-2622.955
