0.0,10.0,0.0,0.0;0.0,10.0,0.0,0.0::-812.87,9.330760955034695
-812.87
0.0,10.0,0.0,0.0;0.0,10.0,0.0,0.0::-812.71,8.26655309061764
-812.71
0.0,10.0,0.0,0.0;0.0,10.0,0.0,10.0::-1245.61,18.58690130172321
-1245.61
0.0,10.0,0.0,10.0;0.0,10.0,0.0,0.0::104.83,16.271327542643842
104.83
0.0,10.0,0.0,0.0;0.0,10.0,10.0,0.0::-2327.285,73.77785084291898
-2327.285
0.0,10.0,10.0,0.0;0.0,10.0,0.0,0.0::-1101.505,17.886796107743834
-1101.505
0.0,10.0,0.0,0.0;0.0,10.0,10.0,10.0::-2537.435,105.29153942743926
-2537.435
0.0,10.0,10.0,10.0;0.0,10.0,0.0,0.0::-1055.695,54.500224540821854
-1055.695
0.0,10.0,0.0,0.0;10.0,0.0,0.0,0.0::-813.315,9.01932785744038
-813.315
10.0,0.0,0.0,0.0;0.0,10.0,0.0,0.0::-810.615,8.724636095562955
-810.615
0.0,10.0,0.0,0.0;10.0,0.0,0.0,10.0::-1244.435,16.100101707753275
-1244.435
10.0,0.0,0.0,10.0;0.0,10.0,0.0,0.0::106.385,14.967106433776706
106.385
0.0,10.0,0.0,0.0;10.0,0.0,10.0,0.0::-2323.38,77.4109204182459
-2323.38
10.0,0.0,10.0,0.0;0.0,10.0,0.0,0.0::-1101.96,18.416117940543277
-1101.96
0.0,10.0,0.0,0.0;10.0,0.0,10.0,10.0::-2561.55,71.59994762567916
-2561.55
10.0,0.0,10.0,10.0;0.0,10.0,0.0,0.0::-1064.79,29.354231381523174
-1064.79
0.0,10.0,0.0,0.0;10.0,10.0,0.0,0.0::-812.71,9.291711360131673
-812.71
10.0,10.0,0.0,0.0;0.0,10.0,0.0,0.0::-812.39,9.474592339515194
-812.39
0.0,10.0,0.0,0.0;10.0,10.0,0.0,10.0::-1246.715,18.284591190398544
-1246.715
10.0,10.0,0.0,10.0;0.0,10.0,0.0,0.0::106.985,13.720323429132419
106.985
0.0,10.0,0.0,0.0;10.0,10.0,10.0,0.0::-2331.4,72.43900882811693
-2331.4
10.0,10.0,10.0,0.0;0.0,10.0,0.0,0.0::-1105.46,16.68347685585951
-1105.46
0.0,10.0,0.0,0.0;10.0,10.0,10.0,10.0::-2546.93,88.71265467789813
-2546.93
10.0,10.0,10.0,10.0;0.0,10.0,0.0,0.0::-1056.07,44.37674052924572
-1056.07
