0.0,10.0,0.0,10.0;0.0,10.0,0.0,10.0::-326.755,21.991986608762748
-326.755
0.0,10.0,0.0,10.0;0.0,10.0,0.0,10.0::-327.215,21.848598925331572
-327.215
0.0,10.0,0.0,10.0;0.0,10.0,10.0,0.0::-1404.965,70.90790699914926
-1404.965
0.0,10.0,10.0,0.0;0.0,10.0,0.0,10.0::-1538.665,21.742591266912058
-1538.665
0.0,10.0,0.0,10.0;0.0,10.0,10.0,10.0::-1637.33,88.91274430586427
-1637.33
0.0,10.0,10.0,10.0;0.0,10.0,0.0,10.0::-1498.63,32.20882022055449
-1498.63
0.0,10.0,0.0,10.0;10.0,0.0,0.0,0.0::-1100.74,19.087755237324266
-1100.74
10.0,0.0,0.0,0.0;0.0,10.0,0.0,10.0::-2337.32,84.43025287182314
-2337.32
0.0,10.0,0.0,10.0;10.0,0.0,0.0,10.0::-1531.01,25.452109932184406
-1531.01
10.0,0.0,0.0,10.0;0.0,10.0,0.0,10.0::-1426.63,84.90602511011807
-1426.63
0.0,10.0,0.0,10.0;10.0,0.0,10.0,0.0::-2624.62,80.26553183029438
-2624.62
10.0,0.0,10.0,0.0;0.0,10.0,0.0,10.0::-2638.4,92.12415535569374
-2638.4
0.0,10.0,0.0,10.0;10.0,0.0,10.0,10.0::-2851.255,78.6179844246849
-2851.255
10.0,0.0,10.0,10.0;0.0,10.0,0.0,10.0::-2596.175,84.68572415112243
-2596.175
0.0,10.0,0.0,10.0;10.0,10.0,0.0,0.0::-1102.23,16.977252427881247
-1102.23
10.0,10.0,0.0,0.0;0.0,10.0,0.0,10.0::-2314.95,83.69180067366217
-2314.95
0.0,10.0,0.0,10.0;10.0,10.0,0.0,10.0::-1536.575,19.760867263356634
-1536.575
10.0,10.0,0.0,10.0;0.0,10.0,0.0,10.0::-1406.335,74.7137890553009
-1406.335
0.0,10.0,0.0,10.0;10.0,10.0,10.0,0.0::-2615.335,65.98886478035517
-2615.335
10.0,10.0,10.0,0.0;0.0,10.0,0.0,10.0::-2619.875,75.73068648176907
-2619.875
0.0,10.0,0.0,10.0;10.0,10.0,10.0,10.0::-2843.945,94.92146477483372
-2843.945
10.0,10.0,10.0,10.0;0.0,10.0,0.0,10.0::-2575.825,70.75957090740445
-2575.825
