0.0,10.0,10.0,0.0;0.0,10.0,10.0,0.0::-2619.945,79.57433301636904
-2619.945
0.0,10.0,10.0,0.0;0.0,10.0,10.0,0.0::-2618.085,78.68564211468316
-2618.085
0.0,10.0,10.0,0.0;0.0,10.0,10.0,10.0::-2833.055,106.95487120743964
-2833.055
0.0,10.0,10.0,10.0;0.0,10.0,10.0,0.0::-2586.175,80.40887311111877
-2586.175
0.0,10.0,10.0,0.0;10.0,0.0,0.0,0.0::110.12,14.357423167128564
110.12
10.0,0.0,0.0,0.0;0.0,10.0,10.0,0.0::-1244.06,13.611260044536651
-1244.06
0.0,10.0,10.0,0.0;10.0,0.0,0.0,10.0::-327.665,18.923933919774715
-327.665
10.0,0.0,0.0,10.0;0.0,10.0,10.0,0.0::-326.605,19.751999265897112
-326.605
0.0,10.0,10.0,0.0;10.0,0.0,10.0,0.0::-1402.67,81.04977544694371
-1402.67
10.0,0.0,10.0,0.0;0.0,10.0,10.0,0.0::-1533.55,22.373477601839188
-1533.55
0.0,10.0,10.0,0.0;10.0,0.0,10.0,10.0::-1631.195,92.49164543352009
-1631.195
10.0,0.0,10.0,10.0;0.0,10.0,10.0,0.0::-1500.415,33.34576847217649
-1500.415
0.0,10.0,10.0,0.0;10.0,10.0,0.0,0.0::-1105.395,15.064742779085206
-1105.395
10.0,10.0,0.0,0.0;0.0,10.0,10.0,0.0::-2301.915,54.65789307135797
-2301.915
0.0,10.0,10.0,0.0;10.0,10.0,0.0,10.0::-1541.275,24.46552421265484
-1541.275
10.0,10.0,0.0,10.0;0.0,10.0,10.0,0.0::-1382.315,55.0402423232311
-1382.315
0.0,10.0,10.0,0.0;10.0,10.0,10.0,0.0::-2620.97,80.6047089195166
-2620.97
10.0,10.0,10.0,0.0;0.0,10.0,10.0,0.0::-2591.47,55.0832016135591
-2591.47
0.0,10.0,10.0,0.0;10.0,10.0,10.0,10.0::-2819.63,107.58426046592504
-2819.63
10.0,10.0,10.0,10.0;0.0,10.0,10.0,0.0::-2555.29,72.41840857130181
-2555.29
