0.0,10.0,10.0,10.0;0.0,10.0,10.0,10.0::-2784.765,120.40227271526065
-2784.765
0.0,10.0,10.0,10.0;0.0,10.0,10.0,10.0::-2796.645,92.57179092466559
-2796.645
0.0,10.0,10.0,10.0;10.0,0.0,0.0,0.0::-1071.44,30.67175247683118
-1071.44
10.0,0.0,0.0,0.0;0.0,10.0,10.0,10.0::-2524.9,112.7245314915968
-2524.9
0.0,10.0,10.0,10.0;10.0,0.0,0.0,10.0::-1496.785,43.092473530768686
-1496.785
10.0,0.0,0.0,10.0;0.0,10.0,10.0,10.0::-1626.425,87.75042378815046
-1626.425
0.0,10.0,10.0,10.0;10.0,0.0,10.0,0.0::-2588.935,78.45373334010307
-2588.935
10.0,0.0,10.0,0.0;0.0,10.0,10.0,10.0::-2833.415,96.7016043041686
-2833.415
0.0,10.0,10.0,10.0;10.0,0.0,10.0,10.0::-2822.445,70.47023822153577
-2822.445
10.0,0.0,10.0,10.0;0.0,10.0,10.0,10.0::-2775.645,107.10960029334439
-2775.645
0.0,10.0,10.0,10.0;10.0,10.0,0.0,0.0::-1126.48,32.4307662567507
-1126.48
10.0,10.0,0.0,0.0;0.0,10.0,10.0,10.0::-2448.74,100.08515074675162
-2448.74
0.0,10.0,10.0,10.0;10.0,10.0,0.0,10.0::-1559.66,35.14668405411811
-1559.66
10.0,10.0,0.0,10.0;0.0,10.0,10.0,10.0::-1554.4,95.76484219169372
-1554.4
0.0,10.0,10.0,10.0;10.0,10.0,10.0,0.0::-2631.76,69.8968339769406
-2631.76
10.0,10.0,10.0,0.0;0.0,10.0,10.0,10.0::-2758.1,101.57103425681952
-2758.1
0.0,10.0,10.0,10.0;10.0,10.0,10.0,10.0::-2856.295,88.53750885923998
-2856.295
10.0,10.0,10.0,10.0;0.0,10.0,10.0,10.0::-2721.815,99.5786286057405
-2721.815
