10.0,0.0,0.0,0.0;10.0,0.0,0.0,0.0::-813.785,11.080896849984661
-813.785
10.0,0.0,0.0,0.0;10.0,0.0,0.0,0.0::-812.605,10.82249855624846
-812.605
10.0,0.0,0.0,0.0;10.0,0.0,0.0,10.0::-2350.715,77.02805511630159
-2350.715
10.0,0.0,0.0,10.0;10.0,0.0,0.0,0.0::-1098.295,18.83362617766424
-1098.295
10.0,0.0,0.0,0.0;10.0,0.0,10.0,0.0::-1247.035,16.962053973502147
-1247.035
10.0,0.0,10.0,0.0;10.0,0.0,0.0,0.0::104.725,15.408337840273363
104.725
10.0,0.0,0.0,0.0;10.0,0.0,10.0,10.0::-2546.335,95.69655309884467
-2546.335
10.0,0.0,10.0,10.0;10.0,0.0,0.0,0.0::-1063.475,37.157325993671826
-1063.475
10.0,0.0,0.0,0.0;10.0,10.0,0.0,0.0::-813.99,9.67186124797084
-813.99
10.0,10.0,0.0,0.0;10.0,0.0,0.0,0.0::-813.15,9.285607142239003
-813.15
10.0,0.0,0.0,0.0;10.0,10.0,0.0,10.0::-2348.795,91.23870053327151
-2348.795
10.0,10.0,0.0,10.0;10.0,0.0,0.0,0.0::-1099.255,18.074221283363777
-1099.255
10.0,0.0,0.0,0.0;10.0,10.0,10.0,0.0::-1244.475,15.361050582561074
-1244.475
10.0,10.0,10.0,0.0;10.0,0.0,0.0,0.0::106.725,12.89115491335047
106.725
10.0,0.0,0.0,0.0;10.0,10.0,10.0,10.0::-2554.93,88.22698056717118
-2554.93
10.0,10.0,10.0,10.0;10.0,0.0,0.0,0.0::-1069.37,22.37650777042745
-1069.37
