10.0,0.0,0.0,10.0;10.0,0.0,0.0,10.0::-2628.795,79.87790980615355
-2628.795
10.0,0.0,0.0,10.0;10.0,0.0,0.0,10.0::-2626.875,94.38064883756627
-2626.875
10.0,0.0,0.0,10.0;10.0,0.0,10.0,0.0::-1534.375,20.619332554668205
-1534.375
10.0,0.0,10.0,0.0;10.0,0.0,0.0,10.0::-1417.235,85.07403995932016
-1417.235
10.0,0.0,0.0,10.0;10.0,0.0,10.0,10.0::-2846.27,81.5916178292844
-2846.27
10.0,0.0,10.0,10.0;10.0,0.0,0.0,10.0::-2600.65,90.6966509855794
-2600.65
10.0,0.0,0.0,10.0;10.0,10.0,0.0,0.0::-1101.39,15.488314950310125
-1101.39
10.0,10.0,0.0,0.0;10.0,0.0,0.0,10.0::-2324.61,80.11633978159513
-2324.61
10.0,0.0,0.0,10.0;10.0,10.0,0.0,10.0::-2633.055,88.17746013012622
-2633.055
10.0,10.0,0.0,10.0;10.0,0.0,0.0,10.0::-2613.975,76.62921684971079
-2613.975
10.0,0.0,0.0,10.0;10.0,10.0,10.0,0.0::-1536.325,23.974504687271434
-1536.325
10.0,10.0,10.0,0.0;10.0,0.0,0.0,10.0::-1402.025,75.02414194777573
-1402.025
10.0,0.0,0.0,10.0;10.0,10.0,10.0,10.0::-2840.125,80.48174870739328
-2840.125
10.0,10.0,10.0,10.0;10.0,0.0,0.0,10.0::-2579.045,86.9811213712493
-2579.045
