0.0,0.0,0.0,0.0;0.0,0.0,0.0,0.0::-814.545,9.004747359032343
-814.545
0.0,0.0,0.0,0.0;0.0,0.0,0.0,0.0::-811.665,9.50422406091102
-811.665
0.0,0.0,0.0,0.0;0.0,0.0,0.0,10.0::-1248.49,16.63309652470038
-1248.49
0.0,0.0,0.0,10.0;0.0,0.0,0.0,0.0::100.63,14.145073347282437
100.63
0.0,0.0,0.0,0.0;0.0,0.0,10.0,0.0::-1249.56,18.988586045306267
-1249.56
0.0,0.0,10.0,0.0;0.0,0.0,0.0,0.0::102.66,16.119689823318563
102.66
0.0,0.0,0.0,0.0;0.0,0.0,10.0,10.0::-2665.16,47.99561855003015
-2665.16
0.0,0.0,10.0,10.0;0.0,0.0,0.0,0.0::-952.42,41.52648070809757
-952.42
0.0,0.0,0.0,0.0;0.0,10.0,0.0,0.0::-812.06,8.607345700040167
-812.06
0.0,10.0,0.0,0.0;0.0,0.0,0.0,0.0::-814.6,8.045495634204274
-814.6
0.0,0.0,0.0,0.0;0.0,10.0,0.0,10.0::-1250.965,17.173708830651577
-1250.965
0.0,10.0,0.0,10.0;0.0,0.0,0.0,0.0::101.635,15.691853778314405
101.635
0.0,0.0,0.0,0.0;0.0,10.0,10.0,0.0::-1247.7,15.290356437964423
-1247.7
0.0,10.0,10.0,0.0;0.0,0.0,0.0,0.0::103.38,13.870133380757375
103.38
0.0,0.0,0.0,0.0;0.0,10.0,10.0,10.0::-2666.84,40.55538681852265
-2666.84
0.0,10.0,10.0,10.0;0.0,0.0,0.0,0.0::-955.78,34.71450129268748
-955.78
0.0,0.0,0.0,0.0;10.0,0.0,0.0,0.0::-813.065,8.072067579003535
-813.065
10.0,0.0,0.0,0.0;0.0,0.0,0.0,0.0::-812.485,9.293937540138732
-812.485
0.0,0.0,0.0,0.0;10.0,0.0,0.0,10.0::-1247.295,19.018818969641618
-1247.295
10.0,0.0,0.0,10.0;0.0,0.0,0.0,0.0::103.725,16.49050863375657
103.725
0.0,0.0,0.0,0.0;10.0,0.0,10.0,0.0::-1248.365,17.987614488864274
-1248.365
10.0,0.0,10.0,0.0;0.0,0.0,0.0,0.0::103.175,15.800217561793255
103.175
0.0,0.0,0.0,0.0;10.0,0.0,10.0,10.0::-2673.49,40.351950386567445
-2673.49
10.0,0.0,10.0,10.0;0.0,0.0,0.0,0.0::-958.91,33.08371049323216
-958.91
0.0,0.0,0.0,0.0;10.0,10.0,0.0,0.0::-812.935,9.173509415703455
-812.935
10.0,10.0,0.0,0.0;0.0,0.0,0.0,0.0::-813.755,9.971332659178515
-813.755
0.0,0.0,0.0,0.0;10.0,10.0,0.0,10.0::-1247.305,17.70422195409897
-1247.305
10.0,10.0,0.0,10.0;0.0,0.0,0.0,0.0::102.535,14.312801088536096
102.535
0.0,0.0,0.0,0.0;10.0,10.0,10.0,0.0::-1246.115,18.78148756089357
-1246.115
10.0,10.0,10.0,0.0;0.0,0.0,0.0,0.0::102.545,16.481519195753773
102.545
0.0,0.0,0.0,0.0;10.0,10.0,10.0,10.0::-2673.615,49.403130214592686
-2673.615
10.0,10.0,10.0,10.0;0.0,0.0,0.0,0.0::-956.475,40.74373418085288
-956.475
0.0,0.0,0.0,10.0;0.0,0.0,0.0,10.0::-330.905,21.481817311391513
-330.905
0.0,0.0,0.0,10.0;0.0,0.0,0.0,10.0::-331.345,20.85326053642451
-331.345
0.0,0.0,0.0,10.0;0.0,0.0,10.0,0.0::-334.22,22.012192076210855
-334.22
0.0,0.0,10.0,0.0;0.0,0.0,0.0,10.0::-333.64,21.11481470437285
-333.64
0.0,0.0,0.0,10.0;0.0,0.0,10.0,10.0::-1751.85,45.88439277139884
-1751.85
0.0,0.0,10.0,10.0;0.0,0.0,0.0,10.0::-1389.75,37.94703545733184
-1389.75
0.0,0.0,0.0,10.0;0.0,10.0,0.0,0.0::106.795,14.776010117755062
106.795
0.0,10.0,0.0,0.0;0.0,0.0,0.0,10.0::-1245.265,16.615723727842852
-1245.265
0.0,0.0,0.0,10.0;0.0,10.0,0.0,10.0::-328.03,21.319805346203324
-328.03
0.0,10.0,0.0,10.0;0.0,0.0,0.0,10.0::-328.55,22.023907464389694
-328.55
0.0,0.0,0.0,10.0;0.0,10.0,10.0,0.0::-327.975,20.73057826014508
-327.975
0.0,10.0,10.0,0.0;0.0,0.0,0.0,10.0::-331.875,20.369631194501288
-331.875
0.0,0.0,0.0,10.0;0.0,10.0,10.0,10.0::-1757.395,36.60452806689358
-1757.395
0.0,10.0,10.0,10.0;0.0,0.0,0.0,10.0::-1395.515,29.823183515513563
-1395.515
0.0,0.0,0.0,10.0;10.0,0.0,0.0,0.0::-1097.535,19.289537967509748
-1097.535
10.0,0.0,0.0,0.0;0.0,0.0,0.0,10.0::-2355.855,91.37527824855036
-2355.855
0.0,0.0,0.0,10.0;10.0,0.0,0.0,10.0::-1535.615,22.25374743722953
-1535.615
10.0,0.0,0.0,10.0;0.0,0.0,0.0,10.0::-1441.075,92.1529265677439
-1441.075
0.0,0.0,0.0,10.0;10.0,0.0,10.0,0.0::-1535.085,23.097408404407616
-1535.085
10.0,0.0,10.0,0.0;0.0,0.0,0.0,10.0::-1435.785,90.4785127806597
-1435.785
0.0,0.0,0.0,10.0;10.0,0.0,10.0,10.0::-2953.905,43.68241608473598
-2953.905
10.0,0.0,10.0,10.0;0.0,0.0,0.0,10.0::-2490.885,88.99437777185702
-2490.885
0.0,0.0,0.0,10.0;10.0,10.0,0.0,0.0::-1107.06,15.352081292124529
-1107.06
10.0,10.0,0.0,0.0;0.0,0.0,0.0,10.0::-2313.54,66.09960968114711
-2313.54
0.0,0.0,0.0,10.0;10.0,10.0,0.0,10.0::-1540.055,21.231332388712676
-1540.055
10.0,10.0,0.0,10.0;0.0,0.0,0.0,10.0::-1407.595,81.22394028240686
-1407.595
0.0,0.0,0.0,10.0;10.0,10.0,10.0,0.0::-1536.945,20.5691388978732
-1536.945
10.0,10.0,10.0,0.0;0.0,0.0,0.0,10.0::-1414.965,73.97317943011507
-1414.965
0.0,0.0,0.0,10.0;10.0,10.0,10.0,10.0::-2964.56,46.38670499184006
-2964.56
10.0,10.0,10.0,10.0;0.0,0.0,0.0,10.0::-2460.88,81.00867607855348
-2460.88
0.0,0.0,10.0,0.0;0.0,0.0,10.0,0.0::-329.745,23.355673293656082
-329.745
0.0,0.0,10.0,0.0;0.0,0.0,10.0,0.0::-330.045,23.981878054064072
-330.045
0.0,0.0,10.0,0.0;0.0,0.0,10.0,10.0::-1742.945,63.32045068538285
-1742.945
0.0,0.0,10.0,10.0;0.0,0.0,10.0,0.0::-1380.805,55.35001784100887
-1380.805
0.0,0.0,10.0,0.0;0.0,10.0,0.0,0.0::-1103.015,17.560816467351398
-1103.015
0.0,10.0,0.0,0.0;0.0,0.0,10.0,0.0::-2329.615,84.73691211626725
-2329.615
0.0,0.0,10.0,0.0;0.0,10.0,0.0,10.0::-1537.555,20.49230282325538
-1537.555
0.0,10.0,0.0,10.0;0.0,0.0,10.0,0.0::-1416.635,77.82267841060214
-1416.635
0.0,0.0,10.0,0.0;0.0,10.0,10.0,0.0::-1538.06,20.36642825828819
-1538.06
0.0,10.0,10.0,0.0;0.0,0.0,10.0,0.0::-1422.94,78.03083621235902
-1422.94
0.0,0.0,10.0,0.0;0.0,10.0,10.0,10.0::-2962.965,48.5227397721934
-2962.965
0.0,10.0,10.0,10.0;0.0,0.0,10.0,0.0::-2465.925,79.75588928098037
-2465.925
0.0,0.0,10.0,0.0;10.0,0.0,0.0,0.0::103.53,14.502210176383457
103.53
10.0,0.0,0.0,0.0;0.0,0.0,10.0,0.0::-1246.89,15.750647605733551
-1246.89
0.0,0.0,10.0,0.0;10.0,0.0,0.0,10.0::-328.925,22.072196877519914
-328.925
10.0,0.0,0.0,10.0;0.0,0.0,10.0,0.0::-329.065,21.132990204890557
-329.065
0.0,0.0,10.0,0.0;10.0,0.0,10.0,0.0::-325.74,19.850123425308972
-325.74
10.0,0.0,10.0,0.0;0.0,0.0,10.0,0.0::-327.12,18.26692639718023
-327.12
0.0,0.0,10.0,0.0;10.0,0.0,10.0,10.0::-1756.0,46.00847747969933
-1756.0
10.0,0.0,10.0,10.0;0.0,0.0,10.0,0.0::-1394.06,38.912676597736116
-1394.06
0.0,0.0,10.0,0.0;10.0,10.0,0.0,0.0::-1108.045,14.494843048477621
-1108.045
10.0,10.0,0.0,0.0;0.0,0.0,10.0,0.0::-2304.245,58.97442220997167
-2304.245
0.0,0.0,10.0,0.0;10.0,10.0,0.0,10.0::-1543.27,21.774804247110925
-1543.27
10.0,10.0,0.0,10.0;0.0,0.0,10.0,0.0::-1389.05,52.440370898764634
-1389.05
0.0,0.0,10.0,0.0;10.0,10.0,10.0,0.0::-1543.645,21.532916082128768
-1543.645
10.0,10.0,10.0,0.0;0.0,0.0,10.0,0.0::-1395.545,71.9447390362909
-1395.545
0.0,0.0,10.0,0.0;10.0,10.0,10.0,10.0::-2959.01,49.038351318126516
-2959.01
10.0,10.0,10.0,10.0;0.0,0.0,10.0,0.0::-2442.97,68.42177358122194
-2442.97
0.0,0.0,10.0,10.0;0.0,0.0,10.0,10.0::-2812.88,48.199383813488744
-2812.88
0.0,0.0,10.0,10.0;0.0,0.0,10.0,10.0::-2815.3,49.09220915786945
-2815.3
0.0,0.0,10.0,10.0;0.0,10.0,0.0,0.0::-1061.28,31.217728937256148
-1061.28
0.0,10.0,0.0,0.0;0.0,0.0,10.0,10.0::-2556.84,78.61538907872935
-2556.84
0.0,0.0,10.0,10.0;0.0,10.0,0.0,10.0::-1498.49,40.60406260462122
-1498.49
0.0,10.0,0.0,10.0;0.0,0.0,10.0,10.0::-1637.41,83.01579307577565
-1637.41
0.0,0.0,10.0,10.0;0.0,10.0,10.0,0.0::-1493.165,40.49092830499198
-1493.165
0.0,10.0,10.0,0.0;0.0,0.0,10.0,10.0::-1638.685,77.44380720884013
-1638.685
0.0,0.0,10.0,10.0;0.0,10.0,10.0,10.0::-2919.36,50.95944858414384
-2919.36
0.0,10.0,10.0,10.0;0.0,0.0,10.0,10.0::-2705.22,82.71738994915157
-2705.22
0.0,0.0,10.0,10.0;10.0,0.0,0.0,0.0::-1064.265,40.10944122024139
-1064.265
10.0,0.0,0.0,0.0;0.0,0.0,10.0,10.0::-2533.785,103.32584998440613
-2533.785
0.0,0.0,10.0,10.0;10.0,0.0,0.0,10.0::-1497.435,39.64162301167802
-1497.435
10.0,0.0,0.0,10.0;0.0,0.0,10.0,10.0::-1624.815,92.82345218208597
-1624.815
0.0,0.0,10.0,10.0;10.0,0.0,10.0,0.0::-1493.495,40.47971683448391
-1493.495
10.0,0.0,10.0,0.0;0.0,0.0,10.0,10.0::-1637.515,83.41059450093856
-1637.515
0.0,0.0,10.0,10.0;10.0,0.0,10.0,10.0::-2927.98,56.68394481685269
-2927.98
10.0,0.0,10.0,10.0;0.0,0.0,10.0,10.0::-2673.26,116.12881812883485
-2673.26
0.0,0.0,10.0,10.0;10.0,10.0,0.0,0.0::-1128.61,33.67881975366714
-1128.61
10.0,10.0,0.0,0.0;0.0,0.0,10.0,10.0::-2467.31,98.90843695054532
-2467.31
0.0,0.0,10.0,10.0;10.0,10.0,0.0,10.0::-1562.065,37.78886443120511
-1562.065
10.0,10.0,0.0,10.0;0.0,0.0,10.0,10.0::-1547.705,95.62758741597531
-1547.705
0.0,0.0,10.0,10.0;10.0,10.0,10.0,0.0::-1558.79,40.376179858921766
-1558.79
10.0,10.0,10.0,0.0;0.0,0.0,10.0,10.0::-1563.67,90.52795756008196
-1563.67
0.0,0.0,10.0,10.0;10.0,10.0,10.0,10.0::-2981.075,57.95672415690866
-2981.075
10.0,10.0,10.0,10.0;0.0,0.0,10.0,10.0::-2622.955,95.18343067467154
-2622.955
0.0,10.0,0.0,0.0;0.0,10.0,0.0,0.0::-812.87,9.330760955034695
-812.87
0.0,10.0,0.0,0.0;0.0,10.0,0.0,0.0::-812.71,8.26655309061764
-812.71
0.0,10.0,0.0,0.0;0.0,10.0,0.0,10.0::-1245.61,18.58690130172321
-1245.61
0.0,10.0,0.0,10.0;0.0,10.0,0.0,0.0::104.83,16.271327542643842
104.83
0.0,10.0,0.0,0.0;0.0,10.0,10.0,0.0::-2327.285,73.77785084291898
-2327.285
0.0,10.0,10.0,0.0;0.0,10.0,0.0,0.0::-1101.505,17.886796107743834
-1101.505
0.0,10.0,0.0,0.0;0.0,10.0,10.0,10.0::-2537.435,105.29153942743926
-2537.435
0.0,10.0,10.0,10.0;0.0,10.0,0.0,0.0::-1055.695,54.500224540821854
-1055.695
0.0,10.0,0.0,0.0;10.0,0.0,0.0,0.0::-813.315,9.01932785744038
-813.315
10.0,0.0,0.0,0.0;0.0,10.0,0.0,0.0::-810.615,8.724636095562955
-810.615
0.0,10.0,0.0,0.0;10.0,0.0,0.0,10.0::-1244.435,16.100101707753275
-1244.435
10.0,0.0,0.0,10.0;0.0,10.0,0.0,0.0::106.385,14.967106433776706
106.385
0.0,10.0,0.0,0.0;10.0,0.0,10.0,0.0::-2323.38,77.4109204182459
-2323.38
10.0,0.0,10.0,0.0;0.0,10.0,0.0,0.0::-1101.96,18.416117940543277
-1101.96
0.0,10.0,0.0,0.0;10.0,0.0,10.0,10.0::-2561.55,71.59994762567916
-2561.55
10.0,0.0,10.0,10.0;0.0,10.0,0.0,0.0::-1064.79,29.354231381523174
-1064.79
0.0,10.0,0.0,0.0;10.0,10.0,0.0,0.0::-812.71,9.291711360131673
-812.71
10.0,10.0,0.0,0.0;0.0,10.0,0.0,0.0::-812.39,9.474592339515194
-812.39
0.0,10.0,0.0,0.0;10.0,10.0,0.0,10.0::-1246.715,18.284591190398544
-1246.715
10.0,10.0,0.0,10.0;0.0,10.0,0.0,0.0::106.985,13.720323429132419
106.985
0.0,10.0,0.0,0.0;10.0,10.0,10.0,0.0::-2331.4,72.43900882811693
-2331.4
10.0,10.0,10.0,0.0;0.0,10.0,0.0,0.0::-1105.46,16.68347685585951
-1105.46
0.0,10.0,0.0,0.0;10.0,10.0,10.0,10.0::-2546.93,88.71265467789813
-2546.93
10.0,10.0,10.0,10.0;0.0,10.0,0.0,0.0::-1056.07,44.37674052924572
-1056.07
0.0,10.0,0.0,10.0;0.0,10.0,0.0,10.0::-326.755,21.991986608762748
-326.755
0.0,10.0,0.0,10.0;0.0,10.0,0.0,10.0::-327.215,21.848598925331572
-327.215
0.0,10.0,0.0,10.0;0.0,10.0,10.0,0.0::-1404.965,70.90790699914926
-1404.965
0.0,10.0,10.0,0.0;0.0,10.0,0.0,10.0::-1538.665,21.742591266912058
-1538.665
0.0,10.0,0.0,10.0;0.0,10.0,10.0,10.0::-1637.33,88.91274430586427
-1637.33
0.0,10.0,10.0,10.0;0.0,10.0,0.0,10.0::-1498.63,32.20882022055449
-1498.63
0.0,10.0,0.0,10.0;10.0,0.0,0.0,0.0::-1100.74,19.087755237324266
-1100.74
10.0,0.0,0.0,0.0;0.0,10.0,0.0,10.0::-2337.32,84.43025287182314
-2337.32
0.0,10.0,0.0,10.0;10.0,0.0,0.0,10.0::-1531.01,25.452109932184406
-1531.01
10.0,0.0,0.0,10.0;0.0,10.0,0.0,10.0::-1426.63,84.90602511011807
-1426.63
0.0,10.0,0.0,10.0;10.0,0.0,10.0,0.0::-2624.62,80.26553183029438
-2624.62
10.0,0.0,10.0,0.0;0.0,10.0,0.0,10.0::-2638.4,92.12415535569374
-2638.4
0.0,10.0,0.0,10.0;10.0,0.0,10.0,10.0::-2851.255,78.6179844246849
-2851.255
10.0,0.0,10.0,10.0;0.0,10.0,0.0,10.0::-2596.175,84.68572415112243
-2596.175
0.0,10.0,0.0,10.0;10.0,10.0,0.0,0.0::-1102.23,16.977252427881247
-1102.23
10.0,10.0,0.0,0.0;0.0,10.0,0.0,10.0::-2314.95,83.69180067366217
-2314.95
0.0,10.0,0.0,10.0;10.0,10.0,0.0,10.0::-1536.575,19.760867263356634
-1536.575
10.0,10.0,0.0,10.0;0.0,10.0,0.0,10.0::-1406.335,74.7137890553009
-1406.335
0.0,10.0,0.0,10.0;10.0,10.0,10.0,0.0::-2615.335,65.98886478035517
-2615.335
10.0,10.0,10.0,0.0;0.0,10.0,0.0,10.0::-2619.875,75.73068648176907
-2619.875
0.0,10.0,0.0,10.0;10.0,10.0,10.0,10.0::-2843.945,94.92146477483372
-2843.945
10.0,10.0,10.0,10.0;0.0,10.0,0.0,10.0::-2575.825,70.75957090740445
-2575.825
0.0,10.0,10.0,0.0;0.0,10.0,10.0,0.0::-2619.945,79.57433301636904
-2619.945
0.0,10.0,10.0,0.0;0.0,10.0,10.0,0.0::-2618.085,78.68564211468316
-2618.085
0.0,10.0,10.0,0.0;0.0,10.0,10.0,10.0::-2833.055,106.95487120743964
-2833.055
0.0,10.0,10.0,10.0;0.0,10.0,10.0,0.0::-2586.175,80.40887311111877
-2586.175
0.0,10.0,10.0,0.0;10.0,0.0,0.0,0.0::110.12,14.357423167128564
110.12
10.0,0.0,0.0,0.0;0.0,10.0,10.0,0.0::-1244.06,13.611260044536651
-1244.06
0.0,10.0,10.0,0.0;10.0,0.0,0.0,10.0::-327.665,18.923933919774715
-327.665
10.0,0.0,0.0,10.0;0.0,10.0,10.0,0.0::-326.605,19.751999265897112
-326.605
0.0,10.0,10.0,0.0;10.0,0.0,10.0,0.0::-1402.67,81.04977544694371
-1402.67
10.0,0.0,10.0,0.0;0.0,10.0,10.0,0.0::-1533.55,22.373477601839188
-1533.55
0.0,10.0,10.0,0.0;10.0,0.0,10.0,10.0::-1631.195,92.49164543352009
-1631.195
10.0,0.0,10.0,10.0;0.0,10.0,10.0,0.0::-1500.415,33.34576847217649
-1500.415
0.0,10.0,10.0,0.0;10.0,10.0,0.0,0.0::-1105.395,15.064742779085206
-1105.395
10.0,10.0,0.0,0.0;0.0,10.0,10.0,0.0::-2301.915,54.65789307135797
-2301.915
0.0,10.0,10.0,0.0;10.0,10.0,0.0,10.0::-1541.275,24.46552421265484
-1541.275
10.0,10.0,0.0,10.0;0.0,10.0,10.0,0.0::-1382.315,55.0402423232311
-1382.315
0.0,10.0,10.0,0.0;10.0,10.0,10.0,0.0::-2620.97,80.6047089195166
-2620.97
10.0,10.0,10.0,0.0;0.0,10.0,10.0,0.0::-2591.47,55.0832016135591
-2591.47
0.0,10.0,10.0,0.0;10.0,10.0,10.0,10.0::-2819.63,107.58426046592504
-2819.63
10.0,10.0,10.0,10.0;0.0,10.0,10.0,0.0::-2555.29,72.41840857130181
-2555.29
0.0,10.0,10.0,10.0;0.0,10.0,10.0,10.0::-2784.765,120.40227271526065
-2784.765
0.0,10.0,10.0,10.0;0.0,10.0,10.0,10.0::-2796.645,92.57179092466559
-2796.645
0.0,10.0,10.0,10.0;10.0,0.0,0.0,0.0::-1071.44,30.67175247683118
-1071.44
10.0,0.0,0.0,0.0;0.0,10.0,10.0,10.0::-2524.9,112.7245314915968
-2524.9
0.0,10.0,10.0,10.0;10.0,0.0,0.0,10.0::-1496.785,43.092473530768686
-1496.785
10.0,0.0,0.0,10.0;0.0,10.0,10.0,10.0::-1626.425,87.75042378815046
-1626.425
0.0,10.0,10.0,10.0;10.0,0.0,10.0,0.0::-2588.935,78.45373334010307
-2588.935
10.0,0.0,10.0,0.0;0.0,10.0,10.0,10.0::-2833.415,96.7016043041686
-2833.415
0.0,10.0,10.0,10.0;10.0,0.0,10.0,10.0::-2822.445,70.47023822153577
-2822.445
10.0,0.0,10.0,10.0;0.0,10.0,10.0,10.0::-2775.645,107.10960029334439
-2775.645
0.0,10.0,10.0,10.0;10.0,10.0,0.0,0.0::-1126.48,32.4307662567507
-1126.48
10.0,10.0,0.0,0.0;0.0,10.0,10.0,10.0::-2448.74,100.08515074675162
-2448.74
0.0,10.0,10.0,10.0;10.0,10.0,0.0,10.0::-1559.66,35.14668405411811
-1559.66
10.0,10.0,0.0,10.0;0.0,10.0,10.0,10.0::-1554.4,95.76484219169372
-1554.4
0.0,10.0,10.0,10.0;10.0,10.0,10.0,0.0::-2631.76,69.8968339769406
-2631.76
10.0,10.0,10.0,0.0;0.0,10.0,10.0,10.0::-2758.1,101.57103425681952
-2758.1
0.0,10.0,10.0,10.0;10.0,10.0,10.0,10.0::-2856.295,88.53750885923998
-2856.295
10.0,10.0,10.0,10.0;0.0,10.0,10.0,10.0::-2721.815,99.5786286057405
-2721.815
10.0,0.0,0.0,0.0;10.0,0.0,0.0,0.0::-813.785,11.080896849984661
-813.785
10.0,0.0,0.0,0.0;10.0,0.0,0.0,0.0::-812.605,10.82249855624846
-812.605
10.0,0.0,0.0,0.0;10.0,0.0,0.0,10.0::-2350.715,77.02805511630159
-2350.715
10.0,0.0,0.0,10.0;10.0,0.0,0.0,0.0::-1098.295,18.83362617766424
-1098.295
10.0,0.0,0.0,0.0;10.0,0.0,10.0,0.0::-1247.035,16.962053973502147
-1247.035
10.0,0.0,10.0,0.0;10.0,0.0,0.0,0.0::104.725,15.408337840273363
104.725
10.0,0.0,0.0,0.0;10.0,0.0,10.0,10.0::-2546.335,95.69655309884467
-2546.335
10.0,0.0,10.0,10.0;10.0,0.0,0.0,0.0::-1063.475,37.157325993671826
-1063.475
10.0,0.0,0.0,0.0;10.0,10.0,0.0,0.0::-813.99,9.67186124797084
-813.99
10.0,10.0,0.0,0.0;10.0,0.0,0.0,0.0::-813.15,9.285607142239003
-813.15
10.0,0.0,0.0,0.0;10.0,10.0,0.0,10.0::-2348.795,91.23870053327151
-2348.795
10.0,10.0,0.0,10.0;10.0,0.0,0.0,0.0::-1099.255,18.074221283363777
-1099.255
10.0,0.0,0.0,0.0;10.0,10.0,10.0,0.0::-1244.475,15.361050582561074
-1244.475
10.0,10.0,10.0,0.0;10.0,0.0,0.0,0.0::106.725,12.89115491335047
106.725
10.0,0.0,0.0,0.0;10.0,10.0,10.0,10.0::-2554.93,88.22698056717118
-2554.93
10.0,10.0,10.0,10.0;10.0,0.0,0.0,0.0::-1069.37,22.37650777042745
-1069.37
10.0,0.0,0.0,10.0;10.0,0.0,0.0,10.0::-2628.795,79.87790980615355
-2628.795
10.0,0.0,0.0,10.0;10.0,0.0,0.0,10.0::-2626.875,94.38064883756627
-2626.875
10.0,0.0,0.0,10.0;10.0,0.0,10.0,0.0::-1534.375,20.619332554668205
-1534.375
10.0,0.0,10.0,0.0;10.0,0.0,0.0,10.0::-1417.235,85.07403995932016
-1417.235
10.0,0.0,0.0,10.0;10.0,0.0,10.0,10.0::-2846.27,81.5916178292844
-2846.27
10.0,0.0,10.0,10.0;10.0,0.0,0.0,10.0::-2600.65,90.6966509855794
-2600.65
10.0,0.0,0.0,10.0;10.0,10.0,0.0,0.0::-1101.39,15.488314950310125
-1101.39
10.0,10.0,0.0,0.0;10.0,0.0,0.0,10.0::-2324.61,80.11633978159513
-2324.61
10.0,0.0,0.0,10.0;10.0,10.0,0.0,10.0::-2633.055,88.17746013012622
-2633.055
10.0,10.0,0.0,10.0;10.0,0.0,0.0,10.0::-2613.975,76.62921684971079
-2613.975
10.0,0.0,0.0,10.0;10.0,10.0,10.0,0.0::-1536.325,23.974504687271434
-1536.325
10.0,10.0,10.0,0.0;10.0,0.0,0.0,10.0::-1402.025,75.02414194777573
-1402.025
10.0,0.0,0.0,10.0;10.0,10.0,10.0,10.0::-2840.125,80.48174870739328
-2840.125
10.0,10.0,10.0,10.0;10.0,0.0,0.0,10.0::-2579.045,86.9811213712493
-2579.045
10.0,0.0,10.0,0.0;10.0,0.0,10.0,0.0::-325.445,21.87485942811976
-325.445
10.0,0.0,10.0,0.0;10.0,0.0,10.0,0.0::-325.165,23.029552210149458
-325.165
10.0,0.0,10.0,0.0;10.0,0.0,10.0,10.0::-1617.335,105.33665209697902
-1617.335
10.0,0.0,10.0,10.0;10.0,0.0,10.0,0.0::-1493.755,41.04305635549088
-1493.755
10.0,0.0,10.0,0.0;10.0,10.0,0.0,0.0::-1105.695,14.802684722711618
-1105.695
10.0,10.0,0.0,0.0;10.0,0.0,10.0,0.0::-2306.595,51.41632498535849
-2306.595
10.0,0.0,10.0,0.0;10.0,10.0,0.0,10.0::-2660.465,92.28082831769555
-2660.465
10.0,10.0,0.0,10.0;10.0,0.0,10.0,0.0::-2585.905,63.33260199139145
-2585.905
10.0,0.0,10.0,0.0;10.0,10.0,10.0,0.0::-1537.155,21.888318231421984
-1537.155
10.0,10.0,10.0,0.0;10.0,0.0,10.0,0.0::-1386.435,56.94473878243713
-1386.435
10.0,0.0,10.0,0.0;10.0,10.0,10.0,10.0::-2842.115,89.50655995512284
-2842.115
10.0,10.0,10.0,10.0;10.0,0.0,10.0,0.0::-2547.175,41.539582027266476
-2547.175
10.0,0.0,10.0,10.0;10.0,0.0,10.0,10.0::-2796.295,104.82414070718633
-2796.295
10.0,0.0,10.0,10.0;10.0,0.0,10.0,10.0::-2783.195,108.54602468538404
-2783.195
10.0,0.0,10.0,10.0;10.0,10.0,0.0,0.0::-1122.355,35.32607358595064
-1122.355
10.0,10.0,0.0,0.0;10.0,0.0,10.0,10.0::-2470.055,95.02186314212116
-2470.055
10.0,0.0,10.0,10.0;10.0,10.0,0.0,10.0::-2649.52,82.72272722776974
-2649.52
10.0,10.0,0.0,10.0;10.0,0.0,10.0,10.0::-2742.56,110.24421254650966
-2742.56
10.0,0.0,10.0,10.0;10.0,10.0,10.0,0.0::-1561.8,35.87046138537947
-1561.8
10.0,10.0,10.0,0.0;10.0,0.0,10.0,10.0::-1546.86,90.78860280894293
-1546.86
10.0,0.0,10.0,10.0;10.0,10.0,10.0,10.0::-2856.705,94.30824712081125
-2856.705
10.0,10.0,10.0,10.0;10.0,0.0,10.0,10.0::-2714.685,98.11887318452042
-2714.685
10.0,10.0,0.0,0.0;10.0,10.0,0.0,0.0::-814.29,8.45877650727338
-814.29
10.0,10.0,0.0,0.0;10.0,10.0,0.0,0.0::-810.63,8.445004440496167
-810.63
10.0,10.0,0.0,0.0;10.0,10.0,0.0,10.0::-2324.905,83.80741897350138
-2324.905
10.0,10.0,0.0,10.0;10.0,10.0,0.0,0.0::-1102.625,16.720402955670654
-1102.625
10.0,10.0,0.0,0.0;10.0,10.0,10.0,0.0::-2309.65,62.19487519080652
-2309.65
10.0,10.0,10.0,0.0;10.0,10.0,0.0,0.0::-1107.29,13.650673976035025
-1107.29
10.0,10.0,0.0,0.0;10.0,10.0,10.0,10.0::-2466.28,93.96721023846563
-2466.28
10.0,10.0,10.0,10.0;10.0,10.0,0.0,0.0::-1126.82,33.986211910126144
-1126.82
10.0,10.0,0.0,10.0;10.0,10.0,0.0,10.0::-2616.045,85.02032389376083
-2616.045
10.0,10.0,0.0,10.0;10.0,10.0,0.0,10.0::-2618.625,85.46980095331918
-2618.625
10.0,10.0,0.0,10.0;10.0,10.0,10.0,0.0::-2592.98,58.273360980811816
-2592.98
10.0,10.0,10.0,0.0;10.0,10.0,0.0,10.0::-2614.06,73.23838747542165
-2614.06
10.0,10.0,0.0,10.0;10.0,10.0,10.0,10.0::-2761.39,99.2763461253485
-2761.39
10.0,10.0,10.0,10.0;10.0,10.0,0.0,10.0::-2651.03,79.13434210252842
-2651.03
10.0,10.0,10.0,0.0;10.0,10.0,10.0,0.0::-2592.01,42.31595325642563
-2592.01
10.0,10.0,10.0,0.0;10.0,10.0,10.0,0.0::-2601.41,59.714419531634086
-2601.41
10.0,10.0,10.0,0.0;10.0,10.0,10.0,10.0::-2761.585,94.3245210695501
-2761.585
10.0,10.0,10.0,10.0;10.0,10.0,10.0,0.0::-2622.365,69.07687221494615
-2622.365
10.0,10.0,10.0,10.0;10.0,10.0,10.0,10.0::-2768.01,108.87938234578667
-2768.01
10.0,10.0,10.0,10.0;10.0,10.0,10.0,10.0::-2794.05,86.21738513780153
-2794.05
