0.0,0.0;0.0,0.0::-284.65,19.374532252418376
-284.65
0.0,0.0;0.0,0.0::-286.07,19.786614162104645
-286.07
0.0,0.0;0.0,10.0::-1671.005,61.30630045109556
-1671.005
0.0,10.0;0.0,0.0::-1333.525,51.69977635348145
-1333.525
0.0,0.0;10.0,0.0::-1177.97,31.377206695306704
-1177.97
10.0,0.0;0.0,0.0::125.69,24.33873250602833
125.69
0.0,0.0;10.0,10.0::-2567.235,81.1324674529254
-2567.235
10.0,10.0;0.0,0.0::-919.695,61.30032198120985
-919.695
0.0,10.0;0.0,10.0::-2737.51,86.60366562680818
-2737.51
0.0,10.0;0.0,10.0::-2738.45,85.50130115968994
-2738.45
0.0,10.0;10.0,0.0::-1479.975,39.938726506988175
-1479.975
10.0,0.0;0.0,10.0::-1447.515,140.18533188247622
-1447.515
0.0,10.0;10.0,10.0::-2865.275,64.3088009140273
-2865.275
10.0,10.0;0.0,10.0::-2515.915,149.6972286817628
-2515.915
10.0,0.0;10.0,0.0::-771.505,34.380117437263074
-771.505
10.0,0.0;10.0,0.0::-776.705,32.044975815250666
-776.705
10.0,0.0;10.0,10.0::-2373.445,146.6646497115102
-2373.445
10.0,10.0;10.0,0.0::-1061.465,38.33720484072881
-1061.465
10.0,10.0;10.0,10.0::-2632.98,148.86020153150403
-2632.98
10.0,10.0;10.0,10.0::-2664.54,138.08283166273782
-2664.54
