0.0,0.0;0.0,0.0::-4000.0,0.0
-4000.0
0.0,0.0;0.0,0.0::-4000.0,0.0
-4000.0
0.0,0.0;0.0,1.0::-4000.0,0.0
-4000.0
0.0,1.0;0.0,0.0::-4000.0,0.0
-4000.0
0.0,0.0;0.0,2.0::-1500.0,0.0
-1500.0
0.0,2.0;0.0,0.0::-3500.0,0.0
-3500.0
0.0,0.0;0.0,3.0::-1500.0,0.0
-1500.0
0.0,3.0;0.0,0.0::-3500.0,0.0
-3500.0
0.0,0.0;0.0,4.0::-1512.5,0.0
-1512.5
0.0,4.0;0.0,0.0::-3502.5,0.0
-3502.5
0.0,0.0;1.0,0.0::-4000.0,0.0
-4000.0
1.0,0.0;0.0,0.0::-4000.0,0.0
-4000.0
0.0,0.0;1.0,1.0::-4000.0,0.0
-4000.0
1.0,1.0;0.0,0.0::-4000.0,0.0
-4000.0
0.0,0.0;1.0,2.0::-1500.0,0.0
-1500.0
1.0,2.0;0.0,0.0::-3500.0,0.0
-3500.0
0.0,0.0;1.0,3.0::-1500.0,0.0
-1500.0
1.0,3.0;0.0,0.0::-3500.0,0.0
-3500.0
0.0,0.0;1.0,4.0::-1512.5,0.0
-1512.5
1.0,4.0;0.0,0.0::-3502.5,0.0
-3502.5
0.0,0.0;2.0,0.0::-3000.0,0.0
-3000.0
2.0,0.0;0.0,0.0::-4000.0,0.0
-4000.0
0.0,0.0;2.0,1.0::-3000.0,0.0
-3000.0
2.0,1.0;0.0,0.0::-4000.0,0.0
-4000.0
0.0,0.0;2.0,2.0::-500.0,0.0
-500.0
2.0,2.0;0.0,0.0::-3500.0,0.0
-3500.0
0.0,0.0;2.0,3.0::-500.0,0.0
-500.0
2.0,3.0;0.0,0.0::-3500.0,0.0
-3500.0
0.0,0.0;2.0,4.0::-512.5,0.0
-512.5
2.0,4.0;0.0,0.0::-3502.5,0.0
-3502.5
0.0,0.0;3.0,0.0::-3000.0,0.0
-3000.0
3.0,0.0;0.0,0.0::-4000.0,0.0
-4000.0
0.0,0.0;3.0,1.0::-3000.0,0.0
-3000.0
3.0,1.0;0.0,0.0::-4000.0,0.0
-4000.0
0.0,0.0;3.0,2.0::-500.0,0.0
-500.0
3.0,2.0;0.0,0.0::-3500.0,0.0
-3500.0
0.0,0.0;3.0,3.0::-500.0,0.0
-500.0
3.0,3.0;0.0,0.0::-3500.0,0.0
-3500.0
0.0,0.0;3.0,4.0::-512.5,0.0
-512.5
3.0,4.0;0.0,0.0::-3502.5,0.0
-3502.5
0.0,0.0;4.0,0.0::-2515.0,0.0
-2515.0
4.0,0.0;0.0,0.0::-1525.0,0.0
-1525.0
0.0,0.0;4.0,1.0::-2515.0,0.0
-2515.0
4.0,1.0;0.0,0.0::-1525.0,0.0
-1525.0
0.0,0.0;4.0,2.0::-15.0,0.0
-15.0
4.0,2.0;0.0,0.0::-1025.0,0.0
-1025.0
0.0,0.0;4.0,3.0::-15.0,0.0
-15.0
4.0,3.0;0.0,0.0::-1025.0,0.0
-1025.0
0.0,0.0;4.0,4.0::-27.5,0.0
-27.5
4.0,4.0;0.0,0.0::-1027.5,0.0
-1027.5
