0.0,1.0;0.0,1.0::-4000.0,0.0
-4000.0
0.0,1.0;0.0,1.0::-4000.0,0.0
-4000.0
0.0,1.0;0.0,2.0::-1500.0,0.0
-1500.0
0.0,2.0;0.0,1.0::-3500.0,0.0
-3500.0
0.0,1.0;0.0,3.0::-1500.0,0.0
-1500.0
0.0,3.0;0.0,1.0::-3500.0,0.0
-3500.0
0.0,1.0;0.0,4.0::-1512.5,0.0
-1512.5
0.0,4.0;0.0,1.0::-3502.5,0.0
-3502.5
0.0,1.0;1.0,0.0::-3250.0,0.0
-3250.0
1.0,0.0;0.0,1.0::-2750.0,0.0
-2750.0
0.0,1.0;1.0,1.0::-3250.0,0.0
-3250.0
1.0,1.0;0.0,1.0::-2750.0,0.0
-2750.0
0.0,1.0;1.0,2.0::-750.0,0.0
-750.0
1.0,2.0;0.0,1.0::-2250.0,0.0
-2250.0
0.0,1.0;1.0,3.0::-750.0,0.0
-750.0
1.0,3.0;0.0,1.0::-2250.0,0.0
-2250.0
0.0,1.0;1.0,4.0::-762.5,0.0
-762.5
1.0,4.0;0.0,1.0::-2252.5,0.0
-2252.5
0.0,1.0;2.0,0.0::-3250.0,0.0
-3250.0
2.0,0.0;0.0,1.0::-2750.0,0.0
-2750.0
0.0,1.0;2.0,1.0::-3250.0,0.0
-3250.0
2.0,1.0;0.0,1.0::-2750.0,0.0
-2750.0
0.0,1.0;2.0,2.0::-750.0,0.0
-750.0
2.0,2.0;0.0,1.0::-2250.0,0.0
-2250.0
0.0,1.0;2.0,3.0::-750.0,0.0
-750.0
2.0,3.0;0.0,1.0::-2250.0,0.0
-2250.0
0.0,1.0;2.0,4.0::-762.5,0.0
-762.5
2.0,4.0;0.0,1.0::-2252.5,0.0
-2252.5
0.0,1.0;3.0,0.0::-2500.0,0.0
-2500.0
3.0,0.0;0.0,1.0::-1500.0,0.0
-1500.0
0.0,1.0;3.0,1.0::-2500.0,0.0
-2500.0
3.0,1.0;0.0,1.0::-1500.0,0.0
-1500.0
0.0,1.0;3.0,2.0::0.0,0.0
0.0
3.0,2.0;0.0,1.0::-1000.0,0.0
-1000.0
0.0,1.0;3.0,3.0::0.0,0.0
0.0
3.0,3.0;0.0,1.0::-1000.0,0.0
-1000.0
0.0,1.0;3.0,4.0::-12.5,0.0
-12.5
3.0,4.0;0.0,1.0::-1002.5,0.0
-1002.5
0.0,1.0;4.0,0.0::-2515.0,0.0
-2515.0
4.0,0.0;0.0,1.0::-1525.0,0.0
-1525.0
0.0,1.0;4.0,1.0::-2515.0,0.0
-2515.0
4.0,1.0;0.0,1.0::-1525.0,0.0
-1525.0
0.0,1.0;4.0,2.0::-15.0,0.0
-15.0
4.0,2.0;0.0,1.0::-1025.0,0.0
-1025.0
0.0,1.0;4.0,3.0::-15.0,0.0
-15.0
4.0,3.0;0.0,1.0::-1025.0,0.0
-1025.0
0.0,1.0;4.0,4.0::-27.5,0.0
-27.5
4.0,4.0;0.0,1.0::-1027.5,0.0
-1027.5
