2.0,1.0;2.0,1.0::-2000.0,0.0
-2000.0
2.0,1.0;2.0,1.0::-2000.0,0.0
-2000.0
2.0,1.0;2.0,2.0::-2000.0,0.0
-2000.0
2.0,2.0;2.0,1.0::-2000.0,0.0
-2000.0
2.0,1.0;2.0,3.0::-750.0,0.0
-750.0
2.0,3.0;2.0,1.0::-2250.0,0.0
-2250.0
2.0,1.0;2.0,4.0::-3250.0,0.0
-3250.0
2.0,4.0;2.0,1.0::-1750.0,0.0
-1750.0
2.0,1.0;3.0,0.0::-2500.0,0.0
-2500.0
3.0,0.0;2.0,1.0::-500.0,0.0
-500.0
2.0,1.0;3.0,1.0::-1250.0,0.0
-1250.0
3.0,1.0;2.0,1.0::-750.0,0.0
-750.0
2.0,1.0;3.0,2.0::-1250.0,0.0
-1250.0
3.0,2.0;2.0,1.0::-750.0,0.0
-750.0
2.0,1.0;3.0,3.0::0.0,0.0
0.0
3.0,3.0;2.0,1.0::-1000.0,0.0
-1000.0
2.0,1.0;3.0,4.0::-2500.0,0.0
-2500.0
3.0,4.0;2.0,1.0::-500.0,0.0
-500.0
2.0,1.0;4.0,0.0::-2515.0,0.0
-2515.0
4.0,0.0;2.0,1.0::-525.0,0.0
-525.0
2.0,1.0;4.0,1.0::-1265.0,0.0
-1265.0
4.0,1.0;2.0,1.0::-775.0,0.0
-775.0
2.0,1.0;4.0,2.0::-1265.0,0.0
-1265.0
4.0,2.0;2.0,1.0::-775.0,0.0
-775.0
2.0,1.0;4.0,3.0::-15.0,0.0
-15.0
4.0,3.0;2.0,1.0::-1025.0,0.0
-1025.0
2.0,1.0;4.0,4.0::-2515.0,0.0
-2515.0
4.0,4.0;2.0,1.0::-525.0,0.0
-525.0
