2.0,4.0;2.0,4.0::-3000.0,0.0
-3000.0
2.0,4.0;2.0,4.0::-3000.0,0.0
-3000.0
2.0,4.0;3.0,0.0::-2507.5,0.0
-2507.5
3.0,0.0;2.0,4.0::-512.5,0.0
-512.5
2.0,4.0;3.0,1.0::-1257.5,0.0
-1257.5
3.0,1.0;2.0,4.0::-762.5,0.0
-762.5
2.0,4.0;3.0,2.0::-1257.5,0.0
-1257.5
3.0,2.0;2.0,4.0::-762.5,0.0
-762.5
2.0,4.0;3.0,3.0::-7.5,0.0
-7.5
3.0,3.0;2.0,4.0::-1012.5,0.0
-1012.5
2.0,4.0;3.0,4.0::-2507.5,0.0
-2507.5
3.0,4.0;2.0,4.0::-512.5,0.0
-512.5
2.0,4.0;4.0,0.0::-3502.5,0.0
-3502.5
4.0,0.0;2.0,4.0::-512.5,0.0
-512.5
2.0,4.0;4.0,1.0::-2252.5,0.0
-2252.5
4.0,1.0;2.0,4.0::-762.5,0.0
-762.5
2.0,4.0;4.0,2.0::-2252.5,0.0
-2252.5
4.0,2.0;2.0,4.0::-762.5,0.0
-762.5
2.0,4.0;4.0,3.0::-1002.5,0.0
-1002.5
4.0,3.0;2.0,4.0::-1012.5,0.0
-1012.5
2.0,4.0;4.0,4.0::-3502.5,0.0
-3502.5
4.0,4.0;2.0,4.0::-512.5,0.0
-512.5
