0.0,0.0;0.0,0.0::-563.8985000000014,126.10088390947097
-563.8985000000014
0.0,0.0;0.0,0.0::-595.3825000000004,202.16599323019025
-595.3825000000004
0.0,0.0;0.0,10.0::-1475.6460000000004,448.1086931582551
-1475.6460000000004
0.0,10.0;0.0,0.0::-933.1094999999966,212.09059664385737
-933.1094999999966
0.0,0.0;10.0,0.0::-1236.4774999999927,123.97426111394822
-1236.4774999999927
10.0,0.0;0.0,0.0::-506.95750000000095,228.28892651363938
-506.95750000000095
0.0,0.0;10.0,10.0::-2126.9979999999928,451.56074757002386
-2126.9979999999928
10.0,10.0;0.0,0.0::-924.4849999999959,270.6342821502802
-924.4849999999959
