0.0,0.0;0.0,0.0::-563.8985000000014,126.10088390947097
-563.8985000000014
0.0,0.0;0.0,0.0::-595.3825000000004,202.16599323019025
-595.3825000000004
0.0,0.0;0.0,10.0::-1475.6460000000004,448.1086931582551
-1475.6460000000004
0.0,10.0;0.0,0.0::-933.1094999999966,212.09059664385737
-933.1094999999966
0.0,0.0;10.0,0.0::-1236.4774999999927,123.97426111394822
-1236.4774999999927
10.0,0.0;0.0,0.0::-506.95750000000095,228.28892651363938
-506.95750000000095
0.0,0.0;10.0,10.0::-2126.9979999999928,451.56074757002386
-2126.9979999999928
10.0,10.0;0.0,0.0::-924.4849999999959,270.6342821502802
-924.4849999999959
0.0,10.0;0.0,10.0::-1877.553499999996,444.6424648667148
-1877.553499999996
0.0,10.0;0.0,10.0::-1884.1554999999948,440.39404519674014
-1884.1554999999948
0.0,10.0;10.0,0.0::-1271.865499999985,116.17103827869119
-1271.865499999985
10.0,0.0;0.0,10.0::-1560.5470000000005,373.25189516062676
-1560.5470000000005
0.0,10.0;10.0,10.0::-2090.1414999999856,443.1574439211744
-2090.1414999999856
10.0,10.0;0.0,10.0::-1928.5054999999963,302.2816320829751
-1928.5054999999963
10.0,0.0;10.0,0.0::-1214.7859999999932,252.25565187721702
-1214.7859999999932
10.0,0.0;10.0,0.0::-1170.3564999999935,211.99692776724288
-1170.3564999999935
10.0,0.0;10.0,10.0::-2279.7494999999935,215.09044917138783
-2279.7494999999935
10.0,10.0;10.0,0.0::-1258.5029999999838,281.2299818493742
-1258.5029999999838
10.0,10.0;10.0,10.0::-2266.9714999999846,264.0079268937749
-2266.9714999999846
10.0,10.0;10.0,10.0::-2266.010499999985,248.19320249504986
-2266.010499999985
