0.0,0.0;0.0,0.0::-7500.0,0.0
-7500.0
0.0,0.0;0.0,0.0::-7500.0,0.0
-7500.0
0.0,0.0;0.0,1.0::-7500.0,0.0
-7500.0
0.0,1.0;0.0,0.0::-7500.0,0.0
-7500.0
0.0,0.0;0.0,2.0::-5000.0,0.0
-5000.0
0.0,2.0;0.0,0.0::-2500.0,0.0
-2500.0
0.0,0.0;0.0,3.0::-5000.0,0.0
-5000.0
0.0,3.0;0.0,0.0::-2500.0,0.0
-2500.0
0.0,0.0;0.0,4.0::-5025.0,0.0
-5025.0
0.0,4.0;0.0,0.0::-2550.0,0.0
-2550.0
0.0,0.0;1.0,0.0::-7500.0,0.0
-7500.0
1.0,0.0;0.0,0.0::-7500.0,0.0
-7500.0
0.0,0.0;1.0,1.0::-7500.0,0.0
-7500.0
1.0,1.0;0.0,0.0::-7500.0,0.0
-7500.0
0.0,0.0;1.0,2.0::-5000.0,0.0
-5000.0
1.0,2.0;0.0,0.0::-2500.0,0.0
-2500.0
0.0,0.0;1.0,3.0::-5000.0,0.0
-5000.0
1.0,3.0;0.0,0.0::-2500.0,0.0
-2500.0
0.0,0.0;1.0,4.0::-5025.0,0.0
-5025.0
1.0,4.0;0.0,0.0::-2550.0,0.0
-2550.0
0.0,0.0;2.0,0.0::-6500.0,0.0
-6500.0
2.0,0.0;0.0,0.0::-8500.0,0.0
-8500.0
0.0,0.0;2.0,1.0::-6500.0,0.0
-6500.0
2.0,1.0;0.0,0.0::-8500.0,0.0
-8500.0
0.0,0.0;2.0,2.0::-4000.0,0.0
-4000.0
2.0,2.0;0.0,0.0::-3500.0,0.0
-3500.0
0.0,0.0;2.0,3.0::-4000.0,0.0
-4000.0
2.0,3.0;0.0,0.0::-3500.0,0.0
-3500.0
0.0,0.0;2.0,4.0::-4025.0,0.0
-4025.0
2.0,4.0;0.0,0.0::-3550.0,0.0
-3550.0
0.0,0.0;3.0,0.0::-6500.0,0.0
-6500.0
3.0,0.0;0.0,0.0::-8500.0,0.0
-8500.0
0.0,0.0;3.0,1.0::-6500.0,0.0
-6500.0
3.0,1.0;0.0,0.0::-8500.0,0.0
-8500.0
0.0,0.0;3.0,2.0::-4000.0,0.0
-4000.0
3.0,2.0;0.0,0.0::-3500.0,0.0
-3500.0
0.0,0.0;3.0,3.0::-4000.0,0.0
-4000.0
3.0,3.0;0.0,0.0::-3500.0,0.0
-3500.0
0.0,0.0;3.0,4.0::-4025.0,0.0
-4025.0
3.0,4.0;0.0,0.0::-3550.0,0.0
-3550.0
0.0,0.0;4.0,0.0::-1530.0,0.0
-1530.0
4.0,0.0;0.0,0.0::-6007.5,0.0
-6007.5
0.0,0.0;4.0,1.0::-1530.0,0.0
-1530.0
4.0,1.0;0.0,0.0::-6007.5,0.0
-6007.5
0.0,0.0;4.0,2.0::970.0,0.0
970.0
4.0,2.0;0.0,0.0::-1007.5,0.0
-1007.5
0.0,0.0;4.0,3.0::970.0,0.0
970.0
4.0,3.0;0.0,0.0::-1007.5,0.0
-1007.5
0.0,0.0;4.0,4.0::945.0,0.0
945.0
4.0,4.0;0.0,0.0::-1057.5,0.0
-1057.5
