2.0,0.0;2.0,0.0::-7500.0,0.0
-7500.0
2.0,0.0;2.0,0.0::-7500.0,0.0
-7500.0
2.0,0.0;2.0,1.0::-5750.0,0.0
-5750.0
2.0,1.0;2.0,0.0::-5500.0,0.0
-5500.0
2.0,0.0;2.0,2.0::-5750.0,0.0
-5750.0
2.0,2.0;2.0,0.0::-5500.0,0.0
-5500.0
2.0,0.0;2.0,3.0::-4000.0,0.0
-4000.0
2.0,3.0;2.0,0.0::-3500.0,0.0
-3500.0
2.0,0.0;2.0,4.0::-4000.0,0.0
-4000.0
2.0,4.0;2.0,0.0::-3500.0,0.0
-3500.0
2.0,0.0;3.0,0.0::-7500.0,0.0
-7500.0
3.0,0.0;2.0,0.0::-7500.0,0.0
-7500.0
2.0,0.0;3.0,1.0::-5750.0,0.0
-5750.0
3.0,1.0;2.0,0.0::-5500.0,0.0
-5500.0
2.0,0.0;3.0,2.0::-5750.0,0.0
-5750.0
3.0,2.0;2.0,0.0::-5500.0,0.0
-5500.0
2.0,0.0;3.0,3.0::-4000.0,0.0
-4000.0
3.0,3.0;2.0,0.0::-3500.0,0.0
-3500.0
2.0,0.0;3.0,4.0::-4000.0,0.0
-4000.0
3.0,4.0;2.0,0.0::-3500.0,0.0
-3500.0
2.0,0.0;4.0,0.0::-2530.0,0.0
-2530.0
4.0,0.0;2.0,0.0::-5007.5,0.0
-5007.5
2.0,0.0;4.0,1.0::-780.0,0.0
-780.0
4.0,1.0;2.0,0.0::-3007.5,0.0
-3007.5
2.0,0.0;4.0,2.0::-780.0,0.0
-780.0
4.0,2.0;2.0,0.0::-3007.5,0.0
-3007.5
2.0,0.0;4.0,3.0::970.0,0.0
970.0
4.0,3.0;2.0,0.0::-1007.5,0.0
-1007.5
2.0,0.0;4.0,4.0::970.0,0.0
970.0
4.0,4.0;2.0,0.0::-1007.5,0.0
-1007.5
