2.0,4.0;2.0,4.0::0.0,0.0
0.0
2.0,4.0;2.0,4.0::0.0,0.0
0.0
2.0,4.0;3.0,0.0::-2560.0,0.0
-2560.0
3.0,0.0;2.0,4.0::-5015.0,0.0
-5015.0
2.0,4.0;3.0,1.0::-810.0,0.0
-810.0
3.0,1.0;2.0,4.0::-3015.0,0.0
-3015.0
2.0,4.0;3.0,2.0::-810.0,0.0
-810.0
3.0,2.0;2.0,4.0::-3015.0,0.0
-3015.0
2.0,4.0;3.0,3.0::940.0,0.0
940.0
3.0,3.0;2.0,4.0::-1015.0,0.0
-1015.0
2.0,4.0;3.0,4.0::940.0,0.0
940.0
3.0,4.0;2.0,4.0::-1015.0,0.0
-1015.0
2.0,4.0;4.0,0.0::-2530.0,0.0
-2530.0
4.0,0.0;2.0,4.0::-5007.5,0.0
-5007.5
2.0,4.0;4.0,1.0::-780.0,0.0
-780.0
4.0,1.0;2.0,4.0::-3007.5,0.0
-3007.5
2.0,4.0;4.0,2.0::-780.0,0.0
-780.0
4.0,2.0;2.0,4.0::-3007.5,0.0
-3007.5
2.0,4.0;4.0,3.0::970.0,0.0
970.0
4.0,3.0;2.0,4.0::-1007.5,0.0
-1007.5
2.0,4.0;4.0,4.0::970.0,0.0
970.0
4.0,4.0;2.0,4.0::-1007.5,0.0
-1007.5
