3.0,0.0;3.0,0.0::-7500.0,0.0
-7500.0
3.0,0.0;3.0,0.0::-7500.0,0.0
-7500.0
3.0,0.0;3.0,1.0::-5000.0,0.0
-5000.0
3.0,1.0;3.0,0.0::-2500.0,0.0
-2500.0
3.0,0.0;3.0,2.0::-7500.0,0.0
-7500.0
3.0,2.0;3.0,0.0::-7500.0,0.0
-7500.0
3.0,0.0;3.0,3.0::-5000.0,0.0
-5000.0
3.0,3.0;3.0,0.0::-2500.0,0.0
-2500.0
3.0,0.0;3.0,4.0::-5015.0,0.0
-5015.0
3.0,4.0;3.0,0.0::-2560.0,0.0
-2560.0
3.0,0.0;4.0,0.0::-2530.0,0.0
-2530.0
4.0,0.0;3.0,0.0::-5007.5,0.0
-5007.5
3.0,0.0;4.0,1.0::-30.0,0.0
-30.0
4.0,1.0;3.0,0.0::-7.5,0.0
-7.5
3.0,0.0;4.0,2.0::-2530.0,0.0
-2530.0
4.0,2.0;3.0,0.0::-5007.5,0.0
-5007.5
3.0,0.0;4.0,3.0::-30.0,0.0
-30.0
4.0,3.0;3.0,0.0::-7.5,0.0
-7.5
3.0,0.0;4.0,4.0::-45.0,0.0
-45.0
4.0,4.0;3.0,0.0::-67.5,0.0
-67.5
