3.0,2.0;3.0,2.0::-7500.0,0.0
-7500.0
3.0,2.0;3.0,2.0::-7500.0,0.0
-7500.0
3.0,2.0;3.0,3.0::-5000.0,0.0
-5000.0
3.0,3.0;3.0,2.0::-2500.0,0.0
-2500.0
3.0,2.0;3.0,4.0::-5015.0,0.0
-5015.0
3.0,4.0;3.0,2.0::-2560.0,0.0
-2560.0
3.0,2.0;4.0,0.0::-3500.0,0.0
-3500.0
4.0,0.0;3.0,2.0::-4000.0,0.0
-4000.0
3.0,2.0;4.0,1.0::-1000.0,0.0
-1000.0
4.0,1.0;3.0,2.0::1000.0,0.0
1000.0
3.0,2.0;4.0,2.0::-3500.0,0.0
-3500.0
4.0,2.0;3.0,2.0::-4000.0,0.0
-4000.0
3.0,2.0;4.0,3.0::-1000.0,0.0
-1000.0
4.0,3.0;3.0,2.0::1000.0,0.0
1000.0
3.0,2.0;4.0,4.0::-1015.0,0.0
-1015.0
4.0,4.0;3.0,2.0::940.0,0.0
940.0
