0.0,4.0;0.0,4.0::-75.0,0.0
-75.0
0.0,4.0;0.0,4.0::-75.0,0.0
-75.0
0.0,4.0;1.0,0.0::-1560.0,0.0
-1560.0
1.0,0.0;0.0,4.0::-6015.0,0.0
-6015.0
0.0,4.0;1.0,1.0::-1560.0,0.0
-1560.0
1.0,1.0;0.0,4.0::-6015.0,0.0
-6015.0
0.0,4.0;1.0,2.0::940.0,0.0
940.0
1.0,2.0;0.0,4.0::-1015.0,0.0
-1015.0
0.0,4.0;1.0,3.0::940.0,0.0
940.0
1.0,3.0;0.0,4.0::-1015.0,0.0
-1015.0
0.0,4.0;1.0,4.0::915.0,0.0
915.0
1.0,4.0;0.0,4.0::-1065.0,0.0
-1065.0
0.0,4.0;2.0,0.0::-2500.0,0.0
-2500.0
2.0,0.0;0.0,4.0::-5000.0,0.0
-5000.0
0.0,4.0;2.0,1.0::-2500.0,0.0
-2500.0
2.0,1.0;0.0,4.0::-5000.0,0.0
-5000.0
0.0,4.0;2.0,2.0::0.0,0.0
0.0
2.0,2.0;0.0,4.0::0.0,0.0
0.0
0.0,4.0;2.0,3.0::0.0,0.0
0.0
2.0,3.0;0.0,4.0::0.0,0.0
0.0
0.0,4.0;2.0,4.0::-25.0,0.0
-25.0
2.0,4.0;0.0,4.0::-50.0,0.0
-50.0
0.0,4.0;3.0,0.0::-1560.0,0.0
-1560.0
3.0,0.0;0.0,4.0::-6015.0,0.0
-6015.0
0.0,4.0;3.0,1.0::-1560.0,0.0
-1560.0
3.0,1.0;0.0,4.0::-6015.0,0.0
-6015.0
0.0,4.0;3.0,2.0::940.0,0.0
940.0
3.0,2.0;0.0,4.0::-1015.0,0.0
-1015.0
0.0,4.0;3.0,3.0::940.0,0.0
940.0
3.0,3.0;0.0,4.0::-1015.0,0.0
-1015.0
0.0,4.0;3.0,4.0::915.0,0.0
915.0
3.0,4.0;0.0,4.0::-1065.0,0.0
-1065.0
0.0,4.0;4.0,0.0::-1530.0,0.0
-1530.0
4.0,0.0;0.0,4.0::-6007.5,0.0
-6007.5
0.0,4.0;4.0,1.0::-1530.0,0.0
-1530.0
4.0,1.0;0.0,4.0::-6007.5,0.0
-6007.5
0.0,4.0;4.0,2.0::970.0,0.0
970.0
4.0,2.0;0.0,4.0::-1007.5,0.0
-1007.5
0.0,4.0;4.0,3.0::970.0,0.0
970.0
4.0,3.0;0.0,4.0::-1007.5,0.0
-1007.5
0.0,4.0;4.0,4.0::945.0,0.0
945.0
4.0,4.0;0.0,4.0::-1057.5,0.0
-1057.5
