1.0,2.0;1.0,2.0::-3750.0,0.0
-3750.0
1.0,2.0;1.0,2.0::-3750.0,0.0
-3750.0
1.0,2.0;1.0,3.0::-3000.0,0.0
-3000.0
1.0,3.0;1.0,2.0::-750.0,0.0
-750.0
1.0,2.0;1.0,4.0::-3015.0,0.0
-3015.0
1.0,4.0;1.0,2.0::-810.0,0.0
-810.0
1.0,2.0;2.0,0.0::-4500.0,0.0
-4500.0
2.0,0.0;1.0,2.0::-6750.0,0.0
-6750.0
1.0,2.0;2.0,1.0::-3750.0,0.0
-3750.0
2.0,1.0;1.0,2.0::-3750.0,0.0
-3750.0
1.0,2.0;2.0,2.0::-3750.0,0.0
-3750.0
2.0,2.0;1.0,2.0::-3750.0,0.0
-3750.0
1.0,2.0;2.0,3.0::-3000.0,0.0
-3000.0
2.0,3.0;1.0,2.0::-750.0,0.0
-750.0
1.0,2.0;2.0,4.0::-3015.0,0.0
-3015.0
2.0,4.0;1.0,2.0::-810.0,0.0
-810.0
1.0,2.0;3.0,0.0::-6500.0,0.0
-6500.0
3.0,0.0;1.0,2.0::-8500.0,0.0
-8500.0
1.0,2.0;3.0,1.0::-5750.0,0.0
-5750.0
3.0,1.0;1.0,2.0::-5500.0,0.0
-5500.0
1.0,2.0;3.0,2.0::-5750.0,0.0
-5750.0
3.0,2.0;1.0,2.0::-5500.0,0.0
-5500.0
1.0,2.0;3.0,3.0::-5000.0,0.0
-5000.0
3.0,3.0;1.0,2.0::-2500.0,0.0
-2500.0
1.0,2.0;3.0,4.0::-5015.0,0.0
-5015.0
3.0,4.0;1.0,2.0::-2560.0,0.0
-2560.0
1.0,2.0;4.0,0.0::-2500.0,0.0
-2500.0
4.0,0.0;1.0,2.0::-5000.0,0.0
-5000.0
1.0,2.0;4.0,1.0::-1750.0,0.0
-1750.0
4.0,1.0;1.0,2.0::-2000.0,0.0
-2000.0
1.0,2.0;4.0,2.0::-1750.0,0.0
-1750.0
4.0,2.0;1.0,2.0::-2000.0,0.0
-2000.0
1.0,2.0;4.0,3.0::-1000.0,0.0
-1000.0
4.0,3.0;1.0,2.0::1000.0,0.0
1000.0
1.0,2.0;4.0,4.0::-1015.0,0.0
-1015.0
4.0,4.0;1.0,2.0::940.0,0.0
940.0
