1.0,4.0;1.0,4.0::-75.0,0.0
-75.0
1.0,4.0;1.0,4.0::-75.0,0.0
-75.0
1.0,4.0;2.0,0.0::-2500.0,0.0
-2500.0
2.0,0.0;1.0,4.0::-5000.0,0.0
-5000.0
1.0,4.0;2.0,1.0::-1750.0,0.0
-1750.0
2.0,1.0;1.0,4.0::-2000.0,0.0
-2000.0
1.0,4.0;2.0,2.0::-1750.0,0.0
-1750.0
2.0,2.0;1.0,4.0::-2000.0,0.0
-2000.0
1.0,4.0;2.0,3.0::-1000.0,0.0
-1000.0
2.0,3.0;1.0,4.0::1000.0,0.0
1000.0
1.0,4.0;2.0,4.0::-1015.0,0.0
-1015.0
2.0,4.0;1.0,4.0::940.0,0.0
940.0
1.0,4.0;3.0,0.0::-1560.0,0.0
-1560.0
3.0,0.0;1.0,4.0::-6015.0,0.0
-6015.0
1.0,4.0;3.0,1.0::-810.0,0.0
-810.0
3.0,1.0;1.0,4.0::-3015.0,0.0
-3015.0
1.0,4.0;3.0,2.0::-810.0,0.0
-810.0
3.0,2.0;1.0,4.0::-3015.0,0.0
-3015.0
1.0,4.0;3.0,3.0::-60.0,0.0
-60.0
3.0,3.0;1.0,4.0::-15.0,0.0
-15.0
1.0,4.0;3.0,4.0::-75.0,0.0
-75.0
3.0,4.0;1.0,4.0::-75.0,0.0
-75.0
1.0,4.0;4.0,0.0::-1530.0,0.0
-1530.0
4.0,0.0;1.0,4.0::-6007.5,0.0
-6007.5
1.0,4.0;4.0,1.0::-780.0,0.0
-780.0
4.0,1.0;1.0,4.0::-3007.5,0.0
-3007.5
1.0,4.0;4.0,2.0::-780.0,0.0
-780.0
4.0,2.0;1.0,4.0::-3007.5,0.0
-3007.5
1.0,4.0;4.0,3.0::-30.0,0.0
-30.0
4.0,3.0;1.0,4.0::-7.5,0.0
-7.5
1.0,4.0;4.0,4.0::-45.0,0.0
-45.0
4.0,4.0;1.0,4.0::-67.5,0.0
-67.5
