0.0,0.0;0.0,0.0::-7500.0,0.0
-7500.0
0.0,0.0;0.0,0.0::-7500.0,0.0
-7500.0
0.0,0.0;0.0,1.0::-7500.0,0.0
-7500.0
0.0,1.0;0.0,0.0::-7500.0,0.0
-7500.0
0.0,0.0;0.0,2.0::-5000.0,0.0
-5000.0
0.0,2.0;0.0,0.0::-2500.0,0.0
-2500.0
0.0,0.0;0.0,3.0::-5000.0,0.0
-5000.0
0.0,3.0;0.0,0.0::-2500.0,0.0
-2500.0
0.0,0.0;0.0,4.0::-5025.0,0.0
-5025.0
0.0,4.0;0.0,0.0::-2550.0,0.0
-2550.0
0.0,0.0;1.0,0.0::-7500.0,0.0
-7500.0
1.0,0.0;0.0,0.0::-7500.0,0.0
-7500.0
0.0,0.0;1.0,1.0::-7500.0,0.0
-7500.0
1.0,1.0;0.0,0.0::-7500.0,0.0
-7500.0
0.0,0.0;1.0,2.0::-5000.0,0.0
-5000.0
1.0,2.0;0.0,0.0::-2500.0,0.0
-2500.0
0.0,0.0;1.0,3.0::-5000.0,0.0
-5000.0
1.0,3.0;0.0,0.0::-2500.0,0.0
-2500.0
0.0,0.0;1.0,4.0::-5025.0,0.0
-5025.0
1.0,4.0;0.0,0.0::-2550.0,0.0
-2550.0
0.0,0.0;2.0,0.0::-6500.0,0.0
-6500.0
2.0,0.0;0.0,0.0::-8500.0,0.0
-8500.0
0.0,0.0;2.0,1.0::-6500.0,0.0
-6500.0
2.0,1.0;0.0,0.0::-8500.0,0.0
-8500.0
0.0,0.0;2.0,2.0::-4000.0,0.0
-4000.0
2.0,2.0;0.0,0.0::-3500.0,0.0
-3500.0
0.0,0.0;2.0,3.0::-4000.0,0.0
-4000.0
2.0,3.0;0.0,0.0::-3500.0,0.0
-3500.0
0.0,0.0;2.0,4.0::-4025.0,0.0
-4025.0
2.0,4.0;0.0,0.0::-3550.0,0.0
-3550.0
0.0,0.0;3.0,0.0::-6500.0,0.0
-6500.0
3.0,0.0;0.0,0.0::-8500.0,0.0
-8500.0
0.0,0.0;3.0,1.0::-6500.0,0.0
-6500.0
3.0,1.0;0.0,0.0::-8500.0,0.0
-8500.0
0.0,0.0;3.0,2.0::-4000.0,0.0
-4000.0
3.0,2.0;0.0,0.0::-3500.0,0.0
-3500.0
0.0,0.0;3.0,3.0::-4000.0,0.0
-4000.0
3.0,3.0;0.0,0.0::-3500.0,0.0
-3500.0
0.0,0.0;3.0,4.0::-4025.0,0.0
-4025.0
3.0,4.0;0.0,0.0::-3550.0,0.0
-3550.0
0.0,0.0;4.0,0.0::-1530.0,0.0
-1530.0
4.0,0.0;0.0,0.0::-6007.5,0.0
-6007.5
0.0,0.0;4.0,1.0::-1530.0,0.0
-1530.0
4.0,1.0;0.0,0.0::-6007.5,0.0
-6007.5
0.0,0.0;4.0,2.0::970.0,0.0
970.0
4.0,2.0;0.0,0.0::-1007.5,0.0
-1007.5
0.0,0.0;4.0,3.0::970.0,0.0
970.0
4.0,3.0;0.0,0.0::-1007.5,0.0
-1007.5
0.0,0.0;4.0,4.0::945.0,0.0
945.0
4.0,4.0;0.0,0.0::-1057.5,0.0
-1057.5
0.0,1.0;0.0,1.0::-7500.0,0.0
-7500.0
0.0,1.0;0.0,1.0::-7500.0,0.0
-7500.0
0.0,1.0;0.0,2.0::-5000.0,0.0
-5000.0
0.0,2.0;0.0,1.0::-2500.0,0.0
-2500.0
0.0,1.0;0.0,3.0::-5000.0,0.0
-5000.0
0.0,3.0;0.0,1.0::-2500.0,0.0
-2500.0
0.0,1.0;0.0,4.0::-5025.0,0.0
-5025.0
0.0,4.0;0.0,1.0::-2550.0,0.0
-2550.0
0.0,1.0;1.0,0.0::-4500.0,0.0
-4500.0
1.0,0.0;0.0,1.0::-6750.0,0.0
-6750.0
0.0,1.0;1.0,1.0::-4500.0,0.0
-4500.0
1.0,1.0;0.0,1.0::-6750.0,0.0
-6750.0
0.0,1.0;1.0,2.0::-2000.0,0.0
-2000.0
1.0,2.0;0.0,1.0::-1750.0,0.0
-1750.0
0.0,1.0;1.0,3.0::-2000.0,0.0
-2000.0
1.0,3.0;0.0,1.0::-1750.0,0.0
-1750.0
0.0,1.0;1.0,4.0::-2025.0,0.0
-2025.0
1.0,4.0;0.0,1.0::-1800.0,0.0
-1800.0
0.0,1.0;2.0,0.0::-4500.0,0.0
-4500.0
2.0,0.0;0.0,1.0::-6750.0,0.0
-6750.0
0.0,1.0;2.0,1.0::-4500.0,0.0
-4500.0
2.0,1.0;0.0,1.0::-6750.0,0.0
-6750.0
0.0,1.0;2.0,2.0::-2000.0,0.0
-2000.0
2.0,2.0;0.0,1.0::-1750.0,0.0
-1750.0
0.0,1.0;2.0,3.0::-2000.0,0.0
-2000.0
2.0,3.0;0.0,1.0::-1750.0,0.0
-1750.0
0.0,1.0;2.0,4.0::-2025.0,0.0
-2025.0
2.0,4.0;0.0,1.0::-1800.0,0.0
-1800.0
0.0,1.0;3.0,0.0::-1500.0,0.0
-1500.0
3.0,0.0;0.0,1.0::-6000.0,0.0
-6000.0
0.0,1.0;3.0,1.0::-1500.0,0.0
-1500.0
3.0,1.0;0.0,1.0::-6000.0,0.0
-6000.0
0.0,1.0;3.0,2.0::1000.0,0.0
1000.0
3.0,2.0;0.0,1.0::-1000.0,0.0
-1000.0
0.0,1.0;3.0,3.0::1000.0,0.0
1000.0
3.0,3.0;0.0,1.0::-1000.0,0.0
-1000.0
0.0,1.0;3.0,4.0::975.0,0.0
975.0
3.0,4.0;0.0,1.0::-1050.0,0.0
-1050.0
0.0,1.0;4.0,0.0::-1530.0,0.0
-1530.0
4.0,0.0;0.0,1.0::-6007.5,0.0
-6007.5
0.0,1.0;4.0,1.0::-1530.0,0.0
-1530.0
4.0,1.0;0.0,1.0::-6007.5,0.0
-6007.5
0.0,1.0;4.0,2.0::970.0,0.0
970.0
4.0,2.0;0.0,1.0::-1007.5,0.0
-1007.5
0.0,1.0;4.0,3.0::970.0,0.0
970.0
4.0,3.0;0.0,1.0::-1007.5,0.0
-1007.5
0.0,1.0;4.0,4.0::945.0,0.0
945.0
4.0,4.0;0.0,1.0::-1057.5,0.0
-1057.5
0.0,2.0;0.0,2.0::0.0,0.0
0.0
0.0,2.0;0.0,2.0::0.0,0.0
0.0
0.0,2.0;0.0,3.0::0.0,0.0
0.0
0.0,3.0;0.0,2.0::0.0,0.0
0.0
0.0,2.0;0.0,4.0::-25.0,0.0
-25.0
0.0,4.0;0.0,2.0::-50.0,0.0
-50.0
0.0,2.0;1.0,0.0::-4500.0,0.0
-4500.0
1.0,0.0;0.0,2.0::-6750.0,0.0
-6750.0
0.0,2.0;1.0,1.0::-4500.0,0.0
-4500.0
1.0,1.0;0.0,2.0::-6750.0,0.0
-6750.0
0.0,2.0;1.0,2.0::-2000.0,0.0
-2000.0
1.0,2.0;0.0,2.0::-1750.0,0.0
-1750.0
0.0,2.0;1.0,3.0::-2000.0,0.0
-2000.0
1.0,3.0;0.0,2.0::-1750.0,0.0
-1750.0
0.0,2.0;1.0,4.0::-2025.0,0.0
-2025.0
1.0,4.0;0.0,2.0::-1800.0,0.0
-1800.0
0.0,2.0;2.0,0.0::-4500.0,0.0
-4500.0
2.0,0.0;0.0,2.0::-6750.0,0.0
-6750.0
0.0,2.0;2.0,1.0::-4500.0,0.0
-4500.0
2.0,1.0;0.0,2.0::-6750.0,0.0
-6750.0
0.0,2.0;2.0,2.0::-2000.0,0.0
-2000.0
2.0,2.0;0.0,2.0::-1750.0,0.0
-1750.0
0.0,2.0;2.0,3.0::-2000.0,0.0
-2000.0
2.0,3.0;0.0,2.0::-1750.0,0.0
-1750.0
0.0,2.0;2.0,4.0::-2025.0,0.0
-2025.0
2.0,4.0;0.0,2.0::-1800.0,0.0
-1800.0
0.0,2.0;3.0,0.0::-6500.0,0.0
-6500.0
3.0,0.0;0.0,2.0::-8500.0,0.0
-8500.0
0.0,2.0;3.0,1.0::-6500.0,0.0
-6500.0
3.0,1.0;0.0,2.0::-8500.0,0.0
-8500.0
0.0,2.0;3.0,2.0::-4000.0,0.0
-4000.0
3.0,2.0;0.0,2.0::-3500.0,0.0
-3500.0
0.0,2.0;3.0,3.0::-4000.0,0.0
-4000.0
3.0,3.0;0.0,2.0::-3500.0,0.0
-3500.0
0.0,2.0;3.0,4.0::-4025.0,0.0
-4025.0
3.0,4.0;0.0,2.0::-3550.0,0.0
-3550.0
0.0,2.0;4.0,0.0::-2500.0,0.0
-2500.0
4.0,0.0;0.0,2.0::-5000.0,0.0
-5000.0
0.0,2.0;4.0,1.0::-2500.0,0.0
-2500.0
4.0,1.0;0.0,2.0::-5000.0,0.0
-5000.0
0.0,2.0;4.0,2.0::0.0,0.0
0.0
4.0,2.0;0.0,2.0::0.0,0.0
0.0
0.0,2.0;4.0,3.0::0.0,0.0
0.0
4.0,3.0;0.0,2.0::0.0,0.0
0.0
0.0,2.0;4.0,4.0::-25.0,0.0
-25.0
4.0,4.0;0.0,2.0::-50.0,0.0
-50.0
0.0,3.0;0.0,3.0::0.0,0.0
0.0
0.0,3.0;0.0,3.0::0.0,0.0
0.0
0.0,3.0;0.0,4.0::-25.0,0.0
-25.0
0.0,4.0;0.0,3.0::-50.0,0.0
-50.0
0.0,3.0;1.0,0.0::-1500.0,0.0
-1500.0
1.0,0.0;0.0,3.0::-6000.0,0.0
-6000.0
0.0,3.0;1.0,1.0::-1500.0,0.0
-1500.0
1.0,1.0;0.0,3.0::-6000.0,0.0
-6000.0
0.0,3.0;1.0,2.0::1000.0,0.0
1000.0
1.0,2.0;0.0,3.0::-1000.0,0.0
-1000.0
0.0,3.0;1.0,3.0::1000.0,0.0
1000.0
1.0,3.0;0.0,3.0::-1000.0,0.0
-1000.0
0.0,3.0;1.0,4.0::975.0,0.0
975.0
1.0,4.0;0.0,3.0::-1050.0,0.0
-1050.0
0.0,3.0;2.0,0.0::-2500.0,0.0
-2500.0
2.0,0.0;0.0,3.0::-5000.0,0.0
-5000.0
0.0,3.0;2.0,1.0::-2500.0,0.0
-2500.0
2.0,1.0;0.0,3.0::-5000.0,0.0
-5000.0
0.0,3.0;2.0,2.0::0.0,0.0
0.0
2.0,2.0;0.0,3.0::0.0,0.0
0.0
0.0,3.0;2.0,3.0::0.0,0.0
0.0
2.0,3.0;0.0,3.0::0.0,0.0
0.0
0.0,3.0;2.0,4.0::-25.0,0.0
-25.0
2.0,4.0;0.0,3.0::-50.0,0.0
-50.0
0.0,3.0;3.0,0.0::-1500.0,0.0
-1500.0
3.0,0.0;0.0,3.0::-6000.0,0.0
-6000.0
0.0,3.0;3.0,1.0::-1500.0,0.0
-1500.0
3.0,1.0;0.0,3.0::-6000.0,0.0
-6000.0
0.0,3.0;3.0,2.0::1000.0,0.0
1000.0
3.0,2.0;0.0,3.0::-1000.0,0.0
-1000.0
0.0,3.0;3.0,3.0::1000.0,0.0
1000.0
3.0,3.0;0.0,3.0::-1000.0,0.0
-1000.0
0.0,3.0;3.0,4.0::975.0,0.0
975.0
3.0,4.0;0.0,3.0::-1050.0,0.0
-1050.0
0.0,3.0;4.0,0.0::-2500.0,0.0
-2500.0
4.0,0.0;0.0,3.0::-5000.0,0.0
-5000.0
0.0,3.0;4.0,1.0::-2500.0,0.0
-2500.0
4.0,1.0;0.0,3.0::-5000.0,0.0
-5000.0
0.0,3.0;4.0,2.0::0.0,0.0
0.0
4.0,2.0;0.0,3.0::0.0,0.0
0.0
0.0,3.0;4.0,3.0::0.0,0.0
0.0
4.0,3.0;0.0,3.0::0.0,0.0
0.0
0.0,3.0;4.0,4.0::-25.0,0.0
-25.0
4.0,4.0;0.0,3.0::-50.0,0.0
-50.0
0.0,4.0;0.0,4.0::-75.0,0.0
-75.0
0.0,4.0;0.0,4.0::-75.0,0.0
-75.0
0.0,4.0;1.0,0.0::-1560.0,0.0
-1560.0
1.0,0.0;0.0,4.0::-6015.0,0.0
-6015.0
0.0,4.0;1.0,1.0::-1560.0,0.0
-1560.0
1.0,1.0;0.0,4.0::-6015.0,0.0
-6015.0
0.0,4.0;1.0,2.0::940.0,0.0
940.0
1.0,2.0;0.0,4.0::-1015.0,0.0
-1015.0
0.0,4.0;1.0,3.0::940.0,0.0
940.0
1.0,3.0;0.0,4.0::-1015.0,0.0
-1015.0
0.0,4.0;1.0,4.0::915.0,0.0
915.0
1.0,4.0;0.0,4.0::-1065.0,0.0
-1065.0
0.0,4.0;2.0,0.0::-2500.0,0.0
-2500.0
2.0,0.0;0.0,4.0::-5000.0,0.0
-5000.0
0.0,4.0;2.0,1.0::-2500.0,0.0
-2500.0
2.0,1.0;0.0,4.0::-5000.0,0.0
-5000.0
0.0,4.0;2.0,2.0::0.0,0.0
0.0
2.0,2.0;0.0,4.0::0.0,0.0
0.0
0.0,4.0;2.0,3.0::0.0,0.0
0.0
2.0,3.0;0.0,4.0::0.0,0.0
0.0
0.0,4.0;2.0,4.0::-25.0,0.0
-25.0
2.0,4.0;0.0,4.0::-50.0,0.0
-50.0
0.0,4.0;3.0,0.0::-1560.0,0.0
-1560.0
3.0,0.0;0.0,4.0::-6015.0,0.0
-6015.0
0.0,4.0;3.0,1.0::-1560.0,0.0
-1560.0
3.0,1.0;0.0,4.0::-6015.0,0.0
-6015.0
0.0,4.0;3.0,2.0::940.0,0.0
940.0
3.0,2.0;0.0,4.0::-1015.0,0.0
-1015.0
0.0,4.0;3.0,3.0::940.0,0.0
940.0
3.0,3.0;0.0,4.0::-1015.0,0.0
-1015.0
0.0,4.0;3.0,4.0::915.0,0.0
915.0
3.0,4.0;0.0,4.0::-1065.0,0.0
-1065.0
0.0,4.0;4.0,0.0::-1530.0,0.0
-1530.0
4.0,0.0;0.0,4.0::-6007.5,0.0
-6007.5
0.0,4.0;4.0,1.0::-1530.0,0.0
-1530.0
4.0,1.0;0.0,4.0::-6007.5,0.0
-6007.5
0.0,4.0;4.0,2.0::970.0,0.0
970.0
4.0,2.0;0.0,4.0::-1007.5,0.0
-1007.5
0.0,4.0;4.0,3.0::970.0,0.0
970.0
4.0,3.0;0.0,4.0::-1007.5,0.0
-1007.5
0.0,4.0;4.0,4.0::945.0,0.0
945.0
4.0,4.0;0.0,4.0::-1057.5,0.0
-1057.5
1.0,0.0;1.0,0.0::-7500.0,0.0
-7500.0
1.0,0.0;1.0,0.0::-7500.0,0.0
-7500.0
1.0,0.0;1.0,1.0::-6750.0,0.0
-6750.0
1.0,1.0;1.0,0.0::-4500.0,0.0
-4500.0
1.0,0.0;1.0,2.0::-6750.0,0.0
-6750.0
1.0,2.0;1.0,0.0::-4500.0,0.0
-4500.0
1.0,0.0;1.0,3.0::-6000.0,0.0
-6000.0
1.0,3.0;1.0,0.0::-1500.0,0.0
-1500.0
1.0,0.0;1.0,4.0::-6015.0,0.0
-6015.0
1.0,4.0;1.0,0.0::-1560.0,0.0
-1560.0
1.0,0.0;2.0,0.0::-6500.0,0.0
-6500.0
2.0,0.0;1.0,0.0::-8500.0,0.0
-8500.0
1.0,0.0;2.0,1.0::-5750.0,0.0
-5750.0
2.0,1.0;1.0,0.0::-5500.0,0.0
-5500.0
1.0,0.0;2.0,2.0::-5750.0,0.0
-5750.0
2.0,2.0;1.0,0.0::-5500.0,0.0
-5500.0
1.0,0.0;2.0,3.0::-5000.0,0.0
-5000.0
2.0,3.0;1.0,0.0::-2500.0,0.0
-2500.0
1.0,0.0;2.0,4.0::-5015.0,0.0
-5015.0
2.0,4.0;1.0,0.0::-2560.0,0.0
-2560.0
1.0,0.0;3.0,0.0::-6500.0,0.0
-6500.0
3.0,0.0;1.0,0.0::-8500.0,0.0
-8500.0
1.0,0.0;3.0,1.0::-5750.0,0.0
-5750.0
3.0,1.0;1.0,0.0::-5500.0,0.0
-5500.0
1.0,0.0;3.0,2.0::-5750.0,0.0
-5750.0
3.0,2.0;1.0,0.0::-5500.0,0.0
-5500.0
1.0,0.0;3.0,3.0::-5000.0,0.0
-5000.0
3.0,3.0;1.0,0.0::-2500.0,0.0
-2500.0
1.0,0.0;3.0,4.0::-5015.0,0.0
-5015.0
3.0,4.0;1.0,0.0::-2560.0,0.0
-2560.0
1.0,0.0;4.0,0.0::-1530.0,0.0
-1530.0
4.0,0.0;1.0,0.0::-6007.5,0.0
-6007.5
1.0,0.0;4.0,1.0::-780.0,0.0
-780.0
4.0,1.0;1.0,0.0::-3007.5,0.0
-3007.5
1.0,0.0;4.0,2.0::-780.0,0.0
-780.0
4.0,2.0;1.0,0.0::-3007.5,0.0
-3007.5
1.0,0.0;4.0,3.0::-30.0,0.0
-30.0
4.0,3.0;1.0,0.0::-7.5,0.0
-7.5
1.0,0.0;4.0,4.0::-45.0,0.0
-45.0
4.0,4.0;1.0,0.0::-67.5,0.0
-67.5
1.0,1.0;1.0,1.0::-3750.0,0.0
-3750.0
1.0,1.0;1.0,1.0::-3750.0,0.0
-3750.0
1.0,1.0;1.0,2.0::-3750.0,0.0
-3750.0
1.0,2.0;1.0,1.0::-3750.0,0.0
-3750.0
1.0,1.0;1.0,3.0::-3000.0,0.0
-3000.0
1.0,3.0;1.0,1.0::-750.0,0.0
-750.0
1.0,1.0;1.0,4.0::-3015.0,0.0
-3015.0
1.0,4.0;1.0,1.0::-810.0,0.0
-810.0
1.0,1.0;2.0,0.0::-4500.0,0.0
-4500.0
2.0,0.0;1.0,1.0::-6750.0,0.0
-6750.0
1.0,1.0;2.0,1.0::-3750.0,0.0
-3750.0
2.0,1.0;1.0,1.0::-3750.0,0.0
-3750.0
1.0,1.0;2.0,2.0::-3750.0,0.0
-3750.0
2.0,2.0;1.0,1.0::-3750.0,0.0
-3750.0
1.0,1.0;2.0,3.0::-3000.0,0.0
-3000.0
2.0,3.0;1.0,1.0::-750.0,0.0
-750.0
1.0,1.0;2.0,4.0::-3015.0,0.0
-3015.0
2.0,4.0;1.0,1.0::-810.0,0.0
-810.0
1.0,1.0;3.0,0.0::-1500.0,0.0
-1500.0
3.0,0.0;1.0,1.0::-6000.0,0.0
-6000.0
1.0,1.0;3.0,1.0::-750.0,0.0
-750.0
3.0,1.0;1.0,1.0::-3000.0,0.0
-3000.0
1.0,1.0;3.0,2.0::-750.0,0.0
-750.0
3.0,2.0;1.0,1.0::-3000.0,0.0
-3000.0
1.0,1.0;3.0,3.0::0.0,0.0
0.0
3.0,3.0;1.0,1.0::0.0,0.0
0.0
1.0,1.0;3.0,4.0::-15.0,0.0
-15.0
3.0,4.0;1.0,1.0::-60.0,0.0
-60.0
1.0,1.0;4.0,0.0::-1530.0,0.0
-1530.0
4.0,0.0;1.0,1.0::-6007.5,0.0
-6007.5
1.0,1.0;4.0,1.0::-780.0,0.0
-780.0
4.0,1.0;1.0,1.0::-3007.5,0.0
-3007.5
1.0,1.0;4.0,2.0::-780.0,0.0
-780.0
4.0,2.0;1.0,1.0::-3007.5,0.0
-3007.5
1.0,1.0;4.0,3.0::-30.0,0.0
-30.0
4.0,3.0;1.0,1.0::-7.5,0.0
-7.5
1.0,1.0;4.0,4.0::-45.0,0.0
-45.0
4.0,4.0;1.0,1.0::-67.5,0.0
-67.5
1.0,2.0;1.0,2.0::-3750.0,0.0
-3750.0
1.0,2.0;1.0,2.0::-3750.0,0.0
-3750.0
1.0,2.0;1.0,3.0::-3000.0,0.0
-3000.0
1.0,3.0;1.0,2.0::-750.0,0.0
-750.0
1.0,2.0;1.0,4.0::-3015.0,0.0
-3015.0
1.0,4.0;1.0,2.0::-810.0,0.0
-810.0
1.0,2.0;2.0,0.0::-4500.0,0.0
-4500.0
2.0,0.0;1.0,2.0::-6750.0,0.0
-6750.0
1.0,2.0;2.0,1.0::-3750.0,0.0
-3750.0
2.0,1.0;1.0,2.0::-3750.0,0.0
-3750.0
1.0,2.0;2.0,2.0::-3750.0,0.0
-3750.0
2.0,2.0;1.0,2.0::-3750.0,0.0
-3750.0
1.0,2.0;2.0,3.0::-3000.0,0.0
-3000.0
2.0,3.0;1.0,2.0::-750.0,0.0
-750.0
1.0,2.0;2.0,4.0::-3015.0,0.0
-3015.0
2.0,4.0;1.0,2.0::-810.0,0.0
-810.0
1.0,2.0;3.0,0.0::-6500.0,0.0
-6500.0
3.0,0.0;1.0,2.0::-8500.0,0.0
-8500.0
1.0,2.0;3.0,1.0::-5750.0,0.0
-5750.0
3.0,1.0;1.0,2.0::-5500.0,0.0
-5500.0
1.0,2.0;3.0,2.0::-5750.0,0.0
-5750.0
3.0,2.0;1.0,2.0::-5500.0,0.0
-5500.0
1.0,2.0;3.0,3.0::-5000.0,0.0
-5000.0
3.0,3.0;1.0,2.0::-2500.0,0.0
-2500.0
1.0,2.0;3.0,4.0::-5015.0,0.0
-5015.0
3.0,4.0;1.0,2.0::-2560.0,0.0
-2560.0
1.0,2.0;4.0,0.0::-2500.0,0.0
-2500.0
4.0,0.0;1.0,2.0::-5000.0,0.0
-5000.0
1.0,2.0;4.0,1.0::-1750.0,0.0
-1750.0
4.0,1.0;1.0,2.0::-2000.0,0.0
-2000.0
1.0,2.0;4.0,2.0::-1750.0,0.0
-1750.0
4.0,2.0;1.0,2.0::-2000.0,0.0
-2000.0
1.0,2.0;4.0,3.0::-1000.0,0.0
-1000.0
4.0,3.0;1.0,2.0::1000.0,0.0
1000.0
1.0,2.0;4.0,4.0::-1015.0,0.0
-1015.0
4.0,4.0;1.0,2.0::940.0,0.0
940.0
1.0,3.0;1.0,3.0::0.0,0.0
0.0
1.0,3.0;1.0,3.0::0.0,0.0
0.0
1.0,3.0;1.0,4.0::-15.0,0.0
-15.0
1.0,4.0;1.0,3.0::-60.0,0.0
-60.0
1.0,3.0;2.0,0.0::-2500.0,0.0
-2500.0
2.0,0.0;1.0,3.0::-5000.0,0.0
-5000.0
1.0,3.0;2.0,1.0::-1750.0,0.0
-1750.0
2.0,1.0;1.0,3.0::-2000.0,0.0
-2000.0
1.0,3.0;2.0,2.0::-1750.0,0.0
-1750.0
2.0,2.0;1.0,3.0::-2000.0,0.0
-2000.0
1.0,3.0;2.0,3.0::-1000.0,0.0
-1000.0
2.0,3.0;1.0,3.0::1000.0,0.0
1000.0
1.0,3.0;2.0,4.0::-1015.0,0.0
-1015.0
2.0,4.0;1.0,3.0::940.0,0.0
940.0
1.0,3.0;3.0,0.0::-1500.0,0.0
-1500.0
3.0,0.0;1.0,3.0::-6000.0,0.0
-6000.0
1.0,3.0;3.0,1.0::-750.0,0.0
-750.0
3.0,1.0;1.0,3.0::-3000.0,0.0
-3000.0
1.0,3.0;3.0,2.0::-750.0,0.0
-750.0
3.0,2.0;1.0,3.0::-3000.0,0.0
-3000.0
1.0,3.0;3.0,3.0::0.0,0.0
0.0
3.0,3.0;1.0,3.0::0.0,0.0
0.0
1.0,3.0;3.0,4.0::-15.0,0.0
-15.0
3.0,4.0;1.0,3.0::-60.0,0.0
-60.0
1.0,3.0;4.0,0.0::-2500.0,0.0
-2500.0
4.0,0.0;1.0,3.0::-5000.0,0.0
-5000.0
1.0,3.0;4.0,1.0::-1750.0,0.0
-1750.0
4.0,1.0;1.0,3.0::-2000.0,0.0
-2000.0
1.0,3.0;4.0,2.0::-1750.0,0.0
-1750.0
4.0,2.0;1.0,3.0::-2000.0,0.0
-2000.0
1.0,3.0;4.0,3.0::-1000.0,0.0
-1000.0
4.0,3.0;1.0,3.0::1000.0,0.0
1000.0
1.0,3.0;4.0,4.0::-1015.0,0.0
-1015.0
4.0,4.0;1.0,3.0::940.0,0.0
940.0
1.0,4.0;1.0,4.0::-75.0,0.0
-75.0
1.0,4.0;1.0,4.0::-75.0,0.0
-75.0
1.0,4.0;2.0,0.0::-2500.0,0.0
-2500.0
2.0,0.0;1.0,4.0::-5000.0,0.0
-5000.0
1.0,4.0;2.0,1.0::-1750.0,0.0
-1750.0
2.0,1.0;1.0,4.0::-2000.0,0.0
-2000.0
1.0,4.0;2.0,2.0::-1750.0,0.0
-1750.0
2.0,2.0;1.0,4.0::-2000.0,0.0
-2000.0
1.0,4.0;2.0,3.0::-1000.0,0.0
-1000.0
2.0,3.0;1.0,4.0::1000.0,0.0
1000.0
1.0,4.0;2.0,4.0::-1015.0,0.0
-1015.0
2.0,4.0;1.0,4.0::940.0,0.0
940.0
1.0,4.0;3.0,0.0::-1560.0,0.0
-1560.0
3.0,0.0;1.0,4.0::-6015.0,0.0
-6015.0
1.0,4.0;3.0,1.0::-810.0,0.0
-810.0
3.0,1.0;1.0,4.0::-3015.0,0.0
-3015.0
1.0,4.0;3.0,2.0::-810.0,0.0
-810.0
3.0,2.0;1.0,4.0::-3015.0,0.0
-3015.0
1.0,4.0;3.0,3.0::-60.0,0.0
-60.0
3.0,3.0;1.0,4.0::-15.0,0.0
-15.0
1.0,4.0;3.0,4.0::-75.0,0.0
-75.0
3.0,4.0;1.0,4.0::-75.0,0.0
-75.0
1.0,4.0;4.0,0.0::-1530.0,0.0
-1530.0
4.0,0.0;1.0,4.0::-6007.5,0.0
-6007.5
1.0,4.0;4.0,1.0::-780.0,0.0
-780.0
4.0,1.0;1.0,4.0::-3007.5,0.0
-3007.5
1.0,4.0;4.0,2.0::-780.0,0.0
-780.0
4.0,2.0;1.0,4.0::-3007.5,0.0
-3007.5
1.0,4.0;4.0,3.0::-30.0,0.0
-30.0
4.0,3.0;1.0,4.0::-7.5,0.0
-7.5
1.0,4.0;4.0,4.0::-45.0,0.0
-45.0
4.0,4.0;1.0,4.0::-67.5,0.0
-67.5
2.0,0.0;2.0,0.0::-7500.0,0.0
-7500.0
2.0,0.0;2.0,0.0::-7500.0,0.0
-7500.0
2.0,0.0;2.0,1.0::-5750.0,0.0
-5750.0
2.0,1.0;2.0,0.0::-5500.0,0.0
-5500.0
2.0,0.0;2.0,2.0::-5750.0,0.0
-5750.0
2.0,2.0;2.0,0.0::-5500.0,0.0
-5500.0
2.0,0.0;2.0,3.0::-4000.0,0.0
-4000.0
2.0,3.0;2.0,0.0::-3500.0,0.0
-3500.0
2.0,0.0;2.0,4.0::-4000.0,0.0
-4000.0
2.0,4.0;2.0,0.0::-3500.0,0.0
-3500.0
2.0,0.0;3.0,0.0::-7500.0,0.0
-7500.0
3.0,0.0;2.0,0.0::-7500.0,0.0
-7500.0
2.0,0.0;3.0,1.0::-5750.0,0.0
-5750.0
3.0,1.0;2.0,0.0::-5500.0,0.0
-5500.0
2.0,0.0;3.0,2.0::-5750.0,0.0
-5750.0
3.0,2.0;2.0,0.0::-5500.0,0.0
-5500.0
2.0,0.0;3.0,3.0::-4000.0,0.0
-4000.0
3.0,3.0;2.0,0.0::-3500.0,0.0
-3500.0
2.0,0.0;3.0,4.0::-4000.0,0.0
-4000.0
3.0,4.0;2.0,0.0::-3500.0,0.0
-3500.0
2.0,0.0;4.0,0.0::-2530.0,0.0
-2530.0
4.0,0.0;2.0,0.0::-5007.5,0.0
-5007.5
2.0,0.0;4.0,1.0::-780.0,0.0
-780.0
4.0,1.0;2.0,0.0::-3007.5,0.0
-3007.5
2.0,0.0;4.0,2.0::-780.0,0.0
-780.0
4.0,2.0;2.0,0.0::-3007.5,0.0
-3007.5
2.0,0.0;4.0,3.0::970.0,0.0
970.0
4.0,3.0;2.0,0.0::-1007.5,0.0
-1007.5
2.0,0.0;4.0,4.0::970.0,0.0
970.0
4.0,4.0;2.0,0.0::-1007.5,0.0
-1007.5
2.0,1.0;2.0,1.0::-3750.0,0.0
-3750.0
2.0,1.0;2.0,1.0::-3750.0,0.0
-3750.0
2.0,1.0;2.0,2.0::-3750.0,0.0
-3750.0
2.0,2.0;2.0,1.0::-3750.0,0.0
-3750.0
2.0,1.0;2.0,3.0::-2000.0,0.0
-2000.0
2.0,3.0;2.0,1.0::-1750.0,0.0
-1750.0
2.0,1.0;2.0,4.0::-2000.0,0.0
-2000.0
2.0,4.0;2.0,1.0::-1750.0,0.0
-1750.0
2.0,1.0;3.0,0.0::-2500.0,0.0
-2500.0
3.0,0.0;2.0,1.0::-5000.0,0.0
-5000.0
2.0,1.0;3.0,1.0::-750.0,0.0
-750.0
3.0,1.0;2.0,1.0::-3000.0,0.0
-3000.0
2.0,1.0;3.0,2.0::-750.0,0.0
-750.0
3.0,2.0;2.0,1.0::-3000.0,0.0
-3000.0
2.0,1.0;3.0,3.0::1000.0,0.0
1000.0
3.0,3.0;2.0,1.0::-1000.0,0.0
-1000.0
2.0,1.0;3.0,4.0::1000.0,0.0
1000.0
3.0,4.0;2.0,1.0::-1000.0,0.0
-1000.0
2.0,1.0;4.0,0.0::-2530.0,0.0
-2530.0
4.0,0.0;2.0,1.0::-5007.5,0.0
-5007.5
2.0,1.0;4.0,1.0::-780.0,0.0
-780.0
4.0,1.0;2.0,1.0::-3007.5,0.0
-3007.5
2.0,1.0;4.0,2.0::-780.0,0.0
-780.0
4.0,2.0;2.0,1.0::-3007.5,0.0
-3007.5
2.0,1.0;4.0,3.0::970.0,0.0
970.0
4.0,3.0;2.0,1.0::-1007.5,0.0
-1007.5
2.0,1.0;4.0,4.0::970.0,0.0
970.0
4.0,4.0;2.0,1.0::-1007.5,0.0
-1007.5
2.0,2.0;2.0,2.0::-3750.0,0.0
-3750.0
2.0,2.0;2.0,2.0::-3750.0,0.0
-3750.0
2.0,2.0;2.0,3.0::-2000.0,0.0
-2000.0
2.0,3.0;2.0,2.0::-1750.0,0.0
-1750.0
2.0,2.0;2.0,4.0::-2000.0,0.0
-2000.0
2.0,4.0;2.0,2.0::-1750.0,0.0
-1750.0
2.0,2.0;3.0,0.0::-7500.0,0.0
-7500.0
3.0,0.0;2.0,2.0::-7500.0,0.0
-7500.0
2.0,2.0;3.0,1.0::-5750.0,0.0
-5750.0
3.0,1.0;2.0,2.0::-5500.0,0.0
-5500.0
2.0,2.0;3.0,2.0::-5750.0,0.0
-5750.0
3.0,2.0;2.0,2.0::-5500.0,0.0
-5500.0
2.0,2.0;3.0,3.0::-4000.0,0.0
-4000.0
3.0,3.0;2.0,2.0::-3500.0,0.0
-3500.0
2.0,2.0;3.0,4.0::-4000.0,0.0
-4000.0
3.0,4.0;2.0,2.0::-3500.0,0.0
-3500.0
2.0,2.0;4.0,0.0::-3500.0,0.0
-3500.0
4.0,0.0;2.0,2.0::-4000.0,0.0
-4000.0
2.0,2.0;4.0,1.0::-1750.0,0.0
-1750.0
4.0,1.0;2.0,2.0::-2000.0,0.0
-2000.0
2.0,2.0;4.0,2.0::-1750.0,0.0
-1750.0
4.0,2.0;2.0,2.0::-2000.0,0.0
-2000.0
2.0,2.0;4.0,3.0::0.0,0.0
0.0
4.0,3.0;2.0,2.0::0.0,0.0
0.0
2.0,2.0;4.0,4.0::0.0,0.0
0.0
4.0,4.0;2.0,2.0::0.0,0.0
0.0
2.0,3.0;2.0,3.0::0.0,0.0
0.0
2.0,3.0;2.0,3.0::0.0,0.0
0.0
2.0,3.0;2.0,4.0::0.0,0.0
0.0
2.0,4.0;2.0,3.0::0.0,0.0
0.0
2.0,3.0;3.0,0.0::-2500.0,0.0
-2500.0
3.0,0.0;2.0,3.0::-5000.0,0.0
-5000.0
2.0,3.0;3.0,1.0::-750.0,0.0
-750.0
3.0,1.0;2.0,3.0::-3000.0,0.0
-3000.0
2.0,3.0;3.0,2.0::-750.0,0.0
-750.0
3.0,2.0;2.0,3.0::-3000.0,0.0
-3000.0
2.0,3.0;3.0,3.0::1000.0,0.0
1000.0
3.0,3.0;2.0,3.0::-1000.0,0.0
-1000.0
2.0,3.0;3.0,4.0::1000.0,0.0
1000.0
3.0,4.0;2.0,3.0::-1000.0,0.0
-1000.0
2.0,3.0;4.0,0.0::-3500.0,0.0
-3500.0
4.0,0.0;2.0,3.0::-4000.0,0.0
-4000.0
2.0,3.0;4.0,1.0::-1750.0,0.0
-1750.0
4.0,1.0;2.0,3.0::-2000.0,0.0
-2000.0
2.0,3.0;4.0,2.0::-1750.0,0.0
-1750.0
4.0,2.0;2.0,3.0::-2000.0,0.0
-2000.0
2.0,3.0;4.0,3.0::0.0,0.0
0.0
4.0,3.0;2.0,3.0::0.0,0.0
0.0
2.0,3.0;4.0,4.0::0.0,0.0
0.0
4.0,4.0;2.0,3.0::0.0,0.0
0.0
2.0,4.0;2.0,4.0::0.0,0.0
0.0
2.0,4.0;2.0,4.0::0.0,0.0
0.0
2.0,4.0;3.0,0.0::-2560.0,0.0
-2560.0
3.0,0.0;2.0,4.0::-5015.0,0.0
-5015.0
2.0,4.0;3.0,1.0::-810.0,0.0
-810.0
3.0,1.0;2.0,4.0::-3015.0,0.0
-3015.0
2.0,4.0;3.0,2.0::-810.0,0.0
-810.0
3.0,2.0;2.0,4.0::-3015.0,0.0
-3015.0
2.0,4.0;3.0,3.0::940.0,0.0
940.0
3.0,3.0;2.0,4.0::-1015.0,0.0
-1015.0
2.0,4.0;3.0,4.0::940.0,0.0
940.0
3.0,4.0;2.0,4.0::-1015.0,0.0
-1015.0
2.0,4.0;4.0,0.0::-2530.0,0.0
-2530.0
4.0,0.0;2.0,4.0::-5007.5,0.0
-5007.5
2.0,4.0;4.0,1.0::-780.0,0.0
-780.0
4.0,1.0;2.0,4.0::-3007.5,0.0
-3007.5
2.0,4.0;4.0,2.0::-780.0,0.0
-780.0
4.0,2.0;2.0,4.0::-3007.5,0.0
-3007.5
2.0,4.0;4.0,3.0::970.0,0.0
970.0
4.0,3.0;2.0,4.0::-1007.5,0.0
-1007.5
2.0,4.0;4.0,4.0::970.0,0.0
970.0
4.0,4.0;2.0,4.0::-1007.5,0.0
-1007.5
3.0,0.0;3.0,0.0::-7500.0,0.0
-7500.0
3.0,0.0;3.0,0.0::-7500.0,0.0
-7500.0
3.0,0.0;3.0,1.0::-5000.0,0.0
-5000.0
3.0,1.0;3.0,0.0::-2500.0,0.0
-2500.0
3.0,0.0;3.0,2.0::-7500.0,0.0
-7500.0
3.0,2.0;3.0,0.0::-7500.0,0.0
-7500.0
3.0,0.0;3.0,3.0::-5000.0,0.0
-5000.0
3.0,3.0;3.0,0.0::-2500.0,0.0
-2500.0
3.0,0.0;3.0,4.0::-5015.0,0.0
-5015.0
3.0,4.0;3.0,0.0::-2560.0,0.0
-2560.0
3.0,0.0;4.0,0.0::-2530.0,0.0
-2530.0
4.0,0.0;3.0,0.0::-5007.5,0.0
-5007.5
3.0,0.0;4.0,1.0::-30.0,0.0
-30.0
4.0,1.0;3.0,0.0::-7.5,0.0
-7.5
3.0,0.0;4.0,2.0::-2530.0,0.0
-2530.0
4.0,2.0;3.0,0.0::-5007.5,0.0
-5007.5
3.0,0.0;4.0,3.0::-30.0,0.0
-30.0
4.0,3.0;3.0,0.0::-7.5,0.0
-7.5
3.0,0.0;4.0,4.0::-45.0,0.0
-45.0
4.0,4.0;3.0,0.0::-67.5,0.0
-67.5
3.0,1.0;3.0,1.0::0.0,0.0
0.0
3.0,1.0;3.0,1.0::0.0,0.0
0.0
3.0,1.0;3.0,2.0::-2500.0,0.0
-2500.0
3.0,2.0;3.0,1.0::-5000.0,0.0
-5000.0
3.0,1.0;3.0,3.0::0.0,0.0
0.0
3.0,3.0;3.0,1.0::0.0,0.0
0.0
3.0,1.0;3.0,4.0::-15.0,0.0
-15.0
3.0,4.0;3.0,1.0::-60.0,0.0
-60.0
3.0,1.0;4.0,0.0::-2530.0,0.0
-2530.0
4.0,0.0;3.0,1.0::-5007.5,0.0
-5007.5
3.0,1.0;4.0,1.0::-30.0,0.0
-30.0
4.0,1.0;3.0,1.0::-7.5,0.0
-7.5
3.0,1.0;4.0,2.0::-2530.0,0.0
-2530.0
4.0,2.0;3.0,1.0::-5007.5,0.0
-5007.5
3.0,1.0;4.0,3.0::-30.0,0.0
-30.0
4.0,3.0;3.0,1.0::-7.5,0.0
-7.5
3.0,1.0;4.0,4.0::-45.0,0.0
-45.0
4.0,4.0;3.0,1.0::-67.5,0.0
-67.5
3.0,2.0;3.0,2.0::-7500.0,0.0
-7500.0
3.0,2.0;3.0,2.0::-7500.0,0.0
-7500.0
3.0,2.0;3.0,3.0::-5000.0,0.0
-5000.0
3.0,3.0;3.0,2.0::-2500.0,0.0
-2500.0
3.0,2.0;3.0,4.0::-5015.0,0.0
-5015.0
3.0,4.0;3.0,2.0::-2560.0,0.0
-2560.0
3.0,2.0;4.0,0.0::-3500.0,0.0
-3500.0
4.0,0.0;3.0,2.0::-4000.0,0.0
-4000.0
3.0,2.0;4.0,1.0::-1000.0,0.0
-1000.0
4.0,1.0;3.0,2.0::1000.0,0.0
1000.0
3.0,2.0;4.0,2.0::-3500.0,0.0
-3500.0
4.0,2.0;3.0,2.0::-4000.0,0.0
-4000.0
3.0,2.0;4.0,3.0::-1000.0,0.0
-1000.0
4.0,3.0;3.0,2.0::1000.0,0.0
1000.0
3.0,2.0;4.0,4.0::-1015.0,0.0
-1015.0
4.0,4.0;3.0,2.0::940.0,0.0
940.0
3.0,3.0;3.0,3.0::0.0,0.0
0.0
3.0,3.0;3.0,3.0::0.0,0.0
0.0
3.0,3.0;3.0,4.0::-15.0,0.0
-15.0
3.0,4.0;3.0,3.0::-60.0,0.0
-60.0
3.0,3.0;4.0,0.0::-3500.0,0.0
-3500.0
4.0,0.0;3.0,3.0::-4000.0,0.0
-4000.0
3.0,3.0;4.0,1.0::-1000.0,0.0
-1000.0
4.0,1.0;3.0,3.0::1000.0,0.0
1000.0
3.0,3.0;4.0,2.0::-3500.0,0.0
-3500.0
4.0,2.0;3.0,3.0::-4000.0,0.0
-4000.0
3.0,3.0;4.0,3.0::-1000.0,0.0
-1000.0
4.0,3.0;3.0,3.0::1000.0,0.0
1000.0
3.0,3.0;4.0,4.0::-1015.0,0.0
-1015.0
4.0,4.0;3.0,3.0::940.0,0.0
940.0
3.0,4.0;3.0,4.0::-75.0,0.0
-75.0
3.0,4.0;3.0,4.0::-75.0,0.0
-75.0
3.0,4.0;4.0,0.0::-2530.0,0.0
-2530.0
4.0,0.0;3.0,4.0::-5007.5,0.0
-5007.5
3.0,4.0;4.0,1.0::-30.0,0.0
-30.0
4.0,1.0;3.0,4.0::-7.5,0.0
-7.5
3.0,4.0;4.0,2.0::-2530.0,0.0
-2530.0
4.0,2.0;3.0,4.0::-5007.5,0.0
-5007.5
3.0,4.0;4.0,3.0::-30.0,0.0
-30.0
4.0,3.0;3.0,4.0::-7.5,0.0
-7.5
3.0,4.0;4.0,4.0::-45.0,0.0
-45.0
4.0,4.0;3.0,4.0::-67.5,0.0
-67.5
4.0,0.0;4.0,0.0::-37.5,0.0
-37.5
4.0,0.0;4.0,0.0::-37.5,0.0
-37.5
4.0,0.0;4.0,1.0::-37.5,0.0
-37.5
4.0,1.0;4.0,0.0::-37.5,0.0
-37.5
4.0,0.0;4.0,2.0::970.0,0.0
970.0
4.0,2.0;4.0,0.0::-1007.5,0.0
-1007.5
4.0,0.0;4.0,3.0::970.0,0.0
970.0
4.0,3.0;4.0,0.0::-1007.5,0.0
-1007.5
4.0,0.0;4.0,4.0::-37.5,0.0
-37.5
4.0,4.0;4.0,0.0::-37.5,0.0
-37.5
4.0,1.0;4.0,1.0::-37.5,0.0
-37.5
4.0,1.0;4.0,1.0::-37.5,0.0
-37.5
4.0,1.0;4.0,2.0::970.0,0.0
970.0
4.0,2.0;4.0,1.0::-1007.5,0.0
-1007.5
4.0,1.0;4.0,3.0::970.0,0.0
970.0
4.0,3.0;4.0,1.0::-1007.5,0.0
-1007.5
4.0,1.0;4.0,4.0::-37.5,0.0
-37.5
4.0,4.0;4.0,1.0::-37.5,0.0
-37.5
4.0,2.0;4.0,2.0::0.0,0.0
0.0
4.0,2.0;4.0,2.0::0.0,0.0
0.0
4.0,2.0;4.0,3.0::0.0,0.0
0.0
4.0,3.0;4.0,2.0::0.0,0.0
0.0
4.0,2.0;4.0,4.0::-1007.5,0.0
-1007.5
4.0,4.0;4.0,2.0::970.0,0.0
970.0
4.0,3.0;4.0,3.0::0.0,0.0
0.0
4.0,3.0;4.0,3.0::0.0,0.0
0.0
4.0,3.0;4.0,4.0::-1007.5,0.0
-1007.5
4.0,4.0;4.0,3.0::970.0,0.0
970.0
4.0,4.0;4.0,4.0::-37.5,0.0
-37.5
4.0,4.0;4.0,4.0::-37.5,0.0
-37.5
