0.0,0.0;0.0,0.0::-2500.0,0.0
-2500.0
0.0,0.0;0.0,0.0::-2500.0,0.0
-2500.0
0.0,0.0;0.0,1.0::-2500.0,0.0
-2500.0
0.0,1.0;0.0,0.0::-2500.0,0.0
-2500.0
0.0,0.0;0.0,2.0::0.0,0.0
0.0
0.0,2.0;0.0,0.0::-2000.0,0.0
-2000.0
0.0,0.0;0.0,3.0::0.0,0.0
0.0
0.0,3.0;0.0,0.0::-2000.0,0.0
-2000.0
0.0,0.0;0.0,4.0::-12.5,0.0
-12.5
0.0,4.0;0.0,0.0::-2002.5,0.0
-2002.5
0.0,0.0;1.0,0.0::-2500.0,0.0
-2500.0
1.0,0.0;0.0,0.0::-2500.0,0.0
-2500.0
0.0,0.0;1.0,1.0::-2500.0,0.0
-2500.0
1.0,1.0;0.0,0.0::-2500.0,0.0
-2500.0
0.0,0.0;1.0,2.0::0.0,0.0
0.0
1.0,2.0;0.0,0.0::-2000.0,0.0
-2000.0
0.0,0.0;1.0,3.0::0.0,0.0
0.0
1.0,3.0;0.0,0.0::-2000.0,0.0
-2000.0
0.0,0.0;1.0,4.0::-12.5,0.0
-12.5
1.0,4.0;0.0,0.0::-2002.5,0.0
-2002.5
0.0,0.0;2.0,0.0::-1500.0,0.0
-1500.0
2.0,0.0;0.0,0.0::-4000.0,0.0
-4000.0
0.0,0.0;2.0,1.0::-1500.0,0.0
-1500.0
2.0,1.0;0.0,0.0::-4000.0,0.0
-4000.0
0.0,0.0;2.0,2.0::1000.0,0.0
1000.0
2.0,2.0;0.0,0.0::-3500.0,0.0
-3500.0
0.0,0.0;2.0,3.0::1000.0,0.0
1000.0
2.0,3.0;0.0,0.0::-3500.0,0.0
-3500.0
0.0,0.0;2.0,4.0::987.5,0.0
987.5
2.0,4.0;0.0,0.0::-3502.5,0.0
-3502.5
0.0,0.0;3.0,0.0::-1500.0,0.0
-1500.0
3.0,0.0;0.0,0.0::-4000.0,0.0
-4000.0
0.0,0.0;3.0,1.0::-1500.0,0.0
-1500.0
3.0,1.0;0.0,0.0::-4000.0,0.0
-4000.0
0.0,0.0;3.0,2.0::1000.0,0.0
1000.0
3.0,2.0;0.0,0.0::-3500.0,0.0
-3500.0
0.0,0.0;3.0,3.0::1000.0,0.0
1000.0
3.0,3.0;0.0,0.0::-3500.0,0.0
-3500.0
0.0,0.0;3.0,4.0::987.5,0.0
987.5
3.0,4.0;0.0,0.0::-3502.5,0.0
-3502.5
0.0,0.0;4.0,0.0::-1015.0,0.0
-1015.0
4.0,0.0;0.0,0.0::-1510.0,0.0
-1510.0
0.0,0.0;4.0,1.0::-1015.0,0.0
-1015.0
4.0,1.0;0.0,0.0::-1510.0,0.0
-1510.0
0.0,0.0;4.0,2.0::1485.0,0.0
1485.0
4.0,2.0;0.0,0.0::-1010.0,0.0
-1010.0
0.0,0.0;4.0,3.0::1485.0,0.0
1485.0
4.0,3.0;0.0,0.0::-1010.0,0.0
-1010.0
0.0,0.0;4.0,4.0::1472.5,0.0
1472.5
4.0,4.0;0.0,0.0::-1012.5,0.0
-1012.5
