2.0,4.0;2.0,4.0::-3000.0,0.0
-3000.0
2.0,4.0;2.0,4.0::-3000.0,0.0
-3000.0
2.0,4.0;3.0,0.0::-2507.5,0.0
-2507.5
3.0,0.0;2.0,4.0::-505.0,0.0
-505.0
2.0,4.0;3.0,1.0::-507.5,0.0
-507.5
3.0,1.0;2.0,4.0::-755.0,0.0
-755.0
2.0,4.0;3.0,2.0::-507.5,0.0
-507.5
3.0,2.0;2.0,4.0::-755.0,0.0
-755.0
2.0,4.0;3.0,3.0::1492.5,0.0
1492.5
3.0,3.0;2.0,4.0::-1005.0,0.0
-1005.0
2.0,4.0;3.0,4.0::-2507.5,0.0
-2507.5
3.0,4.0;2.0,4.0::-505.0,0.0
-505.0
2.0,4.0;4.0,0.0::-3502.5,0.0
-3502.5
4.0,0.0;2.0,4.0::987.5,0.0
987.5
2.0,4.0;4.0,1.0::-1502.5,0.0
-1502.5
4.0,1.0;2.0,4.0::737.5,0.0
737.5
2.0,4.0;4.0,2.0::-1502.5,0.0
-1502.5
4.0,2.0;2.0,4.0::737.5,0.0
737.5
2.0,4.0;4.0,3.0::497.5,0.0
497.5
4.0,3.0;2.0,4.0::487.5,0.0
487.5
2.0,4.0;4.0,4.0::-3502.5,0.0
-3502.5
4.0,4.0;2.0,4.0::987.5,0.0
987.5
