0.0,4.0;0.0,4.0::485.0,0.0
485.0
0.0,4.0;0.0,4.0::485.0,0.0
485.0
0.0,4.0;1.0,0.0::-1007.5,0.0
-1007.5
1.0,0.0;0.0,4.0::-1505.0,0.0
-1505.0
0.0,4.0;1.0,1.0::-1007.5,0.0
-1007.5
1.0,1.0;0.0,4.0::-1505.0,0.0
-1505.0
0.0,4.0;1.0,2.0::1492.5,0.0
1492.5
1.0,2.0;0.0,4.0::-1005.0,0.0
-1005.0
0.0,4.0;1.0,3.0::1492.5,0.0
1492.5
1.0,3.0;0.0,4.0::-1005.0,0.0
-1005.0
0.0,4.0;1.0,4.0::1480.0,0.0
1480.0
1.0,4.0;0.0,4.0::-1007.5,0.0
-1007.5
0.0,4.0;2.0,0.0::-1500.0,0.0
-1500.0
2.0,0.0;0.0,4.0::-4000.0,0.0
-4000.0
0.0,4.0;2.0,1.0::-1500.0,0.0
-1500.0
2.0,1.0;0.0,4.0::-4000.0,0.0
-4000.0
0.0,4.0;2.0,2.0::1000.0,0.0
1000.0
2.0,2.0;0.0,4.0::-3500.0,0.0
-3500.0
0.0,4.0;2.0,3.0::1000.0,0.0
1000.0
2.0,3.0;0.0,4.0::-3500.0,0.0
-3500.0
0.0,4.0;2.0,4.0::987.5,0.0
987.5
2.0,4.0;0.0,4.0::-3502.5,0.0
-3502.5
0.0,4.0;3.0,0.0::-1007.5,0.0
-1007.5
3.0,0.0;0.0,4.0::-1505.0,0.0
-1505.0
0.0,4.0;3.0,1.0::-1007.5,0.0
-1007.5
3.0,1.0;0.0,4.0::-1505.0,0.0
-1505.0
0.0,4.0;3.0,2.0::1492.5,0.0
1492.5
3.0,2.0;0.0,4.0::-1005.0,0.0
-1005.0
0.0,4.0;3.0,3.0::1492.5,0.0
1492.5
3.0,3.0;0.0,4.0::-1005.0,0.0
-1005.0
0.0,4.0;3.0,4.0::1480.0,0.0
1480.0
3.0,4.0;0.0,4.0::-1007.5,0.0
-1007.5
0.0,4.0;4.0,0.0::-2002.5,0.0
-2002.5
4.0,0.0;0.0,4.0::-12.5,0.0
-12.5
0.0,4.0;4.0,1.0::-2002.5,0.0
-2002.5
4.0,1.0;0.0,4.0::-12.5,0.0
-12.5
0.0,4.0;4.0,2.0::497.5,0.0
497.5
4.0,2.0;0.0,4.0::487.5,0.0
487.5
0.0,4.0;4.0,3.0::497.5,0.0
497.5
4.0,3.0;0.0,4.0::487.5,0.0
487.5
0.0,4.0;4.0,4.0::485.0,0.0
485.0
4.0,4.0;0.0,4.0::485.0,0.0
485.0
