1.0,2.0;1.0,2.0::-1250.0,0.0
-1250.0
1.0,2.0;1.0,2.0::-1250.0,0.0
-1250.0
1.0,2.0;1.0,3.0::-750.0,0.0
-750.0
1.0,3.0;1.0,2.0::-500.0,0.0
-500.0
1.0,2.0;1.0,4.0::-755.0,0.0
-755.0
1.0,4.0;1.0,2.0::-507.5,0.0
-507.5
1.0,2.0;2.0,0.0::-1750.0,0.0
-1750.0
2.0,0.0;1.0,2.0::-2000.0,0.0
-2000.0
1.0,2.0;2.0,1.0::-1250.0,0.0
-1250.0
2.0,1.0;1.0,2.0::-1250.0,0.0
-1250.0
1.0,2.0;2.0,2.0::-1250.0,0.0
-1250.0
2.0,2.0;1.0,2.0::-1250.0,0.0
-1250.0
1.0,2.0;2.0,3.0::-750.0,0.0
-750.0
2.0,3.0;1.0,2.0::-500.0,0.0
-500.0
1.0,2.0;2.0,4.0::-755.0,0.0
-755.0
2.0,4.0;1.0,2.0::-507.5,0.0
-507.5
1.0,2.0;3.0,0.0::-1500.0,0.0
-1500.0
3.0,0.0;1.0,2.0::-4000.0,0.0
-4000.0
1.0,2.0;3.0,1.0::-1000.0,0.0
-1000.0
3.0,1.0;1.0,2.0::-3250.0,0.0
-3250.0
1.0,2.0;3.0,2.0::-1000.0,0.0
-1000.0
3.0,2.0;1.0,2.0::-3250.0,0.0
-3250.0
1.0,2.0;3.0,3.0::-500.0,0.0
-500.0
3.0,3.0;1.0,2.0::-2500.0,0.0
-2500.0
1.0,2.0;3.0,4.0::-505.0,0.0
-505.0
3.0,4.0;1.0,2.0::-2507.5,0.0
-2507.5
1.0,2.0;4.0,0.0::-2000.0,0.0
-2000.0
4.0,0.0;1.0,2.0::0.0,0.0
0.0
1.0,2.0;4.0,1.0::-1500.0,0.0
-1500.0
4.0,1.0;1.0,2.0::750.0,0.0
750.0
1.0,2.0;4.0,2.0::-1500.0,0.0
-1500.0
4.0,2.0;1.0,2.0::750.0,0.0
750.0
1.0,2.0;4.0,3.0::-1000.0,0.0
-1000.0
4.0,3.0;1.0,2.0::1500.0,0.0
1500.0
1.0,2.0;4.0,4.0::-1005.0,0.0
-1005.0
4.0,4.0;1.0,2.0::1492.5,0.0
1492.5
