1.0,3.0;1.0,3.0::0.0,0.0
0.0
1.0,3.0;1.0,3.0::0.0,0.0
0.0
1.0,3.0;1.0,4.0::-5.0,0.0
-5.0
1.0,4.0;1.0,3.0::-7.5,0.0
-7.5
1.0,3.0;2.0,0.0::-2000.0,0.0
-2000.0
2.0,0.0;1.0,3.0::0.0,0.0
0.0
1.0,3.0;2.0,1.0::-1500.0,0.0
-1500.0
2.0,1.0;1.0,3.0::750.0,0.0
750.0
1.0,3.0;2.0,2.0::-1500.0,0.0
-1500.0
2.0,2.0;1.0,3.0::750.0,0.0
750.0
1.0,3.0;2.0,3.0::-1000.0,0.0
-1000.0
2.0,3.0;1.0,3.0::1500.0,0.0
1500.0
1.0,3.0;2.0,4.0::-1005.0,0.0
-1005.0
2.0,4.0;1.0,3.0::1492.5,0.0
1492.5
1.0,3.0;3.0,0.0::-1000.0,0.0
-1000.0
3.0,0.0;1.0,3.0::-1500.0,0.0
-1500.0
1.0,3.0;3.0,1.0::-500.0,0.0
-500.0
3.0,1.0;1.0,3.0::-750.0,0.0
-750.0
1.0,3.0;3.0,2.0::-500.0,0.0
-500.0
3.0,2.0;1.0,3.0::-750.0,0.0
-750.0
1.0,3.0;3.0,3.0::0.0,0.0
0.0
3.0,3.0;1.0,3.0::0.0,0.0
0.0
1.0,3.0;3.0,4.0::-5.0,0.0
-5.0
3.0,4.0;1.0,3.0::-7.5,0.0
-7.5
1.0,3.0;4.0,0.0::-2000.0,0.0
-2000.0
4.0,0.0;1.0,3.0::0.0,0.0
0.0
1.0,3.0;4.0,1.0::-1500.0,0.0
-1500.0
4.0,1.0;1.0,3.0::750.0,0.0
750.0
1.0,3.0;4.0,2.0::-1500.0,0.0
-1500.0
4.0,2.0;1.0,3.0::750.0,0.0
750.0
1.0,3.0;4.0,3.0::-1000.0,0.0
-1000.0
4.0,3.0;1.0,3.0::1500.0,0.0
1500.0
1.0,3.0;4.0,4.0::-1005.0,0.0
-1005.0
4.0,4.0;1.0,3.0::1492.5,0.0
1492.5
