1.0,4.0;1.0,4.0::-12.5,0.0
-12.5
1.0,4.0;1.0,4.0::-12.5,0.0
-12.5
1.0,4.0;2.0,0.0::-1500.0,0.0
-1500.0
2.0,0.0;1.0,4.0::-4000.0,0.0
-4000.0
1.0,4.0;2.0,1.0::-1000.0,0.0
-1000.0
2.0,1.0;1.0,4.0::-3250.0,0.0
-3250.0
1.0,4.0;2.0,2.0::-1000.0,0.0
-1000.0
2.0,2.0;1.0,4.0::-3250.0,0.0
-3250.0
1.0,4.0;2.0,3.0::-500.0,0.0
-500.0
2.0,3.0;1.0,4.0::-2500.0,0.0
-2500.0
1.0,4.0;2.0,4.0::-505.0,0.0
-505.0
2.0,4.0;1.0,4.0::-2507.5,0.0
-2507.5
1.0,4.0;3.0,0.0::-1007.5,0.0
-1007.5
3.0,0.0;1.0,4.0::-1505.0,0.0
-1505.0
1.0,4.0;3.0,1.0::-507.5,0.0
-507.5
3.0,1.0;1.0,4.0::-755.0,0.0
-755.0
1.0,4.0;3.0,2.0::-507.5,0.0
-507.5
3.0,2.0;1.0,4.0::-755.0,0.0
-755.0
1.0,4.0;3.0,3.0::-7.5,0.0
-7.5
3.0,3.0;1.0,4.0::-5.0,0.0
-5.0
1.0,4.0;3.0,4.0::-12.5,0.0
-12.5
3.0,4.0;1.0,4.0::-12.5,0.0
-12.5
1.0,4.0;4.0,0.0::-2002.5,0.0
-2002.5
4.0,0.0;1.0,4.0::-12.5,0.0
-12.5
1.0,4.0;4.0,1.0::-1502.5,0.0
-1502.5
4.0,1.0;1.0,4.0::737.5,0.0
737.5
1.0,4.0;4.0,2.0::-1502.5,0.0
-1502.5
4.0,2.0;1.0,4.0::737.5,0.0
737.5
1.0,4.0;4.0,3.0::-1002.5,0.0
-1002.5
4.0,3.0;1.0,4.0::1487.5,0.0
1487.5
1.0,4.0;4.0,4.0::-1007.5,0.0
-1007.5
4.0,4.0;1.0,4.0::1480.0,0.0
1480.0
