0.0,0.0,0.0,0.0;0.0,0.0,0.0,0.0::-1441.572499999996,227.7325321923703
-1441.572499999996
0.0,0.0,0.0,0.0;0.0,0.0,0.0,0.0::-1423.3014999999982,205.8727535949058
-1423.3014999999982
0.0,0.0,0.0,0.0;0.0,0.0,0.0,10.0::-1769.7279999999969,657.8805193315866
-1769.7279999999969
0.0,0.0,0.0,10.0;0.0,0.0,0.0,0.0::-1269.2854999999972,313.69258999018194
-1269.2854999999972
0.0,0.0,0.0,0.0;0.0,0.0,10.0,0.0::-1741.8779999999977,543.5734384294359
-1741.8779999999977
0.0,0.0,10.0,0.0;0.0,0.0,0.0,0.0::-1596.8879999999906,200.0275723644115
-1596.8879999999906
0.0,0.0,0.0,0.0;0.0,0.0,10.0,10.0::-2307.771499999998,209.1612819399159
-2307.771499999998
0.0,0.0,10.0,10.0;0.0,0.0,0.0,0.0::-1497.8739999999932,213.08317888561697
-1497.8739999999932
0.0,0.0,0.0,0.0;0.0,10.0,0.0,0.0::-1742.8699999999913,206.8582741879087
-1742.8699999999913
0.0,10.0,0.0,0.0;0.0,0.0,0.0,0.0::-909.9969999999979,142.6579606646567
-909.9969999999979
0.0,0.0,0.0,0.0;0.0,10.0,0.0,10.0::-2156.267999999992,612.0800192997643
-2156.267999999992
0.0,10.0,0.0,10.0;0.0,0.0,0.0,0.0::-788.1659999999973,260.26354238348233
-788.1659999999973
0.0,0.0,0.0,0.0;0.0,10.0,10.0,0.0::-2141.0384999999915,514.9193438712028
-2141.0384999999915
0.0,10.0,10.0,0.0;0.0,0.0,0.0,0.0::-1052.6834999999905,105.16984455037453
-1052.6834999999905
0.0,0.0,0.0,0.0;0.0,10.0,10.0,10.0::-2582.976499999991,313.7854913356415
-2582.976499999991
0.0,10.0,10.0,10.0;0.0,0.0,0.0,0.0::-998.5494999999928,69.40202968753827
-998.5494999999928
0.0,0.0,0.0,0.0;10.0,0.0,0.0,0.0::-1776.5934999999922,177.08586485868935
-1776.5934999999922
10.0,0.0,0.0,0.0;0.0,0.0,0.0,0.0::-902.002999999998,122.22924257721158
-902.002999999998
0.0,0.0,0.0,0.0;10.0,0.0,0.0,10.0::-2117.504499999991,633.8560011980247
-2117.504499999991
10.0,0.0,0.0,10.0;0.0,0.0,0.0,0.0::-773.8384999999971,287.36317664716273
-773.8384999999971
0.0,0.0,0.0,0.0;10.0,0.0,10.0,0.0::-2009.6214999999925,602.0177545660509
-2009.6214999999925
10.0,0.0,10.0,0.0;0.0,0.0,0.0,0.0::-1073.6599999999905,104.79031825507595
-1073.6599999999905
0.0,0.0,0.0,0.0;10.0,0.0,10.0,10.0::-2587.6134999999917,298.23833245032426
-2587.6134999999917
10.0,0.0,10.0,10.0;0.0,0.0,0.0,0.0::-999.8794999999939,75.7340643617512
-999.8794999999939
0.0,0.0,0.0,0.0;10.0,10.0,0.0,0.0::-1744.943999999992,205.89728413458903
-1744.943999999992
10.0,10.0,0.0,0.0;0.0,0.0,0.0,0.0::-926.512499999997,194.99581038768193
-926.512499999997
0.0,0.0,0.0,0.0;10.0,10.0,0.0,10.0::-2073.801499999993,675.4011900883428
-2073.801499999993
10.0,10.0,0.0,10.0;0.0,0.0,0.0,0.0::-766.133499999997,274.4152164198419
-766.133499999997
0.0,0.0,0.0,0.0;10.0,10.0,10.0,0.0::-2049.444499999992,578.2166033544437
-2049.444499999992
10.0,10.0,10.0,0.0;0.0,0.0,0.0,0.0::-1063.97799999999,104.81061332708649
-1063.97799999999
0.0,0.0,0.0,0.0;10.0,10.0,10.0,10.0::-2640.379499999992,155.55873393914592
-2640.379499999992
10.0,10.0,10.0,10.0;0.0,0.0,0.0,0.0::-986.6129999999936,103.38021610056649
-986.6129999999936
