0.0,0.0,0.0,10.0;0.0,0.0,0.0,10.0::-1553.8184999999985,734.3042305698285
-1553.8184999999985
0.0,0.0,0.0,10.0;0.0,0.0,0.0,10.0::-1508.5019999999975,741.4367326994246
-1508.5019999999975
0.0,0.0,0.0,10.0;0.0,0.0,10.0,0.0::-1557.1684999999966,655.8648025185896
-1557.1684999999966
0.0,0.0,10.0,0.0;0.0,0.0,0.0,10.0::-2000.642499999991,648.6229431023473
-2000.642499999991
0.0,0.0,0.0,10.0;0.0,0.0,10.0,10.0::-2125.5554999999968,396.43782185198785
-2125.5554999999968
0.0,0.0,10.0,10.0;0.0,0.0,0.0,10.0::-1902.6794999999945,633.2839211244434
-1902.6794999999945
0.0,0.0,0.0,10.0;0.0,10.0,0.0,0.0::-1772.5509999999829,199.40161922361625
-1772.5509999999829
0.0,10.0,0.0,0.0;0.0,0.0,0.0,10.0::-1988.6989999999976,243.90394482049405
-1988.6989999999976
0.0,0.0,0.0,10.0;0.0,10.0,0.0,10.0::-2095.484999999983,643.2992654084098
-2095.484999999983
0.0,10.0,0.0,10.0;0.0,0.0,0.0,10.0::-1824.961499999997,329.0346853186585
-1824.961499999997
0.0,0.0,0.0,10.0;0.0,10.0,10.0,0.0::-2160.7369999999833,537.5783713385426
-2160.7369999999833
0.0,10.0,10.0,0.0;0.0,0.0,0.0,10.0::-2127.3174999999906,242.35667882018487
-2127.3174999999906
0.0,0.0,0.0,10.0;0.0,10.0,10.0,10.0::-2635.505499999982,199.0747227669801
-2635.505499999982
0.0,10.0,10.0,10.0;0.0,0.0,0.0,10.0::-2083.8304999999946,164.26273297601614
-2083.8304999999946
0.0,0.0,0.0,10.0;10.0,0.0,0.0,0.0::-1482.2019999999952,224.90541322075512
-1482.2019999999952
10.0,0.0,0.0,0.0;0.0,0.0,0.0,10.0::-1900.8829999999975,470.15747198252444
-1900.8829999999975
0.0,0.0,0.0,10.0;10.0,0.0,0.0,10.0::-1811.814499999996,680.9364614372975
-1811.814499999996
10.0,0.0,0.0,10.0;0.0,0.0,0.0,10.0::-1769.8899999999976,523.8217605731918
-1769.8899999999976
0.0,0.0,0.0,10.0;10.0,0.0,10.0,0.0::-1818.2574999999958,500.0318978012797
-1818.2574999999958
10.0,0.0,10.0,0.0;0.0,0.0,0.0,10.0::-2041.8559999999895,473.76189685748284
-2041.8559999999895
0.0,0.0,0.0,10.0;10.0,0.0,10.0,10.0::-2321.0419999999954,281.5388169258344
-2321.0419999999954
10.0,0.0,10.0,10.0;0.0,0.0,0.0,10.0::-1998.1734999999937,440.7784053498422
-1998.1734999999937
0.0,0.0,0.0,10.0;10.0,10.0,0.0,0.0::-1777.9654999999839,203.8936107011441
-1777.9654999999839
10.0,10.0,0.0,0.0;0.0,0.0,0.0,10.0::-1980.6834999999978,203.87710367461364
-1980.6834999999978
0.0,0.0,0.0,10.0;10.0,10.0,0.0,10.0::-2148.0189999999834,626.0301713887278
-2148.0189999999834
10.0,10.0,0.0,10.0;0.0,0.0,0.0,10.0::-1844.1334999999963,348.13102181901047
-1844.1334999999963
0.0,0.0,0.0,10.0;10.0,10.0,10.0,0.0::-2173.614999999983,505.3474313034545
-2173.614999999983
10.0,10.0,10.0,0.0;0.0,0.0,0.0,10.0::-2111.8129999999887,230.2662066630708
-2111.8129999999887
0.0,0.0,0.0,10.0;10.0,10.0,10.0,10.0::-2569.828999999982,361.91777140532815
-2569.828999999982
10.0,10.0,10.0,10.0;0.0,0.0,0.0,10.0::-2083.716999999994,184.04787138405013
-2083.716999999994
