10.0,0.0,10.0,0.0;10.0,0.0,10.0,0.0::-1264.6274999999919,289.31784661294176
-1264.6274999999919
10.0,0.0,10.0,0.0;10.0,0.0,10.0,0.0::-1212.136499999992,245.1434812364989
-1212.136499999992
10.0,0.0,10.0,0.0;10.0,0.0,10.0,10.0::-2554.7514999999917,205.39357115730266
-2554.7514999999917
10.0,0.0,10.0,10.0;10.0,0.0,10.0,0.0::-1078.2334999999905,286.93595383421325
-1078.2334999999905
10.0,0.0,10.0,0.0;10.0,10.0,0.0,0.0::-1216.1314999999918,76.45102015506275
-1216.1314999999918
10.0,10.0,0.0,0.0;10.0,0.0,10.0,0.0::-1299.9534999999926,338.3721257916348
-1299.9534999999926
10.0,0.0,10.0,0.0;10.0,10.0,0.0,10.0::-2205.6199999999917,445.8852129191994
-2205.6199999999917
10.0,10.0,0.0,10.0;10.0,0.0,10.0,0.0::-1042.671999999996,334.9312575230904
-1042.671999999996
10.0,0.0,10.0,0.0;10.0,10.0,10.0,0.0::-1223.9169999999926,272.94546984883124
-1223.9169999999926
10.0,10.0,10.0,0.0;10.0,0.0,10.0,0.0::-1278.397999999992,368.49901071237605
-1278.397999999992
10.0,0.0,10.0,0.0;10.0,10.0,10.0,10.0::-2520.5904999999907,288.60405677112334
-2520.5904999999907
10.0,10.0,10.0,10.0;10.0,0.0,10.0,0.0::-1116.0664999999913,238.01734422673812
-1116.0664999999913
