10.0,0.0,10.0,10.0;10.0,0.0,10.0,10.0::-2365.205999999991,277.88773743006305
-2365.205999999991
10.0,0.0,10.0,10.0;10.0,0.0,10.0,10.0::-2366.8544999999904,247.09657556257184
-2366.8544999999904
10.0,0.0,10.0,10.0;10.0,10.0,0.0,0.0::-1250.8654999999835,83.67602903310872
-1250.8654999999835
10.0,10.0,0.0,0.0;10.0,0.0,10.0,10.0::-2354.3754999999915,225.69289936714918
-2354.3754999999915
10.0,0.0,10.0,10.0;10.0,10.0,0.0,10.0::-2195.666499999984,470.1134371646377
-2195.666499999984
10.0,10.0,0.0,10.0;10.0,0.0,10.0,10.0::-2084.712499999996,236.33987109404174
-2084.712499999996
10.0,0.0,10.0,10.0;10.0,10.0,10.0,0.0::-1272.1829999999836,229.4130189439993
-1272.1829999999836
10.0,10.0,10.0,0.0;10.0,0.0,10.0,10.0::-2316.7634999999905,268.78118459585335
-2316.7634999999905
10.0,0.0,10.0,10.0;10.0,10.0,10.0,10.0::-2564.5574999999835,231.17209124102723
-2564.5574999999835
10.0,10.0,10.0,10.0;10.0,0.0,10.0,10.0::-2176.6829999999904,252.25526299960515
-2176.6829999999904
