10.0,10.0,0.0,0.0;10.0,10.0,0.0,0.0::-1217.2569999999923,73.17729566607281
-1217.2569999999923
10.0,10.0,0.0,0.0;10.0,10.0,0.0,0.0::-1240.7389999999912,132.0948537188333
-1240.7389999999912
10.0,10.0,0.0,0.0;10.0,10.0,0.0,10.0::-2315.2804999999926,179.129800828198
-2315.2804999999926
10.0,10.0,0.0,10.0;10.0,10.0,0.0,0.0::-1258.3914999999827,124.55296946580532
-1258.3914999999827
10.0,10.0,0.0,0.0;10.0,10.0,10.0,0.0::-1264.9169999999917,280.6482880956161
-1264.9169999999917
10.0,10.0,10.0,0.0;10.0,10.0,0.0,0.0::-1234.3379999999918,99.70385426852818
-1234.3379999999918
10.0,10.0,0.0,0.0;10.0,10.0,10.0,10.0::-2355.9054999999917,194.34728013211264
-2355.9054999999917
10.0,10.0,10.0,10.0;10.0,10.0,0.0,0.0::-1266.4204999999833,122.39185636613978
-1266.4204999999833
