10.0,10.0,0.0,10.0;10.0,10.0,0.0,10.0::-2350.556999999982,94.44352069358594
-2350.556999999982
10.0,10.0,0.0,10.0;10.0,10.0,0.0,10.0::-2346.772499999983,140.11862998455928
-2346.772499999983
10.0,10.0,0.0,10.0;10.0,10.0,10.0,0.0::-1281.4794999999838,288.9907133538203
-1281.4794999999838
10.0,10.0,10.0,0.0;10.0,10.0,0.0,10.0::-2312.9749999999913,196.06724477841715
-2312.9749999999913
10.0,10.0,0.0,10.0;10.0,10.0,10.0,10.0::-2410.500499999983,32.508837640708876
-2410.500499999983
10.0,10.0,10.0,10.0;10.0,10.0,0.0,10.0::-2355.8319999999835,122.6652258221538
-2355.8319999999835
