0.0,0.0,10.0,0.0;0.0,0.0,10.0,0.0::-1908.5619999999908,578.3847845560947
-1908.5619999999908
0.0,0.0,10.0,0.0;0.0,0.0,10.0,0.0::-1941.8359999999916,557.4275572251513
-1941.8359999999916
0.0,0.0,10.0,0.0;0.0,0.0,10.0,10.0::-2435.1864999999902,229.78856432109555
-2435.1864999999902
0.0,0.0,10.0,10.0;0.0,0.0,10.0,0.0::-1858.7074999999938,542.2733976683253
-1858.7074999999938
0.0,0.0,10.0,0.0;0.0,10.0,0.0,0.0::-1730.2789999999916,229.50587205777518
-1730.2789999999916
0.0,10.0,0.0,0.0;0.0,0.0,10.0,0.0::-944.7984999999978,267.7679470600412
-944.7984999999978
0.0,0.0,10.0,0.0;0.0,10.0,0.0,10.0::-2073.1644999999917,656.0957536935831
-2073.1644999999917
0.0,10.0,0.0,10.0;0.0,0.0,10.0,0.0::-804.0004999999974,320.03584920247414
-804.0004999999974
0.0,0.0,10.0,0.0;0.0,10.0,10.0,0.0::-2047.1244999999915,553.3490304724045
-2047.1244999999915
0.0,10.0,10.0,0.0;0.0,0.0,10.0,0.0::-1086.69799999999,286.20745622013413
-1086.69799999999
0.0,0.0,10.0,0.0;0.0,10.0,10.0,10.0::-2587.406999999992,274.05083205675595
-2587.406999999992
0.0,10.0,10.0,10.0;0.0,0.0,10.0,0.0::-1056.5174999999936,270.33239265531944
-1056.5174999999936
0.0,0.0,10.0,0.0;10.0,0.0,0.0,0.0::-1744.3899999999915,185.6577208197924
-1744.3899999999915
10.0,0.0,0.0,0.0;0.0,0.0,10.0,0.0::-924.2869999999967,279.0487406905814
-924.2869999999967
0.0,0.0,10.0,0.0;10.0,0.0,0.0,10.0::-2051.483499999991,648.3563236776135
-2051.483499999991
10.0,0.0,0.0,10.0;0.0,0.0,10.0,0.0::-745.2799999999971,376.0656090365069
-745.2799999999971
0.0,0.0,10.0,0.0;10.0,0.0,10.0,0.0::-2132.4764999999916,546.052804289796
-2132.4764999999916
10.0,0.0,10.0,0.0;0.0,0.0,10.0,0.0::-1053.722999999991,276.2796427010139
-1053.722999999991
0.0,0.0,10.0,0.0;10.0,0.0,10.0,10.0::-2628.4599999999905,188.1291367651487
-2628.4599999999905
10.0,0.0,10.0,10.0;0.0,0.0,10.0,0.0::-1019.2894999999934,287.3514735733052
-1019.2894999999934
0.0,0.0,10.0,0.0;10.0,10.0,0.0,0.0::-1731.6834999999921,215.64504237925286
-1731.6834999999921
10.0,10.0,0.0,0.0;0.0,0.0,10.0,0.0::-916.8229999999976,271.84278870516044
-916.8229999999976
0.0,0.0,10.0,0.0;10.0,10.0,0.0,10.0::-2124.8679999999913,639.6423421928844
-2124.8679999999913
10.0,10.0,0.0,10.0;0.0,0.0,10.0,0.0::-842.8984999999968,397.3960308970743
-842.8984999999968
0.0,0.0,10.0,0.0;10.0,10.0,10.0,0.0::-2098.8564999999912,560.5544547434711
-2098.8564999999912
10.0,10.0,10.0,0.0;0.0,0.0,10.0,0.0::-1088.2864999999908,265.89243801347607
-1088.2864999999908
0.0,0.0,10.0,0.0;10.0,10.0,10.0,10.0::-2601.7034999999923,212.02134494609288
-2601.7034999999923
10.0,10.0,10.0,10.0;0.0,0.0,10.0,0.0::-1009.8359999999938,241.73860449667524
-1009.8359999999938
