0.0,0.0,10.0,10.0;0.0,0.0,10.0,10.0::-2342.131499999993,302.9700819928429
-2342.131499999993
0.0,0.0,10.0,10.0;0.0,0.0,10.0,10.0::-2321.486999999994,335.4365348780599
-2321.486999999994
0.0,0.0,10.0,10.0;0.0,10.0,0.0,0.0::-1787.2219999999843,147.1514745627784
-1787.2219999999843
0.0,10.0,0.0,0.0;0.0,0.0,10.0,10.0::-2003.8119999999967,262.8471714818307
-2003.8119999999967
0.0,0.0,10.0,10.0;0.0,10.0,0.0,10.0::-2218.8729999999837,640.9133981443982
-2218.8729999999837
0.0,10.0,0.0,10.0;0.0,0.0,10.0,10.0::-1877.6764999999962,390.22259125113254
-1877.6764999999962
0.0,0.0,10.0,10.0;0.0,10.0,10.0,0.0::-2143.3889999999847,540.8878558250317
-2143.3889999999847
0.0,10.0,10.0,0.0;0.0,0.0,10.0,10.0::-2155.5284999999913,263.9769045063412
-2155.5284999999913
0.0,0.0,10.0,10.0;0.0,10.0,10.0,10.0::-2606.4194999999822,273.8656733596783
-2606.4194999999822
0.0,10.0,10.0,10.0;0.0,0.0,10.0,10.0::-2137.3199999999943,119.0992229193787
-2137.3199999999943
0.0,0.0,10.0,10.0;10.0,0.0,0.0,0.0::-1547.9829999999915,209.3351066137728
-1547.9829999999915
10.0,0.0,0.0,0.0;0.0,0.0,10.0,10.0::-2216.5054999999975,260.9558692475582
-2216.5054999999975
0.0,0.0,10.0,10.0;10.0,0.0,0.0,10.0::-1929.6029999999903,635.4599763092878
-1929.6029999999903
10.0,0.0,0.0,10.0;0.0,0.0,10.0,10.0::-2071.448999999997,375.07410427673926
-2071.448999999997
0.0,0.0,10.0,10.0;10.0,0.0,10.0,0.0::-1968.91299999999,480.646492893686
-1968.91299999999
10.0,0.0,10.0,0.0;0.0,0.0,10.0,10.0::-2372.4874999999897,210.75257416873902
-2372.4874999999897
0.0,0.0,10.0,10.0;10.0,0.0,10.0,10.0::-2482.1834999999905,100.93945315261918
-2482.1834999999905
10.0,0.0,10.0,10.0;0.0,0.0,10.0,10.0::-2279.329499999994,245.10185750979107
-2279.329499999994
0.0,0.0,10.0,10.0;10.0,10.0,0.0,0.0::-1750.794499999984,227.85997475368475
-1750.794499999984
10.0,10.0,0.0,0.0;0.0,0.0,10.0,10.0::-2011.1184999999978,278.8315698280033
-2011.1184999999978
0.0,0.0,10.0,10.0;10.0,10.0,0.0,10.0::-2265.3979999999838,593.5022625028481
-2265.3979999999838
10.0,10.0,0.0,10.0;0.0,0.0,10.0,10.0::-1955.9994999999963,321.157850246181
-1955.9994999999963
0.0,0.0,10.0,10.0;10.0,10.0,10.0,0.0::-2127.7034999999823,537.725041552604
-2127.7034999999823
10.0,10.0,10.0,0.0;0.0,0.0,10.0,10.0::-2168.61299999999,248.11044734351725
-2168.61299999999
0.0,0.0,10.0,10.0;10.0,10.0,10.0,10.0::-2595.127999999983,281.34151278472893
-2595.127999999983
10.0,10.0,10.0,10.0;0.0,0.0,10.0,10.0::-2086.7994999999933,263.1076325855058
-2086.7994999999933
