0.0,10.0,0.0,0.0;0.0,10.0,0.0,0.0::-1223.366499999992,96.13533951024398
-1223.366499999992
0.0,10.0,0.0,0.0;0.0,10.0,0.0,0.0::-1238.3269999999916,50.080478442203436
-1238.3269999999916
0.0,10.0,0.0,0.0;0.0,10.0,0.0,10.0::-2295.224999999993,196.25145292455778
-2295.224999999993
0.0,10.0,0.0,10.0;0.0,10.0,0.0,0.0::-1253.7119999999836,45.264663436282966
-1253.7119999999836
0.0,10.0,0.0,0.0;0.0,10.0,10.0,0.0::-1254.7259999999912,251.1165087643583
-1254.7259999999912
0.0,10.0,10.0,0.0;0.0,10.0,0.0,0.0::-1227.9794999999917,51.92737914385834
-1227.9794999999917
0.0,10.0,0.0,0.0;0.0,10.0,10.0,10.0::-2357.330999999992,189.4497159908137
-2357.330999999992
0.0,10.0,10.0,10.0;0.0,10.0,0.0,0.0::-1253.1374999999832,48.05782682092485
-1253.1374999999832
0.0,10.0,0.0,0.0;10.0,0.0,0.0,0.0::-1230.4019999999912,51.39826744161708
-1230.4019999999912
10.0,0.0,0.0,0.0;0.0,10.0,0.0,0.0::-1228.4609999999911,45.71539433276272
-1228.4609999999911
0.0,10.0,0.0,0.0;10.0,0.0,0.0,10.0::-2330.404999999992,120.9797184448699
-2330.404999999992
10.0,0.0,0.0,10.0;0.0,10.0,0.0,0.0::-1255.1499999999826,46.44714253858886
-1255.1499999999826
0.0,10.0,0.0,0.0;10.0,0.0,10.0,0.0::-1279.4184999999923,264.6596892855993
-1279.4184999999923
10.0,0.0,10.0,0.0;0.0,10.0,0.0,0.0::-1231.6174999999919,52.5045709319666
-1231.6174999999919
0.0,10.0,0.0,0.0;10.0,0.0,10.0,10.0::-2301.9459999999917,304.9908219668256
-2301.9459999999917
10.0,0.0,10.0,10.0;0.0,10.0,0.0,0.0::-1259.307499999983,118.64236371865572
-1259.307499999983
0.0,10.0,0.0,0.0;10.0,10.0,0.0,0.0::-1229.5719999999917,57.86191032103875
-1229.5719999999917
10.0,10.0,0.0,0.0;0.0,10.0,0.0,0.0::-1236.9664999999911,50.88439203478811
-1236.9664999999911
0.0,10.0,0.0,0.0;10.0,10.0,0.0,10.0::-2298.1314999999922,223.8942580388114
-2298.1314999999922
10.0,10.0,0.0,10.0;0.0,10.0,0.0,0.0::-1269.6244999999835,88.85219285279327
-1269.6244999999835
0.0,10.0,0.0,0.0;10.0,10.0,10.0,0.0::-1275.8929999999918,297.0936803451056
-1275.8929999999918
10.0,10.0,10.0,0.0;0.0,10.0,0.0,0.0::-1237.1574999999918,101.3811509539609
-1237.1574999999918
0.0,10.0,0.0,0.0;10.0,10.0,10.0,10.0::-2357.7654999999927,191.45855578884408
-2357.7654999999927
10.0,10.0,10.0,10.0;0.0,10.0,0.0,0.0::-1248.367999999983,54.726609396160946
-1248.367999999983
