0.0,10.0,0.0,10.0;0.0,10.0,0.0,10.0::-2325.1114999999822,219.36418256577343
-2325.1114999999822
0.0,10.0,0.0,10.0;0.0,10.0,0.0,10.0::-2354.5464999999836,121.6227658078454
-2354.5464999999836
0.0,10.0,0.0,10.0;0.0,10.0,10.0,0.0::-1327.6839999999836,268.72477136282026
-1327.6839999999836
0.0,10.0,10.0,0.0;0.0,10.0,0.0,10.0::-2343.0919999999905,58.58442955256966
-2343.0919999999905
0.0,10.0,0.0,10.0;0.0,10.0,10.0,10.0::-2377.237999999984,187.85539852769736
-2377.237999999984
0.0,10.0,10.0,10.0;0.0,10.0,0.0,10.0::-2312.874999999983,266.79948955161075
-2312.874999999983
0.0,10.0,0.0,10.0;10.0,0.0,0.0,0.0::-954.2664999999954,151.02079063078796
-954.2664999999954
10.0,0.0,0.0,0.0;0.0,10.0,0.0,10.0::-2194.167499999991,445.36539287280743
-2194.167499999991
0.0,10.0,0.0,10.0;10.0,0.0,0.0,10.0::-2050.5599999999963,205.74375045186304
-2050.5599999999963
10.0,0.0,0.0,10.0;0.0,10.0,0.0,10.0::-2228.1359999999827,438.54092209735677
-2228.1359999999827
0.0,10.0,0.0,10.0;10.0,0.0,10.0,0.0::-969.3429999999956,255.95728862643986
-969.3429999999956
10.0,0.0,10.0,0.0;0.0,10.0,0.0,10.0::-2173.7359999999926,469.36203223524564
-2173.7359999999926
0.0,10.0,0.0,10.0;10.0,0.0,10.0,10.0::-2035.2229999999975,246.05185910900673
-2035.2229999999975
10.0,0.0,10.0,10.0;0.0,10.0,0.0,10.0::-2159.4759999999837,449.5862107249285
-2159.4759999999837
0.0,10.0,0.0,10.0;10.0,10.0,0.0,0.0::-1236.7139999999845,102.49810488003821
-1236.7139999999845
10.0,10.0,0.0,0.0;0.0,10.0,0.0,10.0::-2311.381499999993,229.7632157956316
-2311.381499999993
0.0,10.0,0.0,10.0;10.0,10.0,0.0,10.0::-2334.706999999983,191.102510059392
-2334.706999999983
10.0,10.0,0.0,10.0;0.0,10.0,0.0,10.0::-2367.161499999984,53.441142322652595
-2367.161499999984
0.0,10.0,0.0,10.0;10.0,10.0,10.0,0.0::-1279.6584999999834,315.9503172221066
-1279.6584999999834
10.0,10.0,10.0,0.0;0.0,10.0,0.0,10.0::-2318.1619999999925,146.00750787545067
-2318.1619999999925
0.0,10.0,0.0,10.0;10.0,10.0,10.0,10.0::-2371.4979999999846,194.7432861384436
-2371.4979999999846
10.0,10.0,10.0,10.0;0.0,10.0,0.0,10.0::-2291.8399999999833,252.49727087634048
-2291.8399999999833
