0.0,10.0,10.0,0.0;0.0,10.0,10.0,0.0::-1291.3419999999905,307.51620824925584
-1291.3419999999905
0.0,10.0,10.0,0.0;0.0,10.0,10.0,0.0::-1261.3354999999922,253.29211982363378
-1261.3354999999922
0.0,10.0,10.0,0.0;0.0,10.0,10.0,10.0::-2354.7139999999927,191.39592851991395
-2354.7139999999927
0.0,10.0,10.0,10.0;0.0,10.0,10.0,0.0::-1250.9859999999833,238.25456544209106
-1250.9859999999833
0.0,10.0,10.0,0.0;10.0,0.0,0.0,0.0::-1232.0749999999912,48.5740236649175
-1232.0749999999912
10.0,0.0,0.0,0.0;0.0,10.0,10.0,0.0::-1265.930499999991,255.6578268795033
-1265.930499999991
0.0,10.0,10.0,0.0;10.0,0.0,0.0,10.0::-2317.938499999991,162.70895086856788
-2317.938499999991
10.0,0.0,0.0,10.0;0.0,10.0,10.0,0.0::-1325.3994999999832,268.4602480345088
-1325.3994999999832
0.0,10.0,10.0,0.0;10.0,0.0,10.0,0.0::-1290.0644999999913,256.05922804060395
-1290.0644999999913
10.0,0.0,10.0,0.0;0.0,10.0,10.0,0.0::-1264.2194999999917,263.9122011100471
-1264.2194999999917
0.0,10.0,10.0,0.0;10.0,0.0,10.0,10.0::-2355.7219999999916,187.60325601118961
-2355.7219999999916
10.0,0.0,10.0,10.0;0.0,10.0,10.0,0.0::-1274.2539999999833,201.80447897408015
-1274.2539999999833
0.0,10.0,10.0,0.0;10.0,10.0,0.0,0.0::-1215.5219999999917,93.33260907099746
-1215.5219999999917
10.0,10.0,0.0,0.0;0.0,10.0,10.0,0.0::-1328.5364999999917,330.56734675819087
-1328.5364999999917
0.0,10.0,10.0,0.0;10.0,10.0,0.0,10.0::-2304.7514999999926,194.61269131983653
-2304.7514999999926
10.0,10.0,0.0,10.0;0.0,10.0,10.0,0.0::-1300.106999999983,228.87273112146826
-1300.106999999983
0.0,10.0,10.0,0.0;10.0,10.0,10.0,0.0::-1263.724999999992,234.255998802592
-1263.724999999992
10.0,10.0,10.0,0.0;0.0,10.0,10.0,0.0::-1276.8144999999913,267.52248300797083
-1276.8144999999913
0.0,10.0,10.0,0.0;10.0,10.0,10.0,10.0::-2305.8924999999913,300.65663732695117
-2305.8924999999913
10.0,10.0,10.0,10.0;0.0,10.0,10.0,0.0::-1302.4084999999839,274.3563573215495
-1302.4084999999839
