0.0,10.0,10.0,10.0;0.0,10.0,10.0,10.0::-2387.686499999984,155.9439702032433
-2387.686499999984
0.0,10.0,10.0,10.0;0.0,10.0,10.0,10.0::-2364.569999999984,216.6728017080129
-2364.569999999984
0.0,10.0,10.0,10.0;10.0,0.0,0.0,0.0::-1064.0819999999915,79.49357537562251
-1064.0819999999915
10.0,0.0,0.0,0.0;0.0,10.0,10.0,10.0::-2497.885499999992,326.96666575470664
-2497.885499999992
0.0,10.0,10.0,10.0;10.0,0.0,0.0,10.0::-2143.094999999991,221.894352170126
-2143.094999999991
10.0,0.0,0.0,10.0;0.0,10.0,10.0,10.0::-2541.382499999982,263.82733059474714
-2541.382499999982
0.0,10.0,10.0,10.0;10.0,0.0,10.0,0.0::-1128.360999999991,299.6617068111971
-1128.360999999991
10.0,0.0,10.0,0.0;0.0,10.0,10.0,10.0::-2517.7564999999904,300.6545692031801
-2517.7564999999904
0.0,10.0,10.0,10.0;10.0,0.0,10.0,10.0::-2180.0759999999914,189.6456473900724
-2180.0759999999914
10.0,0.0,10.0,10.0;0.0,10.0,10.0,10.0::-2577.0254999999834,181.37083730509107
-2577.0254999999834
0.0,10.0,10.0,10.0;10.0,10.0,0.0,0.0::-1255.1999999999834,47.69386490944078
-1255.1999999999834
10.0,10.0,0.0,0.0;0.0,10.0,10.0,10.0::-2322.016499999992,259.3897011308467
-2322.016499999992
0.0,10.0,10.0,10.0;10.0,10.0,0.0,10.0::-2337.2324999999832,193.03558251977637
-2337.2324999999832
10.0,10.0,0.0,10.0;0.0,10.0,10.0,10.0::-2337.911999999983,280.9668283018478
-2337.911999999983
0.0,10.0,10.0,10.0;10.0,10.0,10.0,0.0::-1325.793999999983,235.8834480500911
-1325.793999999983
10.0,10.0,10.0,0.0;0.0,10.0,10.0,10.0::-2378.1829999999914,109.84870782580897
-2378.1829999999914
0.0,10.0,10.0,10.0;10.0,10.0,10.0,10.0::-2372.7724999999828,212.92638239248333
-2372.7724999999828
10.0,10.0,10.0,10.0;0.0,10.0,10.0,10.0::-2333.4309999999828,280.0680675103822
-2333.4309999999828
