10.0,0.0,0.0,0.0;10.0,0.0,0.0,0.0::-1231.550499999992,48.113325854174924
-1231.550499999992
10.0,0.0,0.0,0.0;10.0,0.0,0.0,0.0::-1233.3049999999912,50.161128127266224
-1233.3049999999912
10.0,0.0,0.0,0.0;10.0,0.0,0.0,10.0::-2112.0194999999912,476.38418030487753
-2112.0194999999912
10.0,0.0,0.0,10.0;10.0,0.0,0.0,0.0::-974.8829999999964,177.0291479135526
-974.8829999999964
10.0,0.0,0.0,0.0;10.0,0.0,10.0,0.0::-1282.603499999992,307.8962247458549
-1282.603499999992
10.0,0.0,10.0,0.0;10.0,0.0,0.0,0.0::-1236.4394999999918,51.46874697085576
-1236.4394999999918
10.0,0.0,0.0,0.0;10.0,0.0,10.0,10.0::-2532.0839999999916,252.48468873181193
-2532.0839999999916
10.0,0.0,10.0,10.0;10.0,0.0,0.0,0.0::-1072.8509999999908,103.3885972871274
-1072.8509999999908
10.0,0.0,0.0,0.0;10.0,10.0,0.0,0.0::-1221.0619999999922,86.20436825358564
-1221.0619999999922
10.0,10.0,0.0,0.0;10.0,0.0,0.0,0.0::-1264.0149999999912,136.429787344993
-1264.0149999999912
10.0,0.0,0.0,0.0;10.0,10.0,0.0,10.0::-2227.6989999999932,430.1179151104963
-2227.6989999999932
10.0,10.0,0.0,10.0;10.0,0.0,0.0,0.0::-962.9119999999962,158.56028130019973
-962.9119999999962
10.0,0.0,0.0,0.0;10.0,10.0,10.0,0.0::-1258.1759999999913,243.08096145934576
-1258.1759999999913
10.0,10.0,10.0,0.0;10.0,0.0,0.0,0.0::-1233.607499999992,49.76253981410035
-1233.607499999992
10.0,0.0,0.0,0.0;10.0,10.0,10.0,10.0::-2533.7204999999917,242.53687112426817
-2533.7204999999917
10.0,10.0,10.0,10.0;10.0,0.0,0.0,0.0::-1078.0484999999908,124.69852393973986
-1078.0484999999908
