10.0,0.0,0.0,10.0;10.0,0.0,0.0,10.0::-1945.5119999999959,429.2630080801269
-1945.5119999999959
10.0,0.0,0.0,10.0;10.0,0.0,0.0,10.0::-1961.7509999999959,416.7450931312806
-1961.7509999999959
10.0,0.0,0.0,10.0;10.0,0.0,10.0,0.0::-982.6609999999965,280.6172239528393
-982.6609999999965
10.0,0.0,10.0,0.0;10.0,0.0,0.0,10.0::-2196.168999999991,424.4267319443955
-2196.168999999991
10.0,0.0,0.0,10.0;10.0,0.0,10.0,10.0::-2254.391499999995,313.69661562208245
-2254.391499999995
10.0,0.0,10.0,10.0;10.0,0.0,0.0,10.0::-2043.1489999999894,459.05045686612686
-2043.1489999999894
10.0,0.0,0.0,10.0;10.0,10.0,0.0,0.0::-1246.4424999999837,77.11773251820657
-1246.4424999999837
10.0,10.0,0.0,0.0;10.0,0.0,0.0,10.0::-2313.6634999999933,183.91462677761652
-2313.6634999999933
10.0,0.0,0.0,10.0;10.0,10.0,0.0,10.0::-2265.035499999982,429.8450471562394
-2265.035499999982
10.0,10.0,0.0,10.0;10.0,0.0,0.0,10.0::-2006.5714999999964,288.16682115182584
-2006.5714999999964
10.0,0.0,0.0,10.0;10.0,10.0,10.0,0.0::-1257.9259999999836,257.7825506584958
-1257.9259999999836
10.0,10.0,10.0,0.0;10.0,0.0,0.0,10.0::-2330.4849999999924,100.30874700144606
-2330.4849999999924
10.0,0.0,0.0,10.0;10.0,10.0,10.0,10.0::-2549.466999999983,260.4044867336195
-2549.466999999983
10.0,10.0,10.0,10.0;10.0,0.0,0.0,10.0::-2127.513499999991,220.02455906727693
-2127.513499999991
