0.0,0.0,0.0,0.0;0.0,0.0,0.0,0.0::-1441.572499999996,227.7325321923703
-1441.572499999996
0.0,0.0,0.0,0.0;0.0,0.0,0.0,0.0::-1423.3014999999982,205.8727535949058
-1423.3014999999982
0.0,0.0,0.0,0.0;0.0,0.0,0.0,10.0::-1769.7279999999969,657.8805193315866
-1769.7279999999969
0.0,0.0,0.0,10.0;0.0,0.0,0.0,0.0::-1269.2854999999972,313.69258999018194
-1269.2854999999972
0.0,0.0,0.0,0.0;0.0,0.0,10.0,0.0::-1741.8779999999977,543.5734384294359
-1741.8779999999977
0.0,0.0,10.0,0.0;0.0,0.0,0.0,0.0::-1596.8879999999906,200.0275723644115
-1596.8879999999906
0.0,0.0,0.0,0.0;0.0,0.0,10.0,10.0::-2307.771499999998,209.1612819399159
-2307.771499999998
0.0,0.0,10.0,10.0;0.0,0.0,0.0,0.0::-1497.8739999999932,213.08317888561697
-1497.8739999999932
0.0,0.0,0.0,0.0;0.0,10.0,0.0,0.0::-1742.8699999999913,206.8582741879087
-1742.8699999999913
0.0,10.0,0.0,0.0;0.0,0.0,0.0,0.0::-909.9969999999979,142.6579606646567
-909.9969999999979
0.0,0.0,0.0,0.0;0.0,10.0,0.0,10.0::-2156.267999999992,612.0800192997643
-2156.267999999992
0.0,10.0,0.0,10.0;0.0,0.0,0.0,0.0::-788.1659999999973,260.26354238348233
-788.1659999999973
0.0,0.0,0.0,0.0;0.0,10.0,10.0,0.0::-2141.0384999999915,514.9193438712028
-2141.0384999999915
0.0,10.0,10.0,0.0;0.0,0.0,0.0,0.0::-1052.6834999999905,105.16984455037453
-1052.6834999999905
0.0,0.0,0.0,0.0;0.0,10.0,10.0,10.0::-2582.976499999991,313.7854913356415
-2582.976499999991
0.0,10.0,10.0,10.0;0.0,0.0,0.0,0.0::-998.5494999999928,69.40202968753827
-998.5494999999928
0.0,0.0,0.0,0.0;10.0,0.0,0.0,0.0::-1776.5934999999922,177.08586485868935
-1776.5934999999922
10.0,0.0,0.0,0.0;0.0,0.0,0.0,0.0::-902.002999999998,122.22924257721158
-902.002999999998
0.0,0.0,0.0,0.0;10.0,0.0,0.0,10.0::-2117.504499999991,633.8560011980247
-2117.504499999991
10.0,0.0,0.0,10.0;0.0,0.0,0.0,0.0::-773.8384999999971,287.36317664716273
-773.8384999999971
0.0,0.0,0.0,0.0;10.0,0.0,10.0,0.0::-2009.6214999999925,602.0177545660509
-2009.6214999999925
10.0,0.0,10.0,0.0;0.0,0.0,0.0,0.0::-1073.6599999999905,104.79031825507595
-1073.6599999999905
0.0,0.0,0.0,0.0;10.0,0.0,10.0,10.0::-2587.6134999999917,298.23833245032426
-2587.6134999999917
10.0,0.0,10.0,10.0;0.0,0.0,0.0,0.0::-999.8794999999939,75.7340643617512
-999.8794999999939
0.0,0.0,0.0,0.0;10.0,10.0,0.0,0.0::-1744.943999999992,205.89728413458903
-1744.943999999992
10.0,10.0,0.0,0.0;0.0,0.0,0.0,0.0::-926.512499999997,194.99581038768193
-926.512499999997
0.0,0.0,0.0,0.0;10.0,10.0,0.0,10.0::-2073.801499999993,675.4011900883428
-2073.801499999993
10.0,10.0,0.0,10.0;0.0,0.0,0.0,0.0::-766.133499999997,274.4152164198419
-766.133499999997
0.0,0.0,0.0,0.0;10.0,10.0,10.0,0.0::-2049.444499999992,578.2166033544437
-2049.444499999992
10.0,10.0,10.0,0.0;0.0,0.0,0.0,0.0::-1063.97799999999,104.81061332708649
-1063.97799999999
0.0,0.0,0.0,0.0;10.0,10.0,10.0,10.0::-2640.379499999992,155.55873393914592
-2640.379499999992
10.0,10.0,10.0,10.0;0.0,0.0,0.0,0.0::-986.6129999999936,103.38021610056649
-986.6129999999936
0.0,0.0,0.0,10.0;0.0,0.0,0.0,10.0::-1553.8184999999985,734.3042305698285
-1553.8184999999985
0.0,0.0,0.0,10.0;0.0,0.0,0.0,10.0::-1508.5019999999975,741.4367326994246
-1508.5019999999975
0.0,0.0,0.0,10.0;0.0,0.0,10.0,0.0::-1557.1684999999966,655.8648025185896
-1557.1684999999966
0.0,0.0,10.0,0.0;0.0,0.0,0.0,10.0::-2000.642499999991,648.6229431023473
-2000.642499999991
0.0,0.0,0.0,10.0;0.0,0.0,10.0,10.0::-2125.5554999999968,396.43782185198785
-2125.5554999999968
0.0,0.0,10.0,10.0;0.0,0.0,0.0,10.0::-1902.6794999999945,633.2839211244434
-1902.6794999999945
0.0,0.0,0.0,10.0;0.0,10.0,0.0,0.0::-1772.5509999999829,199.40161922361625
-1772.5509999999829
0.0,10.0,0.0,0.0;0.0,0.0,0.0,10.0::-1988.6989999999976,243.90394482049405
-1988.6989999999976
0.0,0.0,0.0,10.0;0.0,10.0,0.0,10.0::-2095.484999999983,643.2992654084098
-2095.484999999983
0.0,10.0,0.0,10.0;0.0,0.0,0.0,10.0::-1824.961499999997,329.0346853186585
-1824.961499999997
0.0,0.0,0.0,10.0;0.0,10.0,10.0,0.0::-2160.7369999999833,537.5783713385426
-2160.7369999999833
0.0,10.0,10.0,0.0;0.0,0.0,0.0,10.0::-2127.3174999999906,242.35667882018487
-2127.3174999999906
0.0,0.0,0.0,10.0;0.0,10.0,10.0,10.0::-2635.505499999982,199.0747227669801
-2635.505499999982
0.0,10.0,10.0,10.0;0.0,0.0,0.0,10.0::-2083.8304999999946,164.26273297601614
-2083.8304999999946
0.0,0.0,0.0,10.0;10.0,0.0,0.0,0.0::-1482.2019999999952,224.90541322075512
-1482.2019999999952
10.0,0.0,0.0,0.0;0.0,0.0,0.0,10.0::-1900.8829999999975,470.15747198252444
-1900.8829999999975
0.0,0.0,0.0,10.0;10.0,0.0,0.0,10.0::-1811.814499999996,680.9364614372975
-1811.814499999996
10.0,0.0,0.0,10.0;0.0,0.0,0.0,10.0::-1769.8899999999976,523.8217605731918
-1769.8899999999976
0.0,0.0,0.0,10.0;10.0,0.0,10.0,0.0::-1818.2574999999958,500.0318978012797
-1818.2574999999958
10.0,0.0,10.0,0.0;0.0,0.0,0.0,10.0::-2041.8559999999895,473.76189685748284
-2041.8559999999895
0.0,0.0,0.0,10.0;10.0,0.0,10.0,10.0::-2321.0419999999954,281.5388169258344
-2321.0419999999954
10.0,0.0,10.0,10.0;0.0,0.0,0.0,10.0::-1998.1734999999937,440.7784053498422
-1998.1734999999937
0.0,0.0,0.0,10.0;10.0,10.0,0.0,0.0::-1777.9654999999839,203.8936107011441
-1777.9654999999839
10.0,10.0,0.0,0.0;0.0,0.0,0.0,10.0::-1980.6834999999978,203.87710367461364
-1980.6834999999978
0.0,0.0,0.0,10.0;10.0,10.0,0.0,10.0::-2148.0189999999834,626.0301713887278
-2148.0189999999834
10.0,10.0,0.0,10.0;0.0,0.0,0.0,10.0::-1844.1334999999963,348.13102181901047
-1844.1334999999963
0.0,0.0,0.0,10.0;10.0,10.0,10.0,0.0::-2173.614999999983,505.3474313034545
-2173.614999999983
10.0,10.0,10.0,0.0;0.0,0.0,0.0,10.0::-2111.8129999999887,230.2662066630708
-2111.8129999999887
0.0,0.0,0.0,10.0;10.0,10.0,10.0,10.0::-2569.828999999982,361.91777140532815
-2569.828999999982
10.0,10.0,10.0,10.0;0.0,0.0,0.0,10.0::-2083.716999999994,184.04787138405013
-2083.716999999994
0.0,0.0,10.0,0.0;0.0,0.0,10.0,0.0::-1908.5619999999908,578.3847845560947
-1908.5619999999908
0.0,0.0,10.0,0.0;0.0,0.0,10.0,0.0::-1941.8359999999916,557.4275572251513
-1941.8359999999916
0.0,0.0,10.0,0.0;0.0,0.0,10.0,10.0::-2435.1864999999902,229.78856432109555
-2435.1864999999902
0.0,0.0,10.0,10.0;0.0,0.0,10.0,0.0::-1858.7074999999938,542.2733976683253
-1858.7074999999938
0.0,0.0,10.0,0.0;0.0,10.0,0.0,0.0::-1730.2789999999916,229.50587205777518
-1730.2789999999916
0.0,10.0,0.0,0.0;0.0,0.0,10.0,0.0::-944.7984999999978,267.7679470600412
-944.7984999999978
0.0,0.0,10.0,0.0;0.0,10.0,0.0,10.0::-2073.1644999999917,656.0957536935831
-2073.1644999999917
0.0,10.0,0.0,10.0;0.0,0.0,10.0,0.0::-804.0004999999974,320.03584920247414
-804.0004999999974
0.0,0.0,10.0,0.0;0.0,10.0,10.0,0.0::-2047.1244999999915,553.3490304724045
-2047.1244999999915
0.0,10.0,10.0,0.0;0.0,0.0,10.0,0.0::-1086.69799999999,286.20745622013413
-1086.69799999999
0.0,0.0,10.0,0.0;0.0,10.0,10.0,10.0::-2587.406999999992,274.05083205675595
-2587.406999999992
0.0,10.0,10.0,10.0;0.0,0.0,10.0,0.0::-1056.5174999999936,270.33239265531944
-1056.5174999999936
0.0,0.0,10.0,0.0;10.0,0.0,0.0,0.0::-1744.3899999999915,185.6577208197924
-1744.3899999999915
10.0,0.0,0.0,0.0;0.0,0.0,10.0,0.0::-924.2869999999967,279.0487406905814
-924.2869999999967
0.0,0.0,10.0,0.0;10.0,0.0,0.0,10.0::-2051.483499999991,648.3563236776135
-2051.483499999991
10.0,0.0,0.0,10.0;0.0,0.0,10.0,0.0::-745.2799999999971,376.0656090365069
-745.2799999999971
0.0,0.0,10.0,0.0;10.0,0.0,10.0,0.0::-2132.4764999999916,546.052804289796
-2132.4764999999916
10.0,0.0,10.0,0.0;0.0,0.0,10.0,0.0::-1053.722999999991,276.2796427010139
-1053.722999999991
0.0,0.0,10.0,0.0;10.0,0.0,10.0,10.0::-2628.4599999999905,188.1291367651487
-2628.4599999999905
10.0,0.0,10.0,10.0;0.0,0.0,10.0,0.0::-1019.2894999999934,287.3514735733052
-1019.2894999999934
0.0,0.0,10.0,0.0;10.0,10.0,0.0,0.0::-1731.6834999999921,215.64504237925286
-1731.6834999999921
10.0,10.0,0.0,0.0;0.0,0.0,10.0,0.0::-916.8229999999976,271.84278870516044
-916.8229999999976
0.0,0.0,10.0,0.0;10.0,10.0,0.0,10.0::-2124.8679999999913,639.6423421928844
-2124.8679999999913
10.0,10.0,0.0,10.0;0.0,0.0,10.0,0.0::-842.8984999999968,397.3960308970743
-842.8984999999968
0.0,0.0,10.0,0.0;10.0,10.0,10.0,0.0::-2098.8564999999912,560.5544547434711
-2098.8564999999912
10.0,10.0,10.0,0.0;0.0,0.0,10.0,0.0::-1088.2864999999908,265.89243801347607
-1088.2864999999908
0.0,0.0,10.0,0.0;10.0,10.0,10.0,10.0::-2601.7034999999923,212.02134494609288
-2601.7034999999923
10.0,10.0,10.0,10.0;0.0,0.0,10.0,0.0::-1009.8359999999938,241.73860449667524
-1009.8359999999938
0.0,0.0,10.0,10.0;0.0,0.0,10.0,10.0::-2342.131499999993,302.9700819928429
-2342.131499999993
0.0,0.0,10.0,10.0;0.0,0.0,10.0,10.0::-2321.486999999994,335.4365348780599
-2321.486999999994
0.0,0.0,10.0,10.0;0.0,10.0,0.0,0.0::-1787.2219999999843,147.1514745627784
-1787.2219999999843
0.0,10.0,0.0,0.0;0.0,0.0,10.0,10.0::-2003.8119999999967,262.8471714818307
-2003.8119999999967
0.0,0.0,10.0,10.0;0.0,10.0,0.0,10.0::-2218.8729999999837,640.9133981443982
-2218.8729999999837
0.0,10.0,0.0,10.0;0.0,0.0,10.0,10.0::-1877.6764999999962,390.22259125113254
-1877.6764999999962
0.0,0.0,10.0,10.0;0.0,10.0,10.0,0.0::-2143.3889999999847,540.8878558250317
-2143.3889999999847
0.0,10.0,10.0,0.0;0.0,0.0,10.0,10.0::-2155.5284999999913,263.9769045063412
-2155.5284999999913
0.0,0.0,10.0,10.0;0.0,10.0,10.0,10.0::-2606.4194999999822,273.8656733596783
-2606.4194999999822
0.0,10.0,10.0,10.0;0.0,0.0,10.0,10.0::-2137.3199999999943,119.0992229193787
-2137.3199999999943
0.0,0.0,10.0,10.0;10.0,0.0,0.0,0.0::-1547.9829999999915,209.3351066137728
-1547.9829999999915
10.0,0.0,0.0,0.0;0.0,0.0,10.0,10.0::-2216.5054999999975,260.9558692475582
-2216.5054999999975
0.0,0.0,10.0,10.0;10.0,0.0,0.0,10.0::-1929.6029999999903,635.4599763092878
-1929.6029999999903
10.0,0.0,0.0,10.0;0.0,0.0,10.0,10.0::-2071.448999999997,375.07410427673926
-2071.448999999997
0.0,0.0,10.0,10.0;10.0,0.0,10.0,0.0::-1968.91299999999,480.646492893686
-1968.91299999999
10.0,0.0,10.0,0.0;0.0,0.0,10.0,10.0::-2372.4874999999897,210.75257416873902
-2372.4874999999897
0.0,0.0,10.0,10.0;10.0,0.0,10.0,10.0::-2482.1834999999905,100.93945315261918
-2482.1834999999905
10.0,0.0,10.0,10.0;0.0,0.0,10.0,10.0::-2279.329499999994,245.10185750979107
-2279.329499999994
0.0,0.0,10.0,10.0;10.0,10.0,0.0,0.0::-1750.794499999984,227.85997475368475
-1750.794499999984
10.0,10.0,0.0,0.0;0.0,0.0,10.0,10.0::-2011.1184999999978,278.8315698280033
-2011.1184999999978
0.0,0.0,10.0,10.0;10.0,10.0,0.0,10.0::-2265.3979999999838,593.5022625028481
-2265.3979999999838
10.0,10.0,0.0,10.0;0.0,0.0,10.0,10.0::-1955.9994999999963,321.157850246181
-1955.9994999999963
0.0,0.0,10.0,10.0;10.0,10.0,10.0,0.0::-2127.7034999999823,537.725041552604
-2127.7034999999823
10.0,10.0,10.0,0.0;0.0,0.0,10.0,10.0::-2168.61299999999,248.11044734351725
-2168.61299999999
0.0,0.0,10.0,10.0;10.0,10.0,10.0,10.0::-2595.127999999983,281.34151278472893
-2595.127999999983
10.0,10.0,10.0,10.0;0.0,0.0,10.0,10.0::-2086.7994999999933,263.1076325855058
-2086.7994999999933
0.0,10.0,0.0,0.0;0.0,10.0,0.0,0.0::-1223.366499999992,96.13533951024398
-1223.366499999992
0.0,10.0,0.0,0.0;0.0,10.0,0.0,0.0::-1238.3269999999916,50.080478442203436
-1238.3269999999916
0.0,10.0,0.0,0.0;0.0,10.0,0.0,10.0::-2295.224999999993,196.25145292455778
-2295.224999999993
0.0,10.0,0.0,10.0;0.0,10.0,0.0,0.0::-1253.7119999999836,45.264663436282966
-1253.7119999999836
0.0,10.0,0.0,0.0;0.0,10.0,10.0,0.0::-1254.7259999999912,251.1165087643583
-1254.7259999999912
0.0,10.0,10.0,0.0;0.0,10.0,0.0,0.0::-1227.9794999999917,51.92737914385834
-1227.9794999999917
0.0,10.0,0.0,0.0;0.0,10.0,10.0,10.0::-2357.330999999992,189.4497159908137
-2357.330999999992
0.0,10.0,10.0,10.0;0.0,10.0,0.0,0.0::-1253.1374999999832,48.05782682092485
-1253.1374999999832
0.0,10.0,0.0,0.0;10.0,0.0,0.0,0.0::-1230.4019999999912,51.39826744161708
-1230.4019999999912
10.0,0.0,0.0,0.0;0.0,10.0,0.0,0.0::-1228.4609999999911,45.71539433276272
-1228.4609999999911
0.0,10.0,0.0,0.0;10.0,0.0,0.0,10.0::-2330.404999999992,120.9797184448699
-2330.404999999992
10.0,0.0,0.0,10.0;0.0,10.0,0.0,0.0::-1255.1499999999826,46.44714253858886
-1255.1499999999826
0.0,10.0,0.0,0.0;10.0,0.0,10.0,0.0::-1279.4184999999923,264.6596892855993
-1279.4184999999923
10.0,0.0,10.0,0.0;0.0,10.0,0.0,0.0::-1231.6174999999919,52.5045709319666
-1231.6174999999919
0.0,10.0,0.0,0.0;10.0,0.0,10.0,10.0::-2301.9459999999917,304.9908219668256
-2301.9459999999917
10.0,0.0,10.0,10.0;0.0,10.0,0.0,0.0::-1259.307499999983,118.64236371865572
-1259.307499999983
0.0,10.0,0.0,0.0;10.0,10.0,0.0,0.0::-1229.5719999999917,57.86191032103875
-1229.5719999999917
10.0,10.0,0.0,0.0;0.0,10.0,0.0,0.0::-1236.9664999999911,50.88439203478811
-1236.9664999999911
0.0,10.0,0.0,0.0;10.0,10.0,0.0,10.0::-2298.1314999999922,223.8942580388114
-2298.1314999999922
10.0,10.0,0.0,10.0;0.0,10.0,0.0,0.0::-1269.6244999999835,88.85219285279327
-1269.6244999999835
0.0,10.0,0.0,0.0;10.0,10.0,10.0,0.0::-1275.8929999999918,297.0936803451056
-1275.8929999999918
10.0,10.0,10.0,0.0;0.0,10.0,0.0,0.0::-1237.1574999999918,101.3811509539609
-1237.1574999999918
0.0,10.0,0.0,0.0;10.0,10.0,10.0,10.0::-2357.7654999999927,191.45855578884408
-2357.7654999999927
10.0,10.0,10.0,10.0;0.0,10.0,0.0,0.0::-1248.367999999983,54.726609396160946
-1248.367999999983
0.0,10.0,0.0,10.0;0.0,10.0,0.0,10.0::-2325.1114999999822,219.36418256577343
-2325.1114999999822
0.0,10.0,0.0,10.0;0.0,10.0,0.0,10.0::-2354.5464999999836,121.6227658078454
-2354.5464999999836
0.0,10.0,0.0,10.0;0.0,10.0,10.0,0.0::-1327.6839999999836,268.72477136282026
-1327.6839999999836
0.0,10.0,10.0,0.0;0.0,10.0,0.0,10.0::-2343.0919999999905,58.58442955256966
-2343.0919999999905
0.0,10.0,0.0,10.0;0.0,10.0,10.0,10.0::-2377.237999999984,187.85539852769736
-2377.237999999984
0.0,10.0,10.0,10.0;0.0,10.0,0.0,10.0::-2312.874999999983,266.79948955161075
-2312.874999999983
0.0,10.0,0.0,10.0;10.0,0.0,0.0,0.0::-954.2664999999954,151.02079063078796
-954.2664999999954
10.0,0.0,0.0,0.0;0.0,10.0,0.0,10.0::-2194.167499999991,445.36539287280743
-2194.167499999991
0.0,10.0,0.0,10.0;10.0,0.0,0.0,10.0::-2050.5599999999963,205.74375045186304
-2050.5599999999963
10.0,0.0,0.0,10.0;0.0,10.0,0.0,10.0::-2228.1359999999827,438.54092209735677
-2228.1359999999827
0.0,10.0,0.0,10.0;10.0,0.0,10.0,0.0::-969.3429999999956,255.95728862643986
-969.3429999999956
10.0,0.0,10.0,0.0;0.0,10.0,0.0,10.0::-2173.7359999999926,469.36203223524564
-2173.7359999999926
0.0,10.0,0.0,10.0;10.0,0.0,10.0,10.0::-2035.2229999999975,246.05185910900673
-2035.2229999999975
10.0,0.0,10.0,10.0;0.0,10.0,0.0,10.0::-2159.4759999999837,449.5862107249285
-2159.4759999999837
0.0,10.0,0.0,10.0;10.0,10.0,0.0,0.0::-1236.7139999999845,102.49810488003821
-1236.7139999999845
10.0,10.0,0.0,0.0;0.0,10.0,0.0,10.0::-2311.381499999993,229.7632157956316
-2311.381499999993
0.0,10.0,0.0,10.0;10.0,10.0,0.0,10.0::-2334.706999999983,191.102510059392
-2334.706999999983
10.0,10.0,0.0,10.0;0.0,10.0,0.0,10.0::-2367.161499999984,53.441142322652595
-2367.161499999984
0.0,10.0,0.0,10.0;10.0,10.0,10.0,0.0::-1279.6584999999834,315.9503172221066
-1279.6584999999834
10.0,10.0,10.0,0.0;0.0,10.0,0.0,10.0::-2318.1619999999925,146.00750787545067
-2318.1619999999925
0.0,10.0,0.0,10.0;10.0,10.0,10.0,10.0::-2371.4979999999846,194.7432861384436
-2371.4979999999846
10.0,10.0,10.0,10.0;0.0,10.0,0.0,10.0::-2291.8399999999833,252.49727087634048
-2291.8399999999833
0.0,10.0,10.0,0.0;0.0,10.0,10.0,0.0::-1291.3419999999905,307.51620824925584
-1291.3419999999905
0.0,10.0,10.0,0.0;0.0,10.0,10.0,0.0::-1261.3354999999922,253.29211982363378
-1261.3354999999922
0.0,10.0,10.0,0.0;0.0,10.0,10.0,10.0::-2354.7139999999927,191.39592851991395
-2354.7139999999927
0.0,10.0,10.0,10.0;0.0,10.0,10.0,0.0::-1250.9859999999833,238.25456544209106
-1250.9859999999833
0.0,10.0,10.0,0.0;10.0,0.0,0.0,0.0::-1232.0749999999912,48.5740236649175
-1232.0749999999912
10.0,0.0,0.0,0.0;0.0,10.0,10.0,0.0::-1265.930499999991,255.6578268795033
-1265.930499999991
0.0,10.0,10.0,0.0;10.0,0.0,0.0,10.0::-2317.938499999991,162.70895086856788
-2317.938499999991
10.0,0.0,0.0,10.0;0.0,10.0,10.0,0.0::-1325.3994999999832,268.4602480345088
-1325.3994999999832
0.0,10.0,10.0,0.0;10.0,0.0,10.0,0.0::-1290.0644999999913,256.05922804060395
-1290.0644999999913
10.0,0.0,10.0,0.0;0.0,10.0,10.0,0.0::-1264.2194999999917,263.9122011100471
-1264.2194999999917
0.0,10.0,10.0,0.0;10.0,0.0,10.0,10.0::-2355.7219999999916,187.60325601118961
-2355.7219999999916
10.0,0.0,10.0,10.0;0.0,10.0,10.0,0.0::-1274.2539999999833,201.80447897408015
-1274.2539999999833
0.0,10.0,10.0,0.0;10.0,10.0,0.0,0.0::-1215.5219999999917,93.33260907099746
-1215.5219999999917
10.0,10.0,0.0,0.0;0.0,10.0,10.0,0.0::-1328.5364999999917,330.56734675819087
-1328.5364999999917
0.0,10.0,10.0,0.0;10.0,10.0,0.0,10.0::-2304.7514999999926,194.61269131983653
-2304.7514999999926
10.0,10.0,0.0,10.0;0.0,10.0,10.0,0.0::-1300.106999999983,228.87273112146826
-1300.106999999983
0.0,10.0,10.0,0.0;10.0,10.0,10.0,0.0::-1263.724999999992,234.255998802592
-1263.724999999992
10.0,10.0,10.0,0.0;0.0,10.0,10.0,0.0::-1276.8144999999913,267.52248300797083
-1276.8144999999913
0.0,10.0,10.0,0.0;10.0,10.0,10.0,10.0::-2305.8924999999913,300.65663732695117
-2305.8924999999913
10.0,10.0,10.0,10.0;0.0,10.0,10.0,0.0::-1302.4084999999839,274.3563573215495
-1302.4084999999839
0.0,10.0,10.0,10.0;0.0,10.0,10.0,10.0::-2387.686499999984,155.9439702032433
-2387.686499999984
0.0,10.0,10.0,10.0;0.0,10.0,10.0,10.0::-2364.569999999984,216.6728017080129
-2364.569999999984
0.0,10.0,10.0,10.0;10.0,0.0,0.0,0.0::-1064.0819999999915,79.49357537562251
-1064.0819999999915
10.0,0.0,0.0,0.0;0.0,10.0,10.0,10.0::-2497.885499999992,326.96666575470664
-2497.885499999992
0.0,10.0,10.0,10.0;10.0,0.0,0.0,10.0::-2143.094999999991,221.894352170126
-2143.094999999991
10.0,0.0,0.0,10.0;0.0,10.0,10.0,10.0::-2541.382499999982,263.82733059474714
-2541.382499999982
0.0,10.0,10.0,10.0;10.0,0.0,10.0,0.0::-1128.360999999991,299.6617068111971
-1128.360999999991
10.0,0.0,10.0,0.0;0.0,10.0,10.0,10.0::-2517.7564999999904,300.6545692031801
-2517.7564999999904
0.0,10.0,10.0,10.0;10.0,0.0,10.0,10.0::-2180.0759999999914,189.6456473900724
-2180.0759999999914
10.0,0.0,10.0,10.0;0.0,10.0,10.0,10.0::-2577.0254999999834,181.37083730509107
-2577.0254999999834
0.0,10.0,10.0,10.0;10.0,10.0,0.0,0.0::-1255.1999999999834,47.69386490944078
-1255.1999999999834
10.0,10.0,0.0,0.0;0.0,10.0,10.0,10.0::-2322.016499999992,259.3897011308467
-2322.016499999992
0.0,10.0,10.0,10.0;10.0,10.0,0.0,10.0::-2337.2324999999832,193.03558251977637
-2337.2324999999832
10.0,10.0,0.0,10.0;0.0,10.0,10.0,10.0::-2337.911999999983,280.9668283018478
-2337.911999999983
0.0,10.0,10.0,10.0;10.0,10.0,10.0,0.0::-1325.793999999983,235.8834480500911
-1325.793999999983
10.0,10.0,10.0,0.0;0.0,10.0,10.0,10.0::-2378.1829999999914,109.84870782580897
-2378.1829999999914
0.0,10.0,10.0,10.0;10.0,10.0,10.0,10.0::-2372.7724999999828,212.92638239248333
-2372.7724999999828
10.0,10.0,10.0,10.0;0.0,10.0,10.0,10.0::-2333.4309999999828,280.0680675103822
-2333.4309999999828
10.0,0.0,0.0,0.0;10.0,0.0,0.0,0.0::-1231.550499999992,48.113325854174924
-1231.550499999992
10.0,0.0,0.0,0.0;10.0,0.0,0.0,0.0::-1233.3049999999912,50.161128127266224
-1233.3049999999912
10.0,0.0,0.0,0.0;10.0,0.0,0.0,10.0::-2112.0194999999912,476.38418030487753
-2112.0194999999912
10.0,0.0,0.0,10.0;10.0,0.0,0.0,0.0::-974.8829999999964,177.0291479135526
-974.8829999999964
10.0,0.0,0.0,0.0;10.0,0.0,10.0,0.0::-1282.603499999992,307.8962247458549
-1282.603499999992
10.0,0.0,10.0,0.0;10.0,0.0,0.0,0.0::-1236.4394999999918,51.46874697085576
-1236.4394999999918
10.0,0.0,0.0,0.0;10.0,0.0,10.0,10.0::-2532.0839999999916,252.48468873181193
-2532.0839999999916
10.0,0.0,10.0,10.0;10.0,0.0,0.0,0.0::-1072.8509999999908,103.3885972871274
-1072.8509999999908
10.0,0.0,0.0,0.0;10.0,10.0,0.0,0.0::-1221.0619999999922,86.20436825358564
-1221.0619999999922
10.0,10.0,0.0,0.0;10.0,0.0,0.0,0.0::-1264.0149999999912,136.429787344993
-1264.0149999999912
10.0,0.0,0.0,0.0;10.0,10.0,0.0,10.0::-2227.6989999999932,430.1179151104963
-2227.6989999999932
10.0,10.0,0.0,10.0;10.0,0.0,0.0,0.0::-962.9119999999962,158.56028130019973
-962.9119999999962
10.0,0.0,0.0,0.0;10.0,10.0,10.0,0.0::-1258.1759999999913,243.08096145934576
-1258.1759999999913
10.0,10.0,10.0,0.0;10.0,0.0,0.0,0.0::-1233.607499999992,49.76253981410035
-1233.607499999992
10.0,0.0,0.0,0.0;10.0,10.0,10.0,10.0::-2533.7204999999917,242.53687112426817
-2533.7204999999917
10.0,10.0,10.0,10.0;10.0,0.0,0.0,0.0::-1078.0484999999908,124.69852393973986
-1078.0484999999908
10.0,0.0,0.0,10.0;10.0,0.0,0.0,10.0::-1945.5119999999959,429.2630080801269
-1945.5119999999959
10.0,0.0,0.0,10.0;10.0,0.0,0.0,10.0::-1961.7509999999959,416.7450931312806
-1961.7509999999959
10.0,0.0,0.0,10.0;10.0,0.0,10.0,0.0::-982.6609999999965,280.6172239528393
-982.6609999999965
10.0,0.0,10.0,0.0;10.0,0.0,0.0,10.0::-2196.168999999991,424.4267319443955
-2196.168999999991
10.0,0.0,0.0,10.0;10.0,0.0,10.0,10.0::-2254.391499999995,313.69661562208245
-2254.391499999995
10.0,0.0,10.0,10.0;10.0,0.0,0.0,10.0::-2043.1489999999894,459.05045686612686
-2043.1489999999894
10.0,0.0,0.0,10.0;10.0,10.0,0.0,0.0::-1246.4424999999837,77.11773251820657
-1246.4424999999837
10.0,10.0,0.0,0.0;10.0,0.0,0.0,10.0::-2313.6634999999933,183.91462677761652
-2313.6634999999933
10.0,0.0,0.0,10.0;10.0,10.0,0.0,10.0::-2265.035499999982,429.8450471562394
-2265.035499999982
10.0,10.0,0.0,10.0;10.0,0.0,0.0,10.0::-2006.5714999999964,288.16682115182584
-2006.5714999999964
10.0,0.0,0.0,10.0;10.0,10.0,10.0,0.0::-1257.9259999999836,257.7825506584958
-1257.9259999999836
10.0,10.0,10.0,0.0;10.0,0.0,0.0,10.0::-2330.4849999999924,100.30874700144606
-2330.4849999999924
10.0,0.0,0.0,10.0;10.0,10.0,10.0,10.0::-2549.466999999983,260.4044867336195
-2549.466999999983
10.0,10.0,10.0,10.0;10.0,0.0,0.0,10.0::-2127.513499999991,220.02455906727693
-2127.513499999991
10.0,0.0,10.0,0.0;10.0,0.0,10.0,0.0::-1264.6274999999919,289.31784661294176
-1264.6274999999919
10.0,0.0,10.0,0.0;10.0,0.0,10.0,0.0::-1212.136499999992,245.1434812364989
-1212.136499999992
10.0,0.0,10.0,0.0;10.0,0.0,10.0,10.0::-2554.7514999999917,205.39357115730266
-2554.7514999999917
10.0,0.0,10.0,10.0;10.0,0.0,10.0,0.0::-1078.2334999999905,286.93595383421325
-1078.2334999999905
10.0,0.0,10.0,0.0;10.0,10.0,0.0,0.0::-1216.1314999999918,76.45102015506275
-1216.1314999999918
10.0,10.0,0.0,0.0;10.0,0.0,10.0,0.0::-1299.9534999999926,338.3721257916348
-1299.9534999999926
10.0,0.0,10.0,0.0;10.0,10.0,0.0,10.0::-2205.6199999999917,445.8852129191994
-2205.6199999999917
10.0,10.0,0.0,10.0;10.0,0.0,10.0,0.0::-1042.671999999996,334.9312575230904
-1042.671999999996
10.0,0.0,10.0,0.0;10.0,10.0,10.0,0.0::-1223.9169999999926,272.94546984883124
-1223.9169999999926
10.0,10.0,10.0,0.0;10.0,0.0,10.0,0.0::-1278.397999999992,368.49901071237605
-1278.397999999992
10.0,0.0,10.0,0.0;10.0,10.0,10.0,10.0::-2520.5904999999907,288.60405677112334
-2520.5904999999907
10.0,10.0,10.0,10.0;10.0,0.0,10.0,0.0::-1116.0664999999913,238.01734422673812
-1116.0664999999913
10.0,0.0,10.0,10.0;10.0,0.0,10.0,10.0::-2365.205999999991,277.88773743006305
-2365.205999999991
10.0,0.0,10.0,10.0;10.0,0.0,10.0,10.0::-2366.8544999999904,247.09657556257184
-2366.8544999999904
10.0,0.0,10.0,10.0;10.0,10.0,0.0,0.0::-1250.8654999999835,83.67602903310872
-1250.8654999999835
10.0,10.0,0.0,0.0;10.0,0.0,10.0,10.0::-2354.3754999999915,225.69289936714918
-2354.3754999999915
10.0,0.0,10.0,10.0;10.0,10.0,0.0,10.0::-2195.666499999984,470.1134371646377
-2195.666499999984
10.0,10.0,0.0,10.0;10.0,0.0,10.0,10.0::-2084.712499999996,236.33987109404174
-2084.712499999996
10.0,0.0,10.0,10.0;10.0,10.0,10.0,0.0::-1272.1829999999836,229.4130189439993
-1272.1829999999836
10.0,10.0,10.0,0.0;10.0,0.0,10.0,10.0::-2316.7634999999905,268.78118459585335
-2316.7634999999905
10.0,0.0,10.0,10.0;10.0,10.0,10.0,10.0::-2564.5574999999835,231.17209124102723
-2564.5574999999835
10.0,10.0,10.0,10.0;10.0,0.0,10.0,10.0::-2176.6829999999904,252.25526299960515
-2176.6829999999904
10.0,10.0,0.0,0.0;10.0,10.0,0.0,0.0::-1217.2569999999923,73.17729566607281
-1217.2569999999923
10.0,10.0,0.0,0.0;10.0,10.0,0.0,0.0::-1240.7389999999912,132.0948537188333
-1240.7389999999912
10.0,10.0,0.0,0.0;10.0,10.0,0.0,10.0::-2315.2804999999926,179.129800828198
-2315.2804999999926
10.0,10.0,0.0,10.0;10.0,10.0,0.0,0.0::-1258.3914999999827,124.55296946580532
-1258.3914999999827
10.0,10.0,0.0,0.0;10.0,10.0,10.0,0.0::-1264.9169999999917,280.6482880956161
-1264.9169999999917
10.0,10.0,10.0,0.0;10.0,10.0,0.0,0.0::-1234.3379999999918,99.70385426852818
-1234.3379999999918
10.0,10.0,0.0,0.0;10.0,10.0,10.0,10.0::-2355.9054999999917,194.34728013211264
-2355.9054999999917
10.0,10.0,10.0,10.0;10.0,10.0,0.0,0.0::-1266.4204999999833,122.39185636613978
-1266.4204999999833
10.0,10.0,0.0,10.0;10.0,10.0,0.0,10.0::-2350.556999999982,94.44352069358594
-2350.556999999982
10.0,10.0,0.0,10.0;10.0,10.0,0.0,10.0::-2346.772499999983,140.11862998455928
-2346.772499999983
10.0,10.0,0.0,10.0;10.0,10.0,10.0,0.0::-1281.4794999999838,288.9907133538203
-1281.4794999999838
10.0,10.0,10.0,0.0;10.0,10.0,0.0,10.0::-2312.9749999999913,196.06724477841715
-2312.9749999999913
10.0,10.0,0.0,10.0;10.0,10.0,10.0,10.0::-2410.500499999983,32.508837640708876
-2410.500499999983
10.0,10.0,10.0,10.0;10.0,10.0,0.0,10.0::-2355.8319999999835,122.6652258221538
-2355.8319999999835
10.0,10.0,10.0,0.0;10.0,10.0,10.0,0.0::-1218.9804999999913,245.12920010629057
-1218.9804999999913
10.0,10.0,10.0,0.0;10.0,10.0,10.0,0.0::-1306.5139999999924,276.3931045702841
-1306.5139999999924
10.0,10.0,10.0,0.0;10.0,10.0,10.0,10.0::-2366.6284999999903,183.38568554483666
-2366.6284999999903
10.0,10.0,10.0,10.0;10.0,10.0,10.0,0.0::-1327.9134999999828,292.7811178897123
-1327.9134999999828
10.0,10.0,10.0,10.0;10.0,10.0,10.0,10.0::-2354.404999999984,246.14018967856484
-2354.404999999984
10.0,10.0,10.0,10.0;10.0,10.0,10.0,10.0::-2367.914499999983,220.93148545363528
-2367.914499999983
