2.0,1.0;2.0,1.0::-1250.0,0.0
-1250.0
2.0,1.0;2.0,1.0::-1250.0,0.0
-1250.0
2.0,1.0;2.0,2.0::-1250.0,0.0
-1250.0
2.0,2.0;2.0,1.0::-1250.0,0.0
-1250.0
2.0,1.0;2.0,3.0::500.0,0.0
500.0
2.0,3.0;2.0,1.0::-1750.0,0.0
-1750.0
2.0,1.0;2.0,4.0::-3000.0,0.0
-3000.0
2.0,4.0;2.0,1.0::-750.0,0.0
-750.0
2.0,1.0;3.0,0.0::-2500.0,0.0
-2500.0
3.0,0.0;2.0,1.0::0.0,0.0
0.0
2.0,1.0;3.0,1.0::-750.0,0.0
-750.0
3.0,1.0;2.0,1.0::-500.0,0.0
-500.0
2.0,1.0;3.0,2.0::-750.0,0.0
-750.0
3.0,2.0;2.0,1.0::-500.0,0.0
-500.0
2.0,1.0;3.0,3.0::1000.0,0.0
1000.0
3.0,3.0;2.0,1.0::-1000.0,0.0
-1000.0
2.0,1.0;3.0,4.0::-2500.0,0.0
-2500.0
3.0,4.0;2.0,1.0::0.0,0.0
0.0
2.0,1.0;4.0,0.0::-2505.0,0.0
-2505.0
4.0,0.0;2.0,1.0::-7.5,0.0
-7.5
2.0,1.0;4.0,1.0::-755.0,0.0
-755.0
4.0,1.0;2.0,1.0::-507.5,0.0
-507.5
2.0,1.0;4.0,2.0::-755.0,0.0
-755.0
4.0,2.0;2.0,1.0::-507.5,0.0
-507.5
2.0,1.0;4.0,3.0::995.0,0.0
995.0
4.0,3.0;2.0,1.0::-1007.5,0.0
-1007.5
2.0,1.0;4.0,4.0::-2505.0,0.0
-2505.0
4.0,4.0;2.0,1.0::-7.5,0.0
-7.5
