0.0,4.0;0.0,4.0::-25.0,0.0
-25.0
0.0,4.0;0.0,4.0::-25.0,0.0
-25.0
0.0,4.0;1.0,0.0::-1510.0,0.0
-1510.0
1.0,0.0;0.0,4.0::-1015.0,0.0
-1015.0
0.0,4.0;1.0,1.0::-1510.0,0.0
-1510.0
1.0,1.0;0.0,4.0::-1015.0,0.0
-1015.0
0.0,4.0;1.0,2.0::990.0,0.0
990.0
1.0,2.0;0.0,4.0::-1015.0,0.0
-1015.0
0.0,4.0;1.0,3.0::990.0,0.0
990.0
1.0,3.0;0.0,4.0::-1015.0,0.0
-1015.0
0.0,4.0;1.0,4.0::965.0,0.0
965.0
1.0,4.0;0.0,4.0::-1015.0,0.0
-1015.0
0.0,4.0;2.0,0.0::-1500.0,0.0
-1500.0
2.0,0.0;0.0,4.0::-3500.0,0.0
-3500.0
0.0,4.0;2.0,1.0::-1500.0,0.0
-1500.0
2.0,1.0;0.0,4.0::-3500.0,0.0
-3500.0
0.0,4.0;2.0,2.0::1000.0,0.0
1000.0
2.0,2.0;0.0,4.0::-3500.0,0.0
-3500.0
0.0,4.0;2.0,3.0::1000.0,0.0
1000.0
2.0,3.0;0.0,4.0::-3500.0,0.0
-3500.0
0.0,4.0;2.0,4.0::975.0,0.0
975.0
2.0,4.0;0.0,4.0::-3500.0,0.0
-3500.0
0.0,4.0;3.0,0.0::-1510.0,0.0
-1510.0
3.0,0.0;0.0,4.0::-1015.0,0.0
-1015.0
0.0,4.0;3.0,1.0::-1510.0,0.0
-1510.0
3.0,1.0;0.0,4.0::-1015.0,0.0
-1015.0
0.0,4.0;3.0,2.0::990.0,0.0
990.0
3.0,2.0;0.0,4.0::-1015.0,0.0
-1015.0
0.0,4.0;3.0,3.0::990.0,0.0
990.0
3.0,3.0;0.0,4.0::-1015.0,0.0
-1015.0
0.0,4.0;3.0,4.0::965.0,0.0
965.0
3.0,4.0;0.0,4.0::-1015.0,0.0
-1015.0
0.0,4.0;4.0,0.0::-1505.0,0.0
-1505.0
4.0,0.0;0.0,4.0::-1007.5,0.0
-1007.5
0.0,4.0;4.0,1.0::-1505.0,0.0
-1505.0
4.0,1.0;0.0,4.0::-1007.5,0.0
-1007.5
0.0,4.0;4.0,2.0::995.0,0.0
995.0
4.0,2.0;0.0,4.0::-1007.5,0.0
-1007.5
0.0,4.0;4.0,3.0::995.0,0.0
995.0
4.0,3.0;0.0,4.0::-1007.5,0.0
-1007.5
0.0,4.0;4.0,4.0::970.0,0.0
970.0
4.0,4.0;0.0,4.0::-1007.5,0.0
-1007.5
