1.0,2.0;1.0,2.0::-1250.0,0.0
-1250.0
1.0,2.0;1.0,2.0::-1250.0,0.0
-1250.0
1.0,2.0;1.0,3.0::-500.0,0.0
-500.0
1.0,3.0;1.0,2.0::-750.0,0.0
-750.0
1.0,2.0;1.0,4.0::-515.0,0.0
-515.0
1.0,4.0;1.0,2.0::-760.0,0.0
-760.0
1.0,2.0;2.0,0.0::-2000.0,0.0
-2000.0
2.0,0.0;1.0,2.0::-1750.0,0.0
-1750.0
1.0,2.0;2.0,1.0::-1250.0,0.0
-1250.0
2.0,1.0;1.0,2.0::-1250.0,0.0
-1250.0
1.0,2.0;2.0,2.0::-1250.0,0.0
-1250.0
2.0,2.0;1.0,2.0::-1250.0,0.0
-1250.0
1.0,2.0;2.0,3.0::-500.0,0.0
-500.0
2.0,3.0;1.0,2.0::-750.0,0.0
-750.0
1.0,2.0;2.0,4.0::-515.0,0.0
-515.0
2.0,4.0;1.0,2.0::-760.0,0.0
-760.0
1.0,2.0;3.0,0.0::-1500.0,0.0
-1500.0
3.0,0.0;1.0,2.0::-3500.0,0.0
-3500.0
1.0,2.0;3.0,1.0::-750.0,0.0
-750.0
3.0,1.0;1.0,2.0::-3000.0,0.0
-3000.0
1.0,2.0;3.0,2.0::-750.0,0.0
-750.0
3.0,2.0;1.0,2.0::-3000.0,0.0
-3000.0
1.0,2.0;3.0,3.0::0.0,0.0
0.0
3.0,3.0;1.0,2.0::-2500.0,0.0
-2500.0
1.0,2.0;3.0,4.0::-15.0,0.0
-15.0
3.0,4.0;1.0,2.0::-2510.0,0.0
-2510.0
1.0,2.0;4.0,0.0::-2500.0,0.0
-2500.0
4.0,0.0;1.0,2.0::0.0,0.0
0.0
1.0,2.0;4.0,1.0::-1750.0,0.0
-1750.0
4.0,1.0;1.0,2.0::500.0,0.0
500.0
1.0,2.0;4.0,2.0::-1750.0,0.0
-1750.0
4.0,2.0;1.0,2.0::500.0,0.0
500.0
1.0,2.0;4.0,3.0::-1000.0,0.0
-1000.0
4.0,3.0;1.0,2.0::1000.0,0.0
1000.0
1.0,2.0;4.0,4.0::-1015.0,0.0
-1015.0
4.0,4.0;1.0,2.0::990.0,0.0
990.0
