0.0,0.0;0.0,0.0::-2500.0,0.0
-2500.0
0.0,0.0;0.0,0.0::-2500.0,0.0
-2500.0
0.0,0.0;0.0,1.0::-2500.0,0.0
-2500.0
0.0,1.0;0.0,0.0::-2500.0,0.0
-2500.0
0.0,0.0;0.0,2.0::0.0,0.0
0.0
0.0,2.0;0.0,0.0::-2500.0,0.0
-2500.0
0.0,0.0;0.0,3.0::0.0,0.0
0.0
0.0,3.0;0.0,0.0::-2500.0,0.0
-2500.0
0.0,0.0;0.0,4.0::-25.0,0.0
-25.0
0.0,4.0;0.0,0.0::-2500.0,0.0
-2500.0
0.0,0.0;1.0,0.0::-2500.0,0.0
-2500.0
1.0,0.0;0.0,0.0::-2500.0,0.0
-2500.0
0.0,0.0;1.0,1.0::-2500.0,0.0
-2500.0
1.0,1.0;0.0,0.0::-2500.0,0.0
-2500.0
0.0,0.0;1.0,2.0::0.0,0.0
0.0
1.0,2.0;0.0,0.0::-2500.0,0.0
-2500.0
0.0,0.0;1.0,3.0::0.0,0.0
0.0
1.0,3.0;0.0,0.0::-2500.0,0.0
-2500.0
0.0,0.0;1.0,4.0::-25.0,0.0
-25.0
1.0,4.0;0.0,0.0::-2500.0,0.0
-2500.0
0.0,0.0;2.0,0.0::-1500.0,0.0
-1500.0
2.0,0.0;0.0,0.0::-3500.0,0.0
-3500.0
0.0,0.0;2.0,1.0::-1500.0,0.0
-1500.0
2.0,1.0;0.0,0.0::-3500.0,0.0
-3500.0
0.0,0.0;2.0,2.0::1000.0,0.0
1000.0
2.0,2.0;0.0,0.0::-3500.0,0.0
-3500.0
0.0,0.0;2.0,3.0::1000.0,0.0
1000.0
2.0,3.0;0.0,0.0::-3500.0,0.0
-3500.0
0.0,0.0;2.0,4.0::975.0,0.0
975.0
2.0,4.0;0.0,0.0::-3500.0,0.0
-3500.0
0.0,0.0;3.0,0.0::-1500.0,0.0
-1500.0
3.0,0.0;0.0,0.0::-3500.0,0.0
-3500.0
0.0,0.0;3.0,1.0::-1500.0,0.0
-1500.0
3.0,1.0;0.0,0.0::-3500.0,0.0
-3500.0
0.0,0.0;3.0,2.0::1000.0,0.0
1000.0
3.0,2.0;0.0,0.0::-3500.0,0.0
-3500.0
0.0,0.0;3.0,3.0::1000.0,0.0
1000.0
3.0,3.0;0.0,0.0::-3500.0,0.0
-3500.0
0.0,0.0;3.0,4.0::975.0,0.0
975.0
3.0,4.0;0.0,0.0::-3500.0,0.0
-3500.0
0.0,0.0;4.0,0.0::-1505.0,0.0
-1505.0
4.0,0.0;0.0,0.0::-1007.5,0.0
-1007.5
0.0,0.0;4.0,1.0::-1505.0,0.0
-1505.0
4.0,1.0;0.0,0.0::-1007.5,0.0
-1007.5
0.0,0.0;4.0,2.0::995.0,0.0
995.0
4.0,2.0;0.0,0.0::-1007.5,0.0
-1007.5
0.0,0.0;4.0,3.0::995.0,0.0
995.0
4.0,3.0;0.0,0.0::-1007.5,0.0
-1007.5
0.0,0.0;4.0,4.0::970.0,0.0
970.0
4.0,4.0;0.0,0.0::-1007.5,0.0
-1007.5
0.0,1.0;0.0,1.0::-2500.0,0.0
-2500.0
0.0,1.0;0.0,1.0::-2500.0,0.0
-2500.0
0.0,1.0;0.0,2.0::0.0,0.0
0.0
0.0,2.0;0.0,1.0::-2500.0,0.0
-2500.0
0.0,1.0;0.0,3.0::0.0,0.0
0.0
0.0,3.0;0.0,1.0::-2500.0,0.0
-2500.0
0.0,1.0;0.0,4.0::-25.0,0.0
-25.0
0.0,4.0;0.0,1.0::-2500.0,0.0
-2500.0
0.0,1.0;1.0,0.0::-2000.0,0.0
-2000.0
1.0,0.0;0.0,1.0::-1750.0,0.0
-1750.0
0.0,1.0;1.0,1.0::-2000.0,0.0
-2000.0
1.0,1.0;0.0,1.0::-1750.0,0.0
-1750.0
0.0,1.0;1.0,2.0::500.0,0.0
500.0
1.0,2.0;0.0,1.0::-1750.0,0.0
-1750.0
0.0,1.0;1.0,3.0::500.0,0.0
500.0
1.0,3.0;0.0,1.0::-1750.0,0.0
-1750.0
0.0,1.0;1.0,4.0::475.0,0.0
475.0
1.0,4.0;0.0,1.0::-1750.0,0.0
-1750.0
0.0,1.0;2.0,0.0::-2000.0,0.0
-2000.0
2.0,0.0;0.0,1.0::-1750.0,0.0
-1750.0
0.0,1.0;2.0,1.0::-2000.0,0.0
-2000.0
2.0,1.0;0.0,1.0::-1750.0,0.0
-1750.0
0.0,1.0;2.0,2.0::500.0,0.0
500.0
2.0,2.0;0.0,1.0::-1750.0,0.0
-1750.0
0.0,1.0;2.0,3.0::500.0,0.0
500.0
2.0,3.0;0.0,1.0::-1750.0,0.0
-1750.0
0.0,1.0;2.0,4.0::475.0,0.0
475.0
2.0,4.0;0.0,1.0::-1750.0,0.0
-1750.0
0.0,1.0;3.0,0.0::-1500.0,0.0
-1500.0
3.0,0.0;0.0,1.0::-1000.0,0.0
-1000.0
0.0,1.0;3.0,1.0::-1500.0,0.0
-1500.0
3.0,1.0;0.0,1.0::-1000.0,0.0
-1000.0
0.0,1.0;3.0,2.0::1000.0,0.0
1000.0
3.0,2.0;0.0,1.0::-1000.0,0.0
-1000.0
0.0,1.0;3.0,3.0::1000.0,0.0
1000.0
3.0,3.0;0.0,1.0::-1000.0,0.0
-1000.0
0.0,1.0;3.0,4.0::975.0,0.0
975.0
3.0,4.0;0.0,1.0::-1000.0,0.0
-1000.0
0.0,1.0;4.0,0.0::-1505.0,0.0
-1505.0
4.0,0.0;0.0,1.0::-1007.5,0.0
-1007.5
0.0,1.0;4.0,1.0::-1505.0,0.0
-1505.0
4.0,1.0;0.0,1.0::-1007.5,0.0
-1007.5
0.0,1.0;4.0,2.0::995.0,0.0
995.0
4.0,2.0;0.0,1.0::-1007.5,0.0
-1007.5
0.0,1.0;4.0,3.0::995.0,0.0
995.0
4.0,3.0;0.0,1.0::-1007.5,0.0
-1007.5
0.0,1.0;4.0,4.0::970.0,0.0
970.0
4.0,4.0;0.0,1.0::-1007.5,0.0
-1007.5
0.0,2.0;0.0,2.0::0.0,0.0
0.0
0.0,2.0;0.0,2.0::0.0,0.0
0.0
0.0,2.0;0.0,3.0::0.0,0.0
0.0
0.0,3.0;0.0,2.0::0.0,0.0
0.0
0.0,2.0;0.0,4.0::-25.0,0.0
-25.0
0.0,4.0;0.0,2.0::0.0,0.0
0.0
0.0,2.0;1.0,0.0::-2000.0,0.0
-2000.0
1.0,0.0;0.0,2.0::-1750.0,0.0
-1750.0
0.0,2.0;1.0,1.0::-2000.0,0.0
-2000.0
1.0,1.0;0.0,2.0::-1750.0,0.0
-1750.0
0.0,2.0;1.0,2.0::500.0,0.0
500.0
1.0,2.0;0.0,2.0::-1750.0,0.0
-1750.0
0.0,2.0;1.0,3.0::500.0,0.0
500.0
1.0,3.0;0.0,2.0::-1750.0,0.0
-1750.0
0.0,2.0;1.0,4.0::475.0,0.0
475.0
1.0,4.0;0.0,2.0::-1750.0,0.0
-1750.0
0.0,2.0;2.0,0.0::-2000.0,0.0
-2000.0
2.0,0.0;0.0,2.0::-1750.0,0.0
-1750.0
0.0,2.0;2.0,1.0::-2000.0,0.0
-2000.0
2.0,1.0;0.0,2.0::-1750.0,0.0
-1750.0
0.0,2.0;2.0,2.0::500.0,0.0
500.0
2.0,2.0;0.0,2.0::-1750.0,0.0
-1750.0
0.0,2.0;2.0,3.0::500.0,0.0
500.0
2.0,3.0;0.0,2.0::-1750.0,0.0
-1750.0
0.0,2.0;2.0,4.0::475.0,0.0
475.0
2.0,4.0;0.0,2.0::-1750.0,0.0
-1750.0
0.0,2.0;3.0,0.0::-1500.0,0.0
-1500.0
3.0,0.0;0.0,2.0::-3500.0,0.0
-3500.0
0.0,2.0;3.0,1.0::-1500.0,0.0
-1500.0
3.0,1.0;0.0,2.0::-3500.0,0.0
-3500.0
0.0,2.0;3.0,2.0::1000.0,0.0
1000.0
3.0,2.0;0.0,2.0::-3500.0,0.0
-3500.0
0.0,2.0;3.0,3.0::1000.0,0.0
1000.0
3.0,3.0;0.0,2.0::-3500.0,0.0
-3500.0
0.0,2.0;3.0,4.0::975.0,0.0
975.0
3.0,4.0;0.0,2.0::-3500.0,0.0
-3500.0
0.0,2.0;4.0,0.0::-2500.0,0.0
-2500.0
4.0,0.0;0.0,2.0::0.0,0.0
0.0
0.0,2.0;4.0,1.0::-2500.0,0.0
-2500.0
4.0,1.0;0.0,2.0::0.0,0.0
0.0
0.0,2.0;4.0,2.0::0.0,0.0
0.0
4.0,2.0;0.0,2.0::0.0,0.0
0.0
0.0,2.0;4.0,3.0::0.0,0.0
0.0
4.0,3.0;0.0,2.0::0.0,0.0
0.0
0.0,2.0;4.0,4.0::-25.0,0.0
-25.0
4.0,4.0;0.0,2.0::0.0,0.0
0.0
0.0,3.0;0.0,3.0::0.0,0.0
0.0
0.0,3.0;0.0,3.0::0.0,0.0
0.0
0.0,3.0;0.0,4.0::-25.0,0.0
-25.0
0.0,4.0;0.0,3.0::0.0,0.0
0.0
0.0,3.0;1.0,0.0::-1500.0,0.0
-1500.0
1.0,0.0;0.0,3.0::-1000.0,0.0
-1000.0
0.0,3.0;1.0,1.0::-1500.0,0.0
-1500.0
1.0,1.0;0.0,3.0::-1000.0,0.0
-1000.0
0.0,3.0;1.0,2.0::1000.0,0.0
1000.0
1.0,2.0;0.0,3.0::-1000.0,0.0
-1000.0
0.0,3.0;1.0,3.0::1000.0,0.0
1000.0
1.0,3.0;0.0,3.0::-1000.0,0.0
-1000.0
0.0,3.0;1.0,4.0::975.0,0.0
975.0
1.0,4.0;0.0,3.0::-1000.0,0.0
-1000.0
0.0,3.0;2.0,0.0::-2500.0,0.0
-2500.0
2.0,0.0;0.0,3.0::0.0,0.0
0.0
0.0,3.0;2.0,1.0::-2500.0,0.0
-2500.0
2.0,1.0;0.0,3.0::0.0,0.0
0.0
0.0,3.0;2.0,2.0::0.0,0.0
0.0
2.0,2.0;0.0,3.0::0.0,0.0
0.0
0.0,3.0;2.0,3.0::0.0,0.0
0.0
2.0,3.0;0.0,3.0::0.0,0.0
0.0
0.0,3.0;2.0,4.0::-25.0,0.0
-25.0
2.0,4.0;0.0,3.0::0.0,0.0
0.0
0.0,3.0;3.0,0.0::-1500.0,0.0
-1500.0
3.0,0.0;0.0,3.0::-1000.0,0.0
-1000.0
0.0,3.0;3.0,1.0::-1500.0,0.0
-1500.0
3.0,1.0;0.0,3.0::-1000.0,0.0
-1000.0
0.0,3.0;3.0,2.0::1000.0,0.0
1000.0
3.0,2.0;0.0,3.0::-1000.0,0.0
-1000.0
0.0,3.0;3.0,3.0::1000.0,0.0
1000.0
3.0,3.0;0.0,3.0::-1000.0,0.0
-1000.0
0.0,3.0;3.0,4.0::975.0,0.0
975.0
3.0,4.0;0.0,3.0::-1000.0,0.0
-1000.0
0.0,3.0;4.0,0.0::-2500.0,0.0
-2500.0
4.0,0.0;0.0,3.0::0.0,0.0
0.0
0.0,3.0;4.0,1.0::-2500.0,0.0
-2500.0
4.0,1.0;0.0,3.0::0.0,0.0
0.0
0.0,3.0;4.0,2.0::0.0,0.0
0.0
4.0,2.0;0.0,3.0::0.0,0.0
0.0
0.0,3.0;4.0,3.0::0.0,0.0
0.0
4.0,3.0;0.0,3.0::0.0,0.0
0.0
0.0,3.0;4.0,4.0::-25.0,0.0
-25.0
4.0,4.0;0.0,3.0::0.0,0.0
0.0
0.0,4.0;0.0,4.0::-25.0,0.0
-25.0
0.0,4.0;0.0,4.0::-25.0,0.0
-25.0
0.0,4.0;1.0,0.0::-1510.0,0.0
-1510.0
1.0,0.0;0.0,4.0::-1015.0,0.0
-1015.0
0.0,4.0;1.0,1.0::-1510.0,0.0
-1510.0
1.0,1.0;0.0,4.0::-1015.0,0.0
-1015.0
0.0,4.0;1.0,2.0::990.0,0.0
990.0
1.0,2.0;0.0,4.0::-1015.0,0.0
-1015.0
0.0,4.0;1.0,3.0::990.0,0.0
990.0
1.0,3.0;0.0,4.0::-1015.0,0.0
-1015.0
0.0,4.0;1.0,4.0::965.0,0.0
965.0
1.0,4.0;0.0,4.0::-1015.0,0.0
-1015.0
0.0,4.0;2.0,0.0::-1500.0,0.0
-1500.0
2.0,0.0;0.0,4.0::-3500.0,0.0
-3500.0
0.0,4.0;2.0,1.0::-1500.0,0.0
-1500.0
2.0,1.0;0.0,4.0::-3500.0,0.0
-3500.0
0.0,4.0;2.0,2.0::1000.0,0.0
1000.0
2.0,2.0;0.0,4.0::-3500.0,0.0
-3500.0
0.0,4.0;2.0,3.0::1000.0,0.0
1000.0
2.0,3.0;0.0,4.0::-3500.0,0.0
-3500.0
0.0,4.0;2.0,4.0::975.0,0.0
975.0
2.0,4.0;0.0,4.0::-3500.0,0.0
-3500.0
0.0,4.0;3.0,0.0::-1510.0,0.0
-1510.0
3.0,0.0;0.0,4.0::-1015.0,0.0
-1015.0
0.0,4.0;3.0,1.0::-1510.0,0.0
-1510.0
3.0,1.0;0.0,4.0::-1015.0,0.0
-1015.0
0.0,4.0;3.0,2.0::990.0,0.0
990.0
3.0,2.0;0.0,4.0::-1015.0,0.0
-1015.0
0.0,4.0;3.0,3.0::990.0,0.0
990.0
3.0,3.0;0.0,4.0::-1015.0,0.0
-1015.0
0.0,4.0;3.0,4.0::965.0,0.0
965.0
3.0,4.0;0.0,4.0::-1015.0,0.0
-1015.0
0.0,4.0;4.0,0.0::-1505.0,0.0
-1505.0
4.0,0.0;0.0,4.0::-1007.5,0.0
-1007.5
0.0,4.0;4.0,1.0::-1505.0,0.0
-1505.0
4.0,1.0;0.0,4.0::-1007.5,0.0
-1007.5
0.0,4.0;4.0,2.0::995.0,0.0
995.0
4.0,2.0;0.0,4.0::-1007.5,0.0
-1007.5
0.0,4.0;4.0,3.0::995.0,0.0
995.0
4.0,3.0;0.0,4.0::-1007.5,0.0
-1007.5
0.0,4.0;4.0,4.0::970.0,0.0
970.0
4.0,4.0;0.0,4.0::-1007.5,0.0
-1007.5
1.0,0.0;1.0,0.0::-2500.0,0.0
-2500.0
1.0,0.0;1.0,0.0::-2500.0,0.0
-2500.0
1.0,0.0;1.0,1.0::-1750.0,0.0
-1750.0
1.0,1.0;1.0,0.0::-2000.0,0.0
-2000.0
1.0,0.0;1.0,2.0::-1750.0,0.0
-1750.0
1.0,2.0;1.0,0.0::-2000.0,0.0
-2000.0
1.0,0.0;1.0,3.0::-1000.0,0.0
-1000.0
1.0,3.0;1.0,0.0::-1500.0,0.0
-1500.0
1.0,0.0;1.0,4.0::-1015.0,0.0
-1015.0
1.0,4.0;1.0,0.0::-1510.0,0.0
-1510.0
1.0,0.0;2.0,0.0::-1500.0,0.0
-1500.0
2.0,0.0;1.0,0.0::-3500.0,0.0
-3500.0
1.0,0.0;2.0,1.0::-750.0,0.0
-750.0
2.0,1.0;1.0,0.0::-3000.0,0.0
-3000.0
1.0,0.0;2.0,2.0::-750.0,0.0
-750.0
2.0,2.0;1.0,0.0::-3000.0,0.0
-3000.0
1.0,0.0;2.0,3.0::0.0,0.0
0.0
2.0,3.0;1.0,0.0::-2500.0,0.0
-2500.0
1.0,0.0;2.0,4.0::-15.0,0.0
-15.0
2.0,4.0;1.0,0.0::-2510.0,0.0
-2510.0
1.0,0.0;3.0,0.0::-1500.0,0.0
-1500.0
3.0,0.0;1.0,0.0::-3500.0,0.0
-3500.0
1.0,0.0;3.0,1.0::-750.0,0.0
-750.0
3.0,1.0;1.0,0.0::-3000.0,0.0
-3000.0
1.0,0.0;3.0,2.0::-750.0,0.0
-750.0
3.0,2.0;1.0,0.0::-3000.0,0.0
-3000.0
1.0,0.0;3.0,3.0::0.0,0.0
0.0
3.0,3.0;1.0,0.0::-2500.0,0.0
-2500.0
1.0,0.0;3.0,4.0::-15.0,0.0
-15.0
3.0,4.0;1.0,0.0::-2510.0,0.0
-2510.0
1.0,0.0;4.0,0.0::-1505.0,0.0
-1505.0
4.0,0.0;1.0,0.0::-1007.5,0.0
-1007.5
1.0,0.0;4.0,1.0::-755.0,0.0
-755.0
4.0,1.0;1.0,0.0::-507.5,0.0
-507.5
1.0,0.0;4.0,2.0::-755.0,0.0
-755.0
4.0,2.0;1.0,0.0::-507.5,0.0
-507.5
1.0,0.0;4.0,3.0::-5.0,0.0
-5.0
4.0,3.0;1.0,0.0::-7.5,0.0
-7.5
1.0,0.0;4.0,4.0::-20.0,0.0
-20.0
4.0,4.0;1.0,0.0::-17.5,0.0
-17.5
1.0,1.0;1.0,1.0::-1250.0,0.0
-1250.0
1.0,1.0;1.0,1.0::-1250.0,0.0
-1250.0
1.0,1.0;1.0,2.0::-1250.0,0.0
-1250.0
1.0,2.0;1.0,1.0::-1250.0,0.0
-1250.0
1.0,1.0;1.0,3.0::-500.0,0.0
-500.0
1.0,3.0;1.0,1.0::-750.0,0.0
-750.0
1.0,1.0;1.0,4.0::-515.0,0.0
-515.0
1.0,4.0;1.0,1.0::-760.0,0.0
-760.0
1.0,1.0;2.0,0.0::-2000.0,0.0
-2000.0
2.0,0.0;1.0,1.0::-1750.0,0.0
-1750.0
1.0,1.0;2.0,1.0::-1250.0,0.0
-1250.0
2.0,1.0;1.0,1.0::-1250.0,0.0
-1250.0
1.0,1.0;2.0,2.0::-1250.0,0.0
-1250.0
2.0,2.0;1.0,1.0::-1250.0,0.0
-1250.0
1.0,1.0;2.0,3.0::-500.0,0.0
-500.0
2.0,3.0;1.0,1.0::-750.0,0.0
-750.0
1.0,1.0;2.0,4.0::-515.0,0.0
-515.0
2.0,4.0;1.0,1.0::-760.0,0.0
-760.0
1.0,1.0;3.0,0.0::-1500.0,0.0
-1500.0
3.0,0.0;1.0,1.0::-1000.0,0.0
-1000.0
1.0,1.0;3.0,1.0::-750.0,0.0
-750.0
3.0,1.0;1.0,1.0::-500.0,0.0
-500.0
1.0,1.0;3.0,2.0::-750.0,0.0
-750.0
3.0,2.0;1.0,1.0::-500.0,0.0
-500.0
1.0,1.0;3.0,3.0::0.0,0.0
0.0
3.0,3.0;1.0,1.0::0.0,0.0
0.0
1.0,1.0;3.0,4.0::-15.0,0.0
-15.0
3.0,4.0;1.0,1.0::-10.0,0.0
-10.0
1.0,1.0;4.0,0.0::-1505.0,0.0
-1505.0
4.0,0.0;1.0,1.0::-1007.5,0.0
-1007.5
1.0,1.0;4.0,1.0::-755.0,0.0
-755.0
4.0,1.0;1.0,1.0::-507.5,0.0
-507.5
1.0,1.0;4.0,2.0::-755.0,0.0
-755.0
4.0,2.0;1.0,1.0::-507.5,0.0
-507.5
1.0,1.0;4.0,3.0::-5.0,0.0
-5.0
4.0,3.0;1.0,1.0::-7.5,0.0
-7.5
1.0,1.0;4.0,4.0::-20.0,0.0
-20.0
4.0,4.0;1.0,1.0::-17.5,0.0
-17.5
1.0,2.0;1.0,2.0::-1250.0,0.0
-1250.0
1.0,2.0;1.0,2.0::-1250.0,0.0
-1250.0
1.0,2.0;1.0,3.0::-500.0,0.0
-500.0
1.0,3.0;1.0,2.0::-750.0,0.0
-750.0
1.0,2.0;1.0,4.0::-515.0,0.0
-515.0
1.0,4.0;1.0,2.0::-760.0,0.0
-760.0
1.0,2.0;2.0,0.0::-2000.0,0.0
-2000.0
2.0,0.0;1.0,2.0::-1750.0,0.0
-1750.0
1.0,2.0;2.0,1.0::-1250.0,0.0
-1250.0
2.0,1.0;1.0,2.0::-1250.0,0.0
-1250.0
1.0,2.0;2.0,2.0::-1250.0,0.0
-1250.0
2.0,2.0;1.0,2.0::-1250.0,0.0
-1250.0
1.0,2.0;2.0,3.0::-500.0,0.0
-500.0
2.0,3.0;1.0,2.0::-750.0,0.0
-750.0
1.0,2.0;2.0,4.0::-515.0,0.0
-515.0
2.0,4.0;1.0,2.0::-760.0,0.0
-760.0
1.0,2.0;3.0,0.0::-1500.0,0.0
-1500.0
3.0,0.0;1.0,2.0::-3500.0,0.0
-3500.0
1.0,2.0;3.0,1.0::-750.0,0.0
-750.0
3.0,1.0;1.0,2.0::-3000.0,0.0
-3000.0
1.0,2.0;3.0,2.0::-750.0,0.0
-750.0
3.0,2.0;1.0,2.0::-3000.0,0.0
-3000.0
1.0,2.0;3.0,3.0::0.0,0.0
0.0
3.0,3.0;1.0,2.0::-2500.0,0.0
-2500.0
1.0,2.0;3.0,4.0::-15.0,0.0
-15.0
3.0,4.0;1.0,2.0::-2510.0,0.0
-2510.0
1.0,2.0;4.0,0.0::-2500.0,0.0
-2500.0
4.0,0.0;1.0,2.0::0.0,0.0
0.0
1.0,2.0;4.0,1.0::-1750.0,0.0
-1750.0
4.0,1.0;1.0,2.0::500.0,0.0
500.0
1.0,2.0;4.0,2.0::-1750.0,0.0
-1750.0
4.0,2.0;1.0,2.0::500.0,0.0
500.0
1.0,2.0;4.0,3.0::-1000.0,0.0
-1000.0
4.0,3.0;1.0,2.0::1000.0,0.0
1000.0
1.0,2.0;4.0,4.0::-1015.0,0.0
-1015.0
4.0,4.0;1.0,2.0::990.0,0.0
990.0
1.0,3.0;1.0,3.0::0.0,0.0
0.0
1.0,3.0;1.0,3.0::0.0,0.0
0.0
1.0,3.0;1.0,4.0::-15.0,0.0
-15.0
1.0,4.0;1.0,3.0::-10.0,0.0
-10.0
1.0,3.0;2.0,0.0::-2500.0,0.0
-2500.0
2.0,0.0;1.0,3.0::0.0,0.0
0.0
1.0,3.0;2.0,1.0::-1750.0,0.0
-1750.0
2.0,1.0;1.0,3.0::500.0,0.0
500.0
1.0,3.0;2.0,2.0::-1750.0,0.0
-1750.0
2.0,2.0;1.0,3.0::500.0,0.0
500.0
1.0,3.0;2.0,3.0::-1000.0,0.0
-1000.0
2.0,3.0;1.0,3.0::1000.0,0.0
1000.0
1.0,3.0;2.0,4.0::-1015.0,0.0
-1015.0
2.0,4.0;1.0,3.0::990.0,0.0
990.0
1.0,3.0;3.0,0.0::-1500.0,0.0
-1500.0
3.0,0.0;1.0,3.0::-1000.0,0.0
-1000.0
1.0,3.0;3.0,1.0::-750.0,0.0
-750.0
3.0,1.0;1.0,3.0::-500.0,0.0
-500.0
1.0,3.0;3.0,2.0::-750.0,0.0
-750.0
3.0,2.0;1.0,3.0::-500.0,0.0
-500.0
1.0,3.0;3.0,3.0::0.0,0.0
0.0
3.0,3.0;1.0,3.0::0.0,0.0
0.0
1.0,3.0;3.0,4.0::-15.0,0.0
-15.0
3.0,4.0;1.0,3.0::-10.0,0.0
-10.0
1.0,3.0;4.0,0.0::-2500.0,0.0
-2500.0
4.0,0.0;1.0,3.0::0.0,0.0
0.0
1.0,3.0;4.0,1.0::-1750.0,0.0
-1750.0
4.0,1.0;1.0,3.0::500.0,0.0
500.0
1.0,3.0;4.0,2.0::-1750.0,0.0
-1750.0
4.0,2.0;1.0,3.0::500.0,0.0
500.0
1.0,3.0;4.0,3.0::-1000.0,0.0
-1000.0
4.0,3.0;1.0,3.0::1000.0,0.0
1000.0
1.0,3.0;4.0,4.0::-1015.0,0.0
-1015.0
4.0,4.0;1.0,3.0::990.0,0.0
990.0
1.0,4.0;1.0,4.0::-25.0,0.0
-25.0
1.0,4.0;1.0,4.0::-25.0,0.0
-25.0
1.0,4.0;2.0,0.0::-1500.0,0.0
-1500.0
2.0,0.0;1.0,4.0::-3500.0,0.0
-3500.0
1.0,4.0;2.0,1.0::-750.0,0.0
-750.0
2.0,1.0;1.0,4.0::-3000.0,0.0
-3000.0
1.0,4.0;2.0,2.0::-750.0,0.0
-750.0
2.0,2.0;1.0,4.0::-3000.0,0.0
-3000.0
1.0,4.0;2.0,3.0::0.0,0.0
0.0
2.0,3.0;1.0,4.0::-2500.0,0.0
-2500.0
1.0,4.0;2.0,4.0::-15.0,0.0
-15.0
2.0,4.0;1.0,4.0::-2510.0,0.0
-2510.0
1.0,4.0;3.0,0.0::-1510.0,0.0
-1510.0
3.0,0.0;1.0,4.0::-1015.0,0.0
-1015.0
1.0,4.0;3.0,1.0::-760.0,0.0
-760.0
3.0,1.0;1.0,4.0::-515.0,0.0
-515.0
1.0,4.0;3.0,2.0::-760.0,0.0
-760.0
3.0,2.0;1.0,4.0::-515.0,0.0
-515.0
1.0,4.0;3.0,3.0::-10.0,0.0
-10.0
3.0,3.0;1.0,4.0::-15.0,0.0
-15.0
1.0,4.0;3.0,4.0::-25.0,0.0
-25.0
3.0,4.0;1.0,4.0::-25.0,0.0
-25.0
1.0,4.0;4.0,0.0::-1505.0,0.0
-1505.0
4.0,0.0;1.0,4.0::-1007.5,0.0
-1007.5
1.0,4.0;4.0,1.0::-755.0,0.0
-755.0
4.0,1.0;1.0,4.0::-507.5,0.0
-507.5
1.0,4.0;4.0,2.0::-755.0,0.0
-755.0
4.0,2.0;1.0,4.0::-507.5,0.0
-507.5
1.0,4.0;4.0,3.0::-5.0,0.0
-5.0
4.0,3.0;1.0,4.0::-7.5,0.0
-7.5
1.0,4.0;4.0,4.0::-20.0,0.0
-20.0
4.0,4.0;1.0,4.0::-17.5,0.0
-17.5
2.0,0.0;2.0,0.0::-2500.0,0.0
-2500.0
2.0,0.0;2.0,0.0::-2500.0,0.0
-2500.0
2.0,0.0;2.0,1.0::-750.0,0.0
-750.0
2.0,1.0;2.0,0.0::-3000.0,0.0
-3000.0
2.0,0.0;2.0,2.0::-750.0,0.0
-750.0
2.0,2.0;2.0,0.0::-3000.0,0.0
-3000.0
2.0,0.0;2.0,3.0::1000.0,0.0
1000.0
2.0,3.0;2.0,0.0::-3500.0,0.0
-3500.0
2.0,0.0;2.0,4.0::-2500.0,0.0
-2500.0
2.0,4.0;2.0,0.0::-2500.0,0.0
-2500.0
2.0,0.0;3.0,0.0::-2500.0,0.0
-2500.0
3.0,0.0;2.0,0.0::-2500.0,0.0
-2500.0
2.0,0.0;3.0,1.0::-750.0,0.0
-750.0
3.0,1.0;2.0,0.0::-3000.0,0.0
-3000.0
2.0,0.0;3.0,2.0::-750.0,0.0
-750.0
3.0,2.0;2.0,0.0::-3000.0,0.0
-3000.0
2.0,0.0;3.0,3.0::1000.0,0.0
1000.0
3.0,3.0;2.0,0.0::-3500.0,0.0
-3500.0
2.0,0.0;3.0,4.0::-2500.0,0.0
-2500.0
3.0,4.0;2.0,0.0::-2500.0,0.0
-2500.0
2.0,0.0;4.0,0.0::-2505.0,0.0
-2505.0
4.0,0.0;2.0,0.0::-7.5,0.0
-7.5
2.0,0.0;4.0,1.0::-755.0,0.0
-755.0
4.0,1.0;2.0,0.0::-507.5,0.0
-507.5
2.0,0.0;4.0,2.0::-755.0,0.0
-755.0
4.0,2.0;2.0,0.0::-507.5,0.0
-507.5
2.0,0.0;4.0,3.0::995.0,0.0
995.0
4.0,3.0;2.0,0.0::-1007.5,0.0
-1007.5
2.0,0.0;4.0,4.0::-2505.0,0.0
-2505.0
4.0,4.0;2.0,0.0::-7.5,0.0
-7.5
2.0,1.0;2.0,1.0::-1250.0,0.0
-1250.0
2.0,1.0;2.0,1.0::-1250.0,0.0
-1250.0
2.0,1.0;2.0,2.0::-1250.0,0.0
-1250.0
2.0,2.0;2.0,1.0::-1250.0,0.0
-1250.0
2.0,1.0;2.0,3.0::500.0,0.0
500.0
2.0,3.0;2.0,1.0::-1750.0,0.0
-1750.0
2.0,1.0;2.0,4.0::-3000.0,0.0
-3000.0
2.0,4.0;2.0,1.0::-750.0,0.0
-750.0
2.0,1.0;3.0,0.0::-2500.0,0.0
-2500.0
3.0,0.0;2.0,1.0::0.0,0.0
0.0
2.0,1.0;3.0,1.0::-750.0,0.0
-750.0
3.0,1.0;2.0,1.0::-500.0,0.0
-500.0
2.0,1.0;3.0,2.0::-750.0,0.0
-750.0
3.0,2.0;2.0,1.0::-500.0,0.0
-500.0
2.0,1.0;3.0,3.0::1000.0,0.0
1000.0
3.0,3.0;2.0,1.0::-1000.0,0.0
-1000.0
2.0,1.0;3.0,4.0::-2500.0,0.0
-2500.0
3.0,4.0;2.0,1.0::0.0,0.0
0.0
2.0,1.0;4.0,0.0::-2505.0,0.0
-2505.0
4.0,0.0;2.0,1.0::-7.5,0.0
-7.5
2.0,1.0;4.0,1.0::-755.0,0.0
-755.0
4.0,1.0;2.0,1.0::-507.5,0.0
-507.5
2.0,1.0;4.0,2.0::-755.0,0.0
-755.0
4.0,2.0;2.0,1.0::-507.5,0.0
-507.5
2.0,1.0;4.0,3.0::995.0,0.0
995.0
4.0,3.0;2.0,1.0::-1007.5,0.0
-1007.5
2.0,1.0;4.0,4.0::-2505.0,0.0
-2505.0
4.0,4.0;2.0,1.0::-7.5,0.0
-7.5
2.0,2.0;2.0,2.0::-1250.0,0.0
-1250.0
2.0,2.0;2.0,2.0::-1250.0,0.0
-1250.0
2.0,2.0;2.0,3.0::500.0,0.0
500.0
2.0,3.0;2.0,2.0::-1750.0,0.0
-1750.0
2.0,2.0;2.0,4.0::-3000.0,0.0
-3000.0
2.0,4.0;2.0,2.0::-750.0,0.0
-750.0
2.0,2.0;3.0,0.0::-2500.0,0.0
-2500.0
3.0,0.0;2.0,2.0::-2500.0,0.0
-2500.0
2.0,2.0;3.0,1.0::-750.0,0.0
-750.0
3.0,1.0;2.0,2.0::-3000.0,0.0
-3000.0
2.0,2.0;3.0,2.0::-750.0,0.0
-750.0
3.0,2.0;2.0,2.0::-3000.0,0.0
-3000.0
2.0,2.0;3.0,3.0::1000.0,0.0
1000.0
3.0,3.0;2.0,2.0::-3500.0,0.0
-3500.0
2.0,2.0;3.0,4.0::-2500.0,0.0
-2500.0
3.0,4.0;2.0,2.0::-2500.0,0.0
-2500.0
2.0,2.0;4.0,0.0::-3500.0,0.0
-3500.0
4.0,0.0;2.0,2.0::1000.0,0.0
1000.0
2.0,2.0;4.0,1.0::-1750.0,0.0
-1750.0
4.0,1.0;2.0,2.0::500.0,0.0
500.0
2.0,2.0;4.0,2.0::-1750.0,0.0
-1750.0
4.0,2.0;2.0,2.0::500.0,0.0
500.0
2.0,2.0;4.0,3.0::0.0,0.0
0.0
4.0,3.0;2.0,2.0::0.0,0.0
0.0
2.0,2.0;4.0,4.0::-3500.0,0.0
-3500.0
4.0,4.0;2.0,2.0::1000.0,0.0
1000.0
2.0,3.0;2.0,3.0::0.0,0.0
0.0
2.0,3.0;2.0,3.0::0.0,0.0
0.0
2.0,3.0;2.0,4.0::-3500.0,0.0
-3500.0
2.0,4.0;2.0,3.0::1000.0,0.0
1000.0
2.0,3.0;3.0,0.0::-2500.0,0.0
-2500.0
3.0,0.0;2.0,3.0::0.0,0.0
0.0
2.0,3.0;3.0,1.0::-750.0,0.0
-750.0
3.0,1.0;2.0,3.0::-500.0,0.0
-500.0
2.0,3.0;3.0,2.0::-750.0,0.0
-750.0
3.0,2.0;2.0,3.0::-500.0,0.0
-500.0
2.0,3.0;3.0,3.0::1000.0,0.0
1000.0
3.0,3.0;2.0,3.0::-1000.0,0.0
-1000.0
2.0,3.0;3.0,4.0::-2500.0,0.0
-2500.0
3.0,4.0;2.0,3.0::0.0,0.0
0.0
2.0,3.0;4.0,0.0::-3500.0,0.0
-3500.0
4.0,0.0;2.0,3.0::1000.0,0.0
1000.0
2.0,3.0;4.0,1.0::-1750.0,0.0
-1750.0
4.0,1.0;2.0,3.0::500.0,0.0
500.0
2.0,3.0;4.0,2.0::-1750.0,0.0
-1750.0
4.0,2.0;2.0,3.0::500.0,0.0
500.0
2.0,3.0;4.0,3.0::0.0,0.0
0.0
4.0,3.0;2.0,3.0::0.0,0.0
0.0
2.0,3.0;4.0,4.0::-3500.0,0.0
-3500.0
4.0,4.0;2.0,3.0::1000.0,0.0
1000.0
2.0,4.0;2.0,4.0::-2500.0,0.0
-2500.0
2.0,4.0;2.0,4.0::-2500.0,0.0
-2500.0
2.0,4.0;3.0,0.0::-2510.0,0.0
-2510.0
3.0,0.0;2.0,4.0::-15.0,0.0
-15.0
2.0,4.0;3.0,1.0::-760.0,0.0
-760.0
3.0,1.0;2.0,4.0::-515.0,0.0
-515.0
2.0,4.0;3.0,2.0::-760.0,0.0
-760.0
3.0,2.0;2.0,4.0::-515.0,0.0
-515.0
2.0,4.0;3.0,3.0::990.0,0.0
990.0
3.0,3.0;2.0,4.0::-1015.0,0.0
-1015.0
2.0,4.0;3.0,4.0::-2510.0,0.0
-2510.0
3.0,4.0;2.0,4.0::-15.0,0.0
-15.0
2.0,4.0;4.0,0.0::-2505.0,0.0
-2505.0
4.0,0.0;2.0,4.0::-7.5,0.0
-7.5
2.0,4.0;4.0,1.0::-755.0,0.0
-755.0
4.0,1.0;2.0,4.0::-507.5,0.0
-507.5
2.0,4.0;4.0,2.0::-755.0,0.0
-755.0
4.0,2.0;2.0,4.0::-507.5,0.0
-507.5
2.0,4.0;4.0,3.0::995.0,0.0
995.0
4.0,3.0;2.0,4.0::-1007.5,0.0
-1007.5
2.0,4.0;4.0,4.0::-2505.0,0.0
-2505.0
4.0,4.0;2.0,4.0::-7.5,0.0
-7.5
3.0,0.0;3.0,0.0::-2500.0,0.0
-2500.0
3.0,0.0;3.0,0.0::-2500.0,0.0
-2500.0
3.0,0.0;3.0,1.0::0.0,0.0
0.0
3.0,1.0;3.0,0.0::-2500.0,0.0
-2500.0
3.0,0.0;3.0,2.0::-2500.0,0.0
-2500.0
3.0,2.0;3.0,0.0::-2500.0,0.0
-2500.0
3.0,0.0;3.0,3.0::0.0,0.0
0.0
3.0,3.0;3.0,0.0::-2500.0,0.0
-2500.0
3.0,0.0;3.0,4.0::-15.0,0.0
-15.0
3.0,4.0;3.0,0.0::-2510.0,0.0
-2510.0
3.0,0.0;4.0,0.0::-2505.0,0.0
-2505.0
4.0,0.0;3.0,0.0::-7.5,0.0
-7.5
3.0,0.0;4.0,1.0::-5.0,0.0
-5.0
4.0,1.0;3.0,0.0::-7.5,0.0
-7.5
3.0,0.0;4.0,2.0::-2505.0,0.0
-2505.0
4.0,2.0;3.0,0.0::-7.5,0.0
-7.5
3.0,0.0;4.0,3.0::-5.0,0.0
-5.0
4.0,3.0;3.0,0.0::-7.5,0.0
-7.5
3.0,0.0;4.0,4.0::-20.0,0.0
-20.0
4.0,4.0;3.0,0.0::-17.5,0.0
-17.5
3.0,1.0;3.0,1.0::0.0,0.0
0.0
3.0,1.0;3.0,1.0::0.0,0.0
0.0
3.0,1.0;3.0,2.0::-2500.0,0.0
-2500.0
3.0,2.0;3.0,1.0::0.0,0.0
0.0
3.0,1.0;3.0,3.0::0.0,0.0
0.0
3.0,3.0;3.0,1.0::0.0,0.0
0.0
3.0,1.0;3.0,4.0::-15.0,0.0
-15.0
3.0,4.0;3.0,1.0::-10.0,0.0
-10.0
3.0,1.0;4.0,0.0::-2505.0,0.0
-2505.0
4.0,0.0;3.0,1.0::-7.5,0.0
-7.5
3.0,1.0;4.0,1.0::-5.0,0.0
-5.0
4.0,1.0;3.0,1.0::-7.5,0.0
-7.5
3.0,1.0;4.0,2.0::-2505.0,0.0
-2505.0
4.0,2.0;3.0,1.0::-7.5,0.0
-7.5
3.0,1.0;4.0,3.0::-5.0,0.0
-5.0
4.0,3.0;3.0,1.0::-7.5,0.0
-7.5
3.0,1.0;4.0,4.0::-20.0,0.0
-20.0
4.0,4.0;3.0,1.0::-17.5,0.0
-17.5
3.0,2.0;3.0,2.0::-2500.0,0.0
-2500.0
3.0,2.0;3.0,2.0::-2500.0,0.0
-2500.0
3.0,2.0;3.0,3.0::0.0,0.0
0.0
3.0,3.0;3.0,2.0::-2500.0,0.0
-2500.0
3.0,2.0;3.0,4.0::-15.0,0.0
-15.0
3.0,4.0;3.0,2.0::-2510.0,0.0
-2510.0
3.0,2.0;4.0,0.0::-3500.0,0.0
-3500.0
4.0,0.0;3.0,2.0::1000.0,0.0
1000.0
3.0,2.0;4.0,1.0::-1000.0,0.0
-1000.0
4.0,1.0;3.0,2.0::1000.0,0.0
1000.0
3.0,2.0;4.0,2.0::-3500.0,0.0
-3500.0
4.0,2.0;3.0,2.0::1000.0,0.0
1000.0
3.0,2.0;4.0,3.0::-1000.0,0.0
-1000.0
4.0,3.0;3.0,2.0::1000.0,0.0
1000.0
3.0,2.0;4.0,4.0::-1015.0,0.0
-1015.0
4.0,4.0;3.0,2.0::990.0,0.0
990.0
3.0,3.0;3.0,3.0::0.0,0.0
0.0
3.0,3.0;3.0,3.0::0.0,0.0
0.0
3.0,3.0;3.0,4.0::-15.0,0.0
-15.0
3.0,4.0;3.0,3.0::-10.0,0.0
-10.0
3.0,3.0;4.0,0.0::-3500.0,0.0
-3500.0
4.0,0.0;3.0,3.0::1000.0,0.0
1000.0
3.0,3.0;4.0,1.0::-1000.0,0.0
-1000.0
4.0,1.0;3.0,3.0::1000.0,0.0
1000.0
3.0,3.0;4.0,2.0::-3500.0,0.0
-3500.0
4.0,2.0;3.0,3.0::1000.0,0.0
1000.0
3.0,3.0;4.0,3.0::-1000.0,0.0
-1000.0
4.0,3.0;3.0,3.0::1000.0,0.0
1000.0
3.0,3.0;4.0,4.0::-1015.0,0.0
-1015.0
4.0,4.0;3.0,3.0::990.0,0.0
990.0
3.0,4.0;3.0,4.0::-25.0,0.0
-25.0
3.0,4.0;3.0,4.0::-25.0,0.0
-25.0
3.0,4.0;4.0,0.0::-2505.0,0.0
-2505.0
4.0,0.0;3.0,4.0::-7.5,0.0
-7.5
3.0,4.0;4.0,1.0::-5.0,0.0
-5.0
4.0,1.0;3.0,4.0::-7.5,0.0
-7.5
3.0,4.0;4.0,2.0::-2505.0,0.0
-2505.0
4.0,2.0;3.0,4.0::-7.5,0.0
-7.5
3.0,4.0;4.0,3.0::-5.0,0.0
-5.0
4.0,3.0;3.0,4.0::-7.5,0.0
-7.5
3.0,4.0;4.0,4.0::-20.0,0.0
-20.0
4.0,4.0;3.0,4.0::-17.5,0.0
-17.5
4.0,0.0;4.0,0.0::-12.5,0.0
-12.5
4.0,0.0;4.0,0.0::-12.5,0.0
-12.5
4.0,0.0;4.0,1.0::-12.5,0.0
-12.5
4.0,1.0;4.0,0.0::-12.5,0.0
-12.5
4.0,0.0;4.0,2.0::995.0,0.0
995.0
4.0,2.0;4.0,0.0::-1007.5,0.0
-1007.5
4.0,0.0;4.0,3.0::995.0,0.0
995.0
4.0,3.0;4.0,0.0::-1007.5,0.0
-1007.5
4.0,0.0;4.0,4.0::-12.5,0.0
-12.5
4.0,4.0;4.0,0.0::-12.5,0.0
-12.5
4.0,1.0;4.0,1.0::-12.5,0.0
-12.5
4.0,1.0;4.0,1.0::-12.5,0.0
-12.5
4.0,1.0;4.0,2.0::995.0,0.0
995.0
4.0,2.0;4.0,1.0::-1007.5,0.0
-1007.5
4.0,1.0;4.0,3.0::995.0,0.0
995.0
4.0,3.0;4.0,1.0::-1007.5,0.0
-1007.5
4.0,1.0;4.0,4.0::-12.5,0.0
-12.5
4.0,4.0;4.0,1.0::-12.5,0.0
-12.5
4.0,2.0;4.0,2.0::0.0,0.0
0.0
4.0,2.0;4.0,2.0::0.0,0.0
0.0
4.0,2.0;4.0,3.0::0.0,0.0
0.0
4.0,3.0;4.0,2.0::0.0,0.0
0.0
4.0,2.0;4.0,4.0::-1007.5,0.0
-1007.5
4.0,4.0;4.0,2.0::995.0,0.0
995.0
4.0,3.0;4.0,3.0::0.0,0.0
0.0
4.0,3.0;4.0,3.0::0.0,0.0
0.0
4.0,3.0;4.0,4.0::-1007.5,0.0
-1007.5
4.0,4.0;4.0,3.0::995.0,0.0
995.0
4.0,4.0;4.0,4.0::-12.5,0.0
-12.5
4.0,4.0;4.0,4.0::-12.5,0.0
-12.5
