0.0,0.0;0.0,0.0::-2215.335,1048.1493811833311
-2222.0,-2179.5,-2213.0,-2366.0,-2180.5,-2324.0,-2168.0,-2251.0,-2110.5,-2201.0,-2155.0,1267.5,-2285.0,-2118.0,-2377.0,-2588.5,-2326.5,-2304.5,-2234.5,-2226.5,-2373.0,-6108.5,-2040.0,-2200.0,-2282.0,-2299.5,-2101.0,-2238.5,-2182.5,-2126.5,-2237.5,-2299.0,-2158.5,-2235.5,-2294.0,-2195.5,1745.5,-2186.5,-2170.5,-2359.0,-2228.0,1671.5,-2197.0,-2181.5,-2192.0,-2098.0,-2187.5,-2186.0,-2164.0,-2302.0,-4021.0,-2280.0,-2280.5,-2206.0,-2209.5,-2360.5,-2177.5,-2217.0,-2397.0,-2154.5,-2168.0,-2178.0,-2446.5,-2318.0,-2234.5,-2343.5,-2230.5,-2188.5,-2345.0,-2174.5,-2169.0,-6123.0,-2118.0,-2209.5,-2276.5,-2228.0,-2202.0,-2170.5,-2259.0,-2260.5,-2277.0,-2267.0,-2169.0,-2204.0,1913.0,-2161.0,-2139.0,-2090.5,-2352.5,-2266.0,-2282.0,-2216.0,-2148.0,-2232.0,-2378.5,-2325.0,-6143.0,-2113.0,-2353.0,-2413.5
0.0,0.0;0.0,0.0::-2260.335,1057.2196911120222
-2302.0,-2203.5,-2323.0,-2182.0,-2166.5,-2278.0,-2260.0,-2255.0,-2254.5,-2311.0,-2045.0,-6028.5,-2389.0,-2190.0,-2261.0,-2340.5,-2146.5,-2222.5,-2274.5,-2240.5,-2223.0,1905.5,-2196.0,-2264.0,-2212.0,-2473.5,-2387.0,-2258.5,-2182.5,-2190.5,-2097.5,-2441.0,-2266.5,-2105.5,-2326.0,-2055.5,-6074.5,-2208.5,-2176.5,-2213.0,-2320.0,-6204.5,-2231.0,-2189.5,-2182.0,-2156.0,-2087.5,-2434.0,-2180.0,-2318.0,-1211.0,-2082.0,-2180.5,-2204.0,-2215.5,-2298.5,-2121.5,-2343.0,-2301.0,-2192.5,-2230.0,-2100.0,-2320.5,-2344.0,-2220.5,-2279.5,-2104.5,-2212.5,-2311.0,-2154.5,-2199.0,1767.0,-2166.0,-2245.5,-2304.5,-2254.0,-2214.0,-2284.5,-2259.0,-2254.5,-2319.0,-2299.0,-2145.0,-2188.0,-6179.0,-2285.0,-2199.0,-2364.5,-2294.5,-2060.0,-2200.0,-2212.0,-2286.0,-2292.0,-2256.5,-2277.0,1829.0,-2321.0,-2141.0,-2281.5
0.0,0.0;0.0,1.0::-5961.755,820.413397303457
-6137.5,-6169.5,-6126.5,-6187.0,-6200.5,-6122.0,-6162.0,-6267.0,-6214.5,-6203.0,-6029.0,-6134.0,-6194.5,-6147.5,-6150.5,-6272.5,-6230.5,-6203.0,-6094.5,-2276.0,-6207.0,-6208.5,-6190.5,-6206.0,-6179.5,-6136.0,-6260.5,-6135.0,-6208.0,-6133.5,-6189.0,-6159.0,-6098.5,-6248.0,-6212.5,-6075.0,-6208.0,-6105.5,-6089.5,-6165.0,-6121.0,-6056.5,-6179.5,-6084.5,-6198.5,-4287.0,-6177.5,-6117.0,-2419.0,-6193.0,-6194.0,-2116.0,-3986.0,-6177.5,-6157.0,-6074.5,-6214.0,-6243.0,-6226.5,-6207.5,-6121.5,-6093.5,-6160.0,-6155.5,-6085.5,-6095.5,-6136.0,-6168.0,-6149.0,-6201.5,-6153.0,-6260.0,-6137.0,-6269.0,-6112.0,-6133.0,-6113.5,-6107.5,-6091.0,-6197.0,-6174.5,-6083.5,-6209.0,-6159.0,-1999.0,-6144.5,-6058.0,-6202.0,-6178.5,-6137.5,-6179.5,-6163.5,-6197.0,-6136.0,-6098.0,-6121.0,-6147.0,-6192.0,-6172.0,-6119.5
0.0,1.0;0.0,0.0::2091.245,854.618354866662
2396.5,2254.5,2259.5,2311.0,2225.5,2186.0,2376.0,2313.0,2305.5,2195.0,2423.0,2354.0,2213.5,2310.5,2235.5,2165.5,2255.5,2489.0,2317.5,-1636.0,2421.0,2209.5,2239.5,2222.0,2234.5,2254.0,2165.5,2355.0,2332.0,1642.5,2295.0,2223.0,2327.5,2252.0,2261.5,2445.0,2416.0,2394.5,2318.5,2319.0,2431.0,2297.5,2216.5,2349.5,2223.5,-465.0,2520.5,2421.0,-1463.0,2167.0,2354.0,-1514.0,-622.0,2268.5,2449.0,2549.5,2158.0,2193.0,2341.5,2238.5,2494.5,2532.5,2230.0,2408.5,2332.5,2300.5,2296.0,2184.0,2177.0,2280.5,2361.0,2222.0,2267.0,2063.0,2320.0,2329.0,2618.5,2282.5,2311.0,2291.0,2253.5,2414.5,2213.0,2235.0,-1655.0,2409.5,2326.0,2098.0,2341.5,2234.5,2252.5,2368.5,2381.0,2332.0,2396.0,2419.0,2301.0,2394.0,2374.0,2342.5
0.0,0.0;2.0,0.0::-2455.13,845.0749334230663
-2313.0,-2229.5,-2227.0,-2210.0,-2253.0,-2222.0,-2213.5,-2190.0,-2179.5,-2404.0,-2128.5,-2183.0,-2064.0,-2320.5,-2133.5,-2271.5,-2320.0,-2213.0,-2289.5,-2229.5,-2262.0,-2157.0,-2084.5,-2101.0,-2167.0,-2286.0,-2257.5,-2134.5,-2349.0,-2254.5,-2279.5,-5290.0,-2236.0,-2171.0,-2298.0,-2405.5,-2398.0,-2364.5,-2159.0,-2231.5,-2373.5,-2220.0,-2118.5,-2260.5,-5769.0,-2252.0,-2178.5,-2253.5,-2391.0,-2167.0,-2178.0,-2227.0,-2104.5,-2098.0,-2182.5,-2292.5,-2297.5,-2349.0,-2345.5,-2296.0,-2210.5,-2118.0,-2149.0,-5803.0,-2263.5,-5430.5,-2232.0,-2193.5,-2107.5,-2254.5,-2379.5,-2187.5,-2351.5,-2239.5,-2244.0,-2228.0,-2249.5,-2282.5,-2172.5,-2058.5,-2335.5,-2080.5,-2212.0,-2335.5,-2049.0,-2285.5,-2312.5,-2219.0,-2269.5,-2269.5,-2256.5,-2240.0,-2296.5,-3218.0,-6040.5,-2253.0,-2136.5,-2347.0,-2209.0,-6158.0
2.0,0.0;0.0,0.0::-2019.37,794.6570348898949
-2187.0,-2315.5,-2231.0,-2236.0,-2175.0,-2302.0,-2403.5,-2118.0,-2317.5,-2378.0,-2110.5,-2209.0,-2214.0,-2074.5,-2195.5,-2183.5,-2204.0,-2215.0,-2231.5,-2333.5,-2298.0,-2145.0,-2028.5,-2249.0,-2327.0,-2418.0,-2389.5,-2296.5,-2289.0,-2212.5,-2193.5,76.0,-2192.0,-2167.0,-2130.0,-2247.5,-2234.0,-2342.5,-2305.0,-2109.5,-2087.5,-2106.0,-2282.5,-2266.5,879.0,-2188.0,-2222.5,-2117.5,-2301.0,-2273.0,-2220.0,-2207.0,-2248.5,-2216.0,-2170.5,-2192.5,-2187.5,-2205.0,-2247.5,-2216.0,-2148.5,-2322.0,-1997.0,997.0,-2215.5,1041.5,-2142.0,-2219.5,-2089.5,-2122.5,-2363.5,-2255.5,-2187.5,-2185.5,-2088.0,-2188.0,-2331.5,-2214.5,-2168.5,-2168.5,-2161.5,-2104.5,-2198.0,-2149.5,-2247.0,-2307.5,-2280.5,-2167.0,-2317.5,-2293.5,-2240.5,-2176.0,-2200.5,-2044.0,1567.5,-2217.0,-2192.5,-2261.0,-2189.0,1820.0
0.0,0.0;2.0,1.0::-6178.115,46.11788454601967
-6225.5,-6211.5,-6185.0,-6258.0,-6114.0,-6167.5,-6230.0,-6197.5,-6152.5,-6242.0,-6138.0,-6147.0,-6166.5,-6096.5,-6153.0,-6193.5,-6169.0,-6192.5,-6198.0,-6212.0,-6184.0,-6140.0,-6240.0,-6191.0,-6115.5,-6147.5,-6154.0,-6163.5,-6172.0,-6176.0,-6169.5,-6160.5,-6154.5,-6112.5,-6190.0,-6168.5,-6166.5,-6126.0,-6080.0,-6218.5,-6198.0,-6082.0,-6182.0,-6251.5,-6220.5,-6169.0,-6156.0,-6170.5,-6222.5,-6181.5,-6089.0,-6140.5,-6239.0,-6102.0,-6133.5,-6225.5,-6205.0,-6156.5,-6170.0,-6141.5,-6234.5,-6165.5,-6222.0,-6171.5,-6143.0,-6203.0,-6225.5,-6136.5,-6143.5,-6176.5,-6156.0,-6218.5,-6145.0,-6109.5,-6168.0,-6183.5,-6228.5,-6212.0,-6150.5,-6224.0,-6255.5,-6255.5,-6116.0,-6140.0,-6231.0,-6196.0,-6260.0,-6157.0,-6069.5,-6227.0,-6184.5,-6181.0,-6175.0,-6319.0,-6129.5,-6171.0,-6265.5,-6161.5,-6234.5,-6150.0
2.0,1.0;0.0,0.0::2294.225,95.69306074632578
2292.5,2392.5,2267.0,2196.0,2502.0,2144.5,2270.0,2066.5,2249.5,2276.0,2256.0,2331.0,2179.5,2241.5,2469.0,2392.5,2245.0,2307.5,2160.0,2234.0,2434.0,2198.0,2280.0,2171.0,2302.5,2292.5,2392.0,2254.5,2326.0,2336.0,2422.5,2185.5,2227.5,2467.5,2254.0,2361.5,2311.5,2448.0,2408.0,2393.5,2322.0,2248.0,2342.0,2204.5,2287.5,2377.0,2328.0,2411.5,2325.5,2134.5,2429.0,2291.5,2111.0,2418.0,2302.5,2214.5,2293.0,2331.5,2252.0,2310.5,2181.5,2274.5,2358.0,2346.5,2285.0,2147.0,2310.5,2425.5,2246.5,2453.5,2292.0,2315.5,2347.0,2428.5,2280.0,2328.5,2409.5,2366.0,2265.5,2246.0,2244.5,2166.5,2372.0,2396.0,2325.0,2206.0,2102.0,2491.0,2292.5,2171.0,2149.5,2245.0,2251.0,2209.0,2346.5,2415.0,2362.5,2150.5,2103.5,2244.0
