0.0,1.0;0.0,1.0::-1645.36,58.100218588229076
-1622.5,-1627.5,-1657.0,-1663.0,-1628.5,-1684.5,-1756.5,-1545.5,-1532.0,-1636.0,-1600.0,-1661.0,-1749.0,-1681.5,-1691.5,-1554.0,-1588.0,-1565.0,-1590.5,-1682.0,-1621.5,-1706.5,-1588.0,-1618.5,-1554.5,-1669.0,-1726.0,-1648.0,-1692.5,-1625.0,-1651.0,-1620.0,-1594.0,-1602.0,-1580.0,-1641.0,-1771.0,-1686.0,-1651.0,-1638.5,-1628.5,-1683.5,-1803.0,-1655.5,-1586.0,-1579.0,-1600.5,-1614.0,-1571.5,-1749.5,-1635.0,-1712.5,-1738.0,-1629.5,-1585.0,-1641.0,-1537.5,-1620.0,-1648.0,-1665.0,-1627.5,-1659.5,-1680.0,-1671.0,-1700.0,-1570.0,-1753.5,-1545.0,-1620.0,-1696.0,-1596.0,-1710.0,-1630.0,-1718.0,-1567.0,-1711.5,-1670.5,-1555.5,-1680.5,-1678.5,-1594.0,-1700.0,-1662.5,-1691.5,-1652.0,-1598.5,-1758.5,-1667.5,-1745.0,-1585.0,-1651.5,-1568.0,-1639.5,-1688.0,-1588.0,-1669.0,-1613.5,-1697.0,-1622.5,-1622.5
0.0,1.0;0.0,1.0::-1650.5,54.39094593772018
-1626.5,-1693.5,-1589.0,-1661.0,-1710.5,-1690.5,-1756.5,-1565.5,-1552.0,-1652.0,-1586.0,-1705.0,-1641.0,-1795.5,-1707.5,-1620.0,-1622.0,-1621.0,-1610.5,-1636.0,-1567.5,-1692.5,-1604.0,-1570.5,-1550.5,-1781.0,-1652.0,-1658.0,-1700.5,-1645.0,-1643.0,-1602.0,-1670.0,-1626.0,-1618.0,-1623.0,-1745.0,-1650.0,-1661.0,-1652.5,-1608.5,-1595.5,-1749.0,-1617.5,-1600.0,-1625.0,-1630.5,-1614.0,-1581.5,-1751.5,-1641.0,-1668.5,-1676.0,-1631.5,-1601.0,-1647.0,-1639.5,-1662.0,-1634.0,-1707.0,-1657.5,-1613.5,-1698.0,-1797.0,-1654.0,-1592.0,-1759.5,-1551.0,-1668.0,-1670.0,-1632.0,-1632.0,-1742.0,-1720.0,-1619.0,-1765.5,-1692.5,-1585.5,-1688.5,-1690.5,-1652.0,-1654.0,-1676.5,-1587.5,-1624.0,-1650.5,-1688.5,-1689.5,-1663.0,-1607.0,-1663.5,-1618.0,-1615.5,-1660.0,-1622.0,-1607.0,-1647.5,-1645.0,-1542.5,-1674.5
0.0,1.0;2.0,0.0::-4344.905,1056.5564175542165
-4097.5,-4032.0,-4071.5,-3978.0,-3983.5,-3996.5,-7856.5,-7904.0,-3982.0,-3879.0,-3917.5,-4029.5,-4050.0,-4087.5,-3817.0,-7925.0,-4082.0,-4048.5,-4115.5,-3993.0,-4151.5,-4128.5,-4076.5,-3987.5,-3881.0,-4027.0,-8028.5,-7784.5,-4138.5,-4070.5,-4071.5,-7916.0,-4029.0,-4064.0,-3956.0,-4064.0,-4008.5,-4032.0,-4130.0,-4075.5,-4024.0,-4182.5,-4038.0,-4125.0,-4180.0,-4014.0,-3996.0,-4067.0,-3968.5,-3993.0,-4135.5,-3965.0,-4105.5,-3919.0,-3981.5,-4023.5,-4241.0,-4118.5,-3874.0,-7966.5,-3907.5,-4019.0,-3999.5,-3984.5,-4139.5,-4031.0,-4204.5,-4040.0,-3946.5,-4209.5,-4053.0,-3945.5,-4029.0,-4001.0,-3987.0,-4144.0,-3937.5,-3911.0,-4048.0,-3890.5,-4102.0,-7951.5,-4148.5,-4137.5,-4037.5,-4040.0,-3967.0,-4059.0,-4010.0,-3991.5,-4072.5,-3973.0,-3791.5,-4175.5,-4053.5,-3980.5,-4063.0,-4060.0,-3990.0,-4074.0
2.0,0.0;0.0,1.0::-11011.405,1068.6432278712105
-11385.5,-11352.0,-11309.5,-11274.0,-11409.5,-11378.5,-7602.5,-7564.0,-11198.0,-11283.0,-11277.5,-11369.5,-11370.0,-11257.5,-11297.0,-7045.0,-11356.0,-11350.5,-11343.5,-11373.0,-11385.5,-11336.5,-11310.5,-11381.5,-11269.0,-11237.0,-7460.5,-7566.5,-11344.5,-11388.5,-11273.5,-7288.0,-11211.0,-11362.0,-11308.0,-11344.0,-11336.5,-11328.0,-11362.0,-11341.5,-11378.0,-11378.5,-11262.0,-11253.0,-11318.0,-11298.0,-11292.0,-11401.0,-11316.5,-11373.0,-11347.5,-11371.0,-11365.5,-11327.0,-11237.5,-11357.5,-11479.0,-11310.5,-11306.0,-7222.5,-11257.5,-11359.0,-11291.5,-11420.5,-11337.5,-11203.0,-11380.5,-11278.0,-11320.5,-11387.5,-11295.0,-11363.5,-11385.0,-11305.0,-11331.0,-11330.0,-11233.5,-11305.0,-11330.0,-11322.5,-11342.0,-7417.5,-11406.5,-11291.5,-11343.5,-11230.0,-11285.0,-11337.0,-11308.0,-11305.5,-11320.5,-11303.0,-11265.5,-11241.5,-11357.5,-11328.5,-11267.0,-11360.0,-11352.0,-11418.0
0.0,1.0;2.0,1.0::-7993.84,49.32676149921055
-8009.0,-7980.0,-8016.0,-7991.5,-7946.5,-7997.0,-8018.5,-8005.5,-7978.5,-7956.5,-7990.0,-8009.5,-7965.5,-8012.0,-7999.0,-8098.0,-7999.5,-8004.5,-8008.0,-7990.5,-8084.5,-7935.0,-7996.5,-8062.5,-7977.0,-8094.5,-8084.5,-7961.5,-7988.5,-7988.5,-7962.0,-8068.0,-7903.0,-7973.0,-7994.0,-7925.0,-7983.0,-8079.5,-8087.0,-8072.5,-7944.0,-8043.0,-7927.0,-8045.5,-8072.5,-7988.5,-8048.5,-8007.0,-7906.0,-8069.0,-7964.5,-8098.0,-7983.5,-7979.0,-8008.0,-8047.5,-7938.0,-7939.0,-8042.0,-8014.0,-7939.5,-8003.0,-7999.0,-8007.0,-8016.0,-7995.0,-7907.0,-7936.5,-8008.5,-7982.5,-7949.5,-7864.0,-7950.0,-8024.0,-8037.0,-8100.0,-8007.5,-8000.0,-7948.0,-8016.0,-7953.5,-7944.5,-8027.5,-7962.5,-7955.5,-7954.5,-7917.0,-7924.5,-7952.0,-7926.0,-7964.0,-8034.5,-8002.5,-8025.0,-7942.0,-8019.0,-7956.5,-7979.0,-8015.5,-7978.5
2.0,1.0;0.0,1.0::-6809.78,59.31801244141615
-6829.0,-6774.0,-6798.0,-6741.5,-6762.5,-6835.0,-6888.5,-6793.5,-6760.5,-6776.5,-6776.0,-6831.5,-6869.5,-6838.0,-6803.0,-6998.0,-6847.5,-6764.5,-6782.0,-6748.5,-6906.5,-6729.0,-6796.5,-6880.5,-6789.0,-6866.5,-6828.5,-6819.5,-6786.5,-6894.5,-6786.0,-6902.0,-6725.0,-6781.0,-6802.0,-6745.0,-6741.0,-6869.5,-6877.0,-6810.5,-6864.0,-6915.0,-6737.0,-6849.5,-6822.5,-6786.5,-6864.5,-6789.0,-6818.0,-6871.0,-6720.5,-6896.0,-6857.5,-6661.0,-6830.0,-6877.5,-6780.0,-6743.0,-6892.0,-6818.0,-6697.5,-6823.0,-6773.0,-6879.0,-6918.0,-6819.0,-6715.0,-6742.5,-6784.5,-6858.5,-6729.5,-6734.0,-6852.0,-6874.0,-6819.0,-6936.0,-6749.5,-6778.0,-6782.0,-6822.0,-6809.5,-6740.5,-6879.5,-6824.5,-6789.5,-6796.5,-6741.0,-6748.5,-6766.0,-6708.0,-6790.0,-6836.5,-6838.5,-6819.0,-6734.0,-6837.0,-6794.5,-6799.0,-6831.5,-6862.5
