0.0,0.0;0.0,0.0::-2215.335,1048.1493811833311
-2222.0,-2179.5,-2213.0,-2366.0,-2180.5,-2324.0,-2168.0,-2251.0,-2110.5,-2201.0,-2155.0,1267.5,-2285.0,-2118.0,-2377.0,-2588.5,-2326.5,-2304.5,-2234.5,-2226.5,-2373.0,-6108.5,-2040.0,-2200.0,-2282.0,-2299.5,-2101.0,-2238.5,-2182.5,-2126.5,-2237.5,-2299.0,-2158.5,-2235.5,-2294.0,-2195.5,1745.5,-2186.5,-2170.5,-2359.0,-2228.0,1671.5,-2197.0,-2181.5,-2192.0,-2098.0,-2187.5,-2186.0,-2164.0,-2302.0,-4021.0,-2280.0,-2280.5,-2206.0,-2209.5,-2360.5,-2177.5,-2217.0,-2397.0,-2154.5,-2168.0,-2178.0,-2446.5,-2318.0,-2234.5,-2343.5,-2230.5,-2188.5,-2345.0,-2174.5,-2169.0,-6123.0,-2118.0,-2209.5,-2276.5,-2228.0,-2202.0,-2170.5,-2259.0,-2260.5,-2277.0,-2267.0,-2169.0,-2204.0,1913.0,-2161.0,-2139.0,-2090.5,-2352.5,-2266.0,-2282.0,-2216.0,-2148.0,-2232.0,-2378.5,-2325.0,-6143.0,-2113.0,-2353.0,-2413.5
0.0,0.0;0.0,0.0::-2260.335,1057.2196911120222
-2302.0,-2203.5,-2323.0,-2182.0,-2166.5,-2278.0,-2260.0,-2255.0,-2254.5,-2311.0,-2045.0,-6028.5,-2389.0,-2190.0,-2261.0,-2340.5,-2146.5,-2222.5,-2274.5,-2240.5,-2223.0,1905.5,-2196.0,-2264.0,-2212.0,-2473.5,-2387.0,-2258.5,-2182.5,-2190.5,-2097.5,-2441.0,-2266.5,-2105.5,-2326.0,-2055.5,-6074.5,-2208.5,-2176.5,-2213.0,-2320.0,-6204.5,-2231.0,-2189.5,-2182.0,-2156.0,-2087.5,-2434.0,-2180.0,-2318.0,-1211.0,-2082.0,-2180.5,-2204.0,-2215.5,-2298.5,-2121.5,-2343.0,-2301.0,-2192.5,-2230.0,-2100.0,-2320.5,-2344.0,-2220.5,-2279.5,-2104.5,-2212.5,-2311.0,-2154.5,-2199.0,1767.0,-2166.0,-2245.5,-2304.5,-2254.0,-2214.0,-2284.5,-2259.0,-2254.5,-2319.0,-2299.0,-2145.0,-2188.0,-6179.0,-2285.0,-2199.0,-2364.5,-2294.5,-2060.0,-2200.0,-2212.0,-2286.0,-2292.0,-2256.5,-2277.0,1829.0,-2321.0,-2141.0,-2281.5
0.0,0.0;0.0,1.0::-5961.755,820.413397303457
-6137.5,-6169.5,-6126.5,-6187.0,-6200.5,-6122.0,-6162.0,-6267.0,-6214.5,-6203.0,-6029.0,-6134.0,-6194.5,-6147.5,-6150.5,-6272.5,-6230.5,-6203.0,-6094.5,-2276.0,-6207.0,-6208.5,-6190.5,-6206.0,-6179.5,-6136.0,-6260.5,-6135.0,-6208.0,-6133.5,-6189.0,-6159.0,-6098.5,-6248.0,-6212.5,-6075.0,-6208.0,-6105.5,-6089.5,-6165.0,-6121.0,-6056.5,-6179.5,-6084.5,-6198.5,-4287.0,-6177.5,-6117.0,-2419.0,-6193.0,-6194.0,-2116.0,-3986.0,-6177.5,-6157.0,-6074.5,-6214.0,-6243.0,-6226.5,-6207.5,-6121.5,-6093.5,-6160.0,-6155.5,-6085.5,-6095.5,-6136.0,-6168.0,-6149.0,-6201.5,-6153.0,-6260.0,-6137.0,-6269.0,-6112.0,-6133.0,-6113.5,-6107.5,-6091.0,-6197.0,-6174.5,-6083.5,-6209.0,-6159.0,-1999.0,-6144.5,-6058.0,-6202.0,-6178.5,-6137.5,-6179.5,-6163.5,-6197.0,-6136.0,-6098.0,-6121.0,-6147.0,-6192.0,-6172.0,-6119.5
0.0,1.0;0.0,0.0::2091.245,854.618354866662
2396.5,2254.5,2259.5,2311.0,2225.5,2186.0,2376.0,2313.0,2305.5,2195.0,2423.0,2354.0,2213.5,2310.5,2235.5,2165.5,2255.5,2489.0,2317.5,-1636.0,2421.0,2209.5,2239.5,2222.0,2234.5,2254.0,2165.5,2355.0,2332.0,1642.5,2295.0,2223.0,2327.5,2252.0,2261.5,2445.0,2416.0,2394.5,2318.5,2319.0,2431.0,2297.5,2216.5,2349.5,2223.5,-465.0,2520.5,2421.0,-1463.0,2167.0,2354.0,-1514.0,-622.0,2268.5,2449.0,2549.5,2158.0,2193.0,2341.5,2238.5,2494.5,2532.5,2230.0,2408.5,2332.5,2300.5,2296.0,2184.0,2177.0,2280.5,2361.0,2222.0,2267.0,2063.0,2320.0,2329.0,2618.5,2282.5,2311.0,2291.0,2253.5,2414.5,2213.0,2235.0,-1655.0,2409.5,2326.0,2098.0,2341.5,2234.5,2252.5,2368.5,2381.0,2332.0,2396.0,2419.0,2301.0,2394.0,2374.0,2342.5
0.0,0.0;2.0,0.0::-2455.13,845.0749334230663
-2313.0,-2229.5,-2227.0,-2210.0,-2253.0,-2222.0,-2213.5,-2190.0,-2179.5,-2404.0,-2128.5,-2183.0,-2064.0,-2320.5,-2133.5,-2271.5,-2320.0,-2213.0,-2289.5,-2229.5,-2262.0,-2157.0,-2084.5,-2101.0,-2167.0,-2286.0,-2257.5,-2134.5,-2349.0,-2254.5,-2279.5,-5290.0,-2236.0,-2171.0,-2298.0,-2405.5,-2398.0,-2364.5,-2159.0,-2231.5,-2373.5,-2220.0,-2118.5,-2260.5,-5769.0,-2252.0,-2178.5,-2253.5,-2391.0,-2167.0,-2178.0,-2227.0,-2104.5,-2098.0,-2182.5,-2292.5,-2297.5,-2349.0,-2345.5,-2296.0,-2210.5,-2118.0,-2149.0,-5803.0,-2263.5,-5430.5,-2232.0,-2193.5,-2107.5,-2254.5,-2379.5,-2187.5,-2351.5,-2239.5,-2244.0,-2228.0,-2249.5,-2282.5,-2172.5,-2058.5,-2335.5,-2080.5,-2212.0,-2335.5,-2049.0,-2285.5,-2312.5,-2219.0,-2269.5,-2269.5,-2256.5,-2240.0,-2296.5,-3218.0,-6040.5,-2253.0,-2136.5,-2347.0,-2209.0,-6158.0
2.0,0.0;0.0,0.0::-2019.37,794.6570348898949
-2187.0,-2315.5,-2231.0,-2236.0,-2175.0,-2302.0,-2403.5,-2118.0,-2317.5,-2378.0,-2110.5,-2209.0,-2214.0,-2074.5,-2195.5,-2183.5,-2204.0,-2215.0,-2231.5,-2333.5,-2298.0,-2145.0,-2028.5,-2249.0,-2327.0,-2418.0,-2389.5,-2296.5,-2289.0,-2212.5,-2193.5,76.0,-2192.0,-2167.0,-2130.0,-2247.5,-2234.0,-2342.5,-2305.0,-2109.5,-2087.5,-2106.0,-2282.5,-2266.5,879.0,-2188.0,-2222.5,-2117.5,-2301.0,-2273.0,-2220.0,-2207.0,-2248.5,-2216.0,-2170.5,-2192.5,-2187.5,-2205.0,-2247.5,-2216.0,-2148.5,-2322.0,-1997.0,997.0,-2215.5,1041.5,-2142.0,-2219.5,-2089.5,-2122.5,-2363.5,-2255.5,-2187.5,-2185.5,-2088.0,-2188.0,-2331.5,-2214.5,-2168.5,-2168.5,-2161.5,-2104.5,-2198.0,-2149.5,-2247.0,-2307.5,-2280.5,-2167.0,-2317.5,-2293.5,-2240.5,-2176.0,-2200.5,-2044.0,1567.5,-2217.0,-2192.5,-2261.0,-2189.0,1820.0
0.0,0.0;2.0,1.0::-6178.115,46.11788454601967
-6225.5,-6211.5,-6185.0,-6258.0,-6114.0,-6167.5,-6230.0,-6197.5,-6152.5,-6242.0,-6138.0,-6147.0,-6166.5,-6096.5,-6153.0,-6193.5,-6169.0,-6192.5,-6198.0,-6212.0,-6184.0,-6140.0,-6240.0,-6191.0,-6115.5,-6147.5,-6154.0,-6163.5,-6172.0,-6176.0,-6169.5,-6160.5,-6154.5,-6112.5,-6190.0,-6168.5,-6166.5,-6126.0,-6080.0,-6218.5,-6198.0,-6082.0,-6182.0,-6251.5,-6220.5,-6169.0,-6156.0,-6170.5,-6222.5,-6181.5,-6089.0,-6140.5,-6239.0,-6102.0,-6133.5,-6225.5,-6205.0,-6156.5,-6170.0,-6141.5,-6234.5,-6165.5,-6222.0,-6171.5,-6143.0,-6203.0,-6225.5,-6136.5,-6143.5,-6176.5,-6156.0,-6218.5,-6145.0,-6109.5,-6168.0,-6183.5,-6228.5,-6212.0,-6150.5,-6224.0,-6255.5,-6255.5,-6116.0,-6140.0,-6231.0,-6196.0,-6260.0,-6157.0,-6069.5,-6227.0,-6184.5,-6181.0,-6175.0,-6319.0,-6129.5,-6171.0,-6265.5,-6161.5,-6234.5,-6150.0
2.0,1.0;0.0,0.0::2294.225,95.69306074632578
2292.5,2392.5,2267.0,2196.0,2502.0,2144.5,2270.0,2066.5,2249.5,2276.0,2256.0,2331.0,2179.5,2241.5,2469.0,2392.5,2245.0,2307.5,2160.0,2234.0,2434.0,2198.0,2280.0,2171.0,2302.5,2292.5,2392.0,2254.5,2326.0,2336.0,2422.5,2185.5,2227.5,2467.5,2254.0,2361.5,2311.5,2448.0,2408.0,2393.5,2322.0,2248.0,2342.0,2204.5,2287.5,2377.0,2328.0,2411.5,2325.5,2134.5,2429.0,2291.5,2111.0,2418.0,2302.5,2214.5,2293.0,2331.5,2252.0,2310.5,2181.5,2274.5,2358.0,2346.5,2285.0,2147.0,2310.5,2425.5,2246.5,2453.5,2292.0,2315.5,2347.0,2428.5,2280.0,2328.5,2409.5,2366.0,2265.5,2246.0,2244.5,2166.5,2372.0,2396.0,2325.0,2206.0,2102.0,2491.0,2292.5,2171.0,2149.5,2245.0,2251.0,2209.0,2346.5,2415.0,2362.5,2150.5,2103.5,2244.0
0.0,1.0;0.0,1.0::-1645.36,58.100218588229076
-1622.5,-1627.5,-1657.0,-1663.0,-1628.5,-1684.5,-1756.5,-1545.5,-1532.0,-1636.0,-1600.0,-1661.0,-1749.0,-1681.5,-1691.5,-1554.0,-1588.0,-1565.0,-1590.5,-1682.0,-1621.5,-1706.5,-1588.0,-1618.5,-1554.5,-1669.0,-1726.0,-1648.0,-1692.5,-1625.0,-1651.0,-1620.0,-1594.0,-1602.0,-1580.0,-1641.0,-1771.0,-1686.0,-1651.0,-1638.5,-1628.5,-1683.5,-1803.0,-1655.5,-1586.0,-1579.0,-1600.5,-1614.0,-1571.5,-1749.5,-1635.0,-1712.5,-1738.0,-1629.5,-1585.0,-1641.0,-1537.5,-1620.0,-1648.0,-1665.0,-1627.5,-1659.5,-1680.0,-1671.0,-1700.0,-1570.0,-1753.5,-1545.0,-1620.0,-1696.0,-1596.0,-1710.0,-1630.0,-1718.0,-1567.0,-1711.5,-1670.5,-1555.5,-1680.5,-1678.5,-1594.0,-1700.0,-1662.5,-1691.5,-1652.0,-1598.5,-1758.5,-1667.5,-1745.0,-1585.0,-1651.5,-1568.0,-1639.5,-1688.0,-1588.0,-1669.0,-1613.5,-1697.0,-1622.5,-1622.5
0.0,1.0;0.0,1.0::-1650.5,54.39094593772018
-1626.5,-1693.5,-1589.0,-1661.0,-1710.5,-1690.5,-1756.5,-1565.5,-1552.0,-1652.0,-1586.0,-1705.0,-1641.0,-1795.5,-1707.5,-1620.0,-1622.0,-1621.0,-1610.5,-1636.0,-1567.5,-1692.5,-1604.0,-1570.5,-1550.5,-1781.0,-1652.0,-1658.0,-1700.5,-1645.0,-1643.0,-1602.0,-1670.0,-1626.0,-1618.0,-1623.0,-1745.0,-1650.0,-1661.0,-1652.5,-1608.5,-1595.5,-1749.0,-1617.5,-1600.0,-1625.0,-1630.5,-1614.0,-1581.5,-1751.5,-1641.0,-1668.5,-1676.0,-1631.5,-1601.0,-1647.0,-1639.5,-1662.0,-1634.0,-1707.0,-1657.5,-1613.5,-1698.0,-1797.0,-1654.0,-1592.0,-1759.5,-1551.0,-1668.0,-1670.0,-1632.0,-1632.0,-1742.0,-1720.0,-1619.0,-1765.5,-1692.5,-1585.5,-1688.5,-1690.5,-1652.0,-1654.0,-1676.5,-1587.5,-1624.0,-1650.5,-1688.5,-1689.5,-1663.0,-1607.0,-1663.5,-1618.0,-1615.5,-1660.0,-1622.0,-1607.0,-1647.5,-1645.0,-1542.5,-1674.5
0.0,1.0;2.0,0.0::-4344.905,1056.5564175542165
-4097.5,-4032.0,-4071.5,-3978.0,-3983.5,-3996.5,-7856.5,-7904.0,-3982.0,-3879.0,-3917.5,-4029.5,-4050.0,-4087.5,-3817.0,-7925.0,-4082.0,-4048.5,-4115.5,-3993.0,-4151.5,-4128.5,-4076.5,-3987.5,-3881.0,-4027.0,-8028.5,-7784.5,-4138.5,-4070.5,-4071.5,-7916.0,-4029.0,-4064.0,-3956.0,-4064.0,-4008.5,-4032.0,-4130.0,-4075.5,-4024.0,-4182.5,-4038.0,-4125.0,-4180.0,-4014.0,-3996.0,-4067.0,-3968.5,-3993.0,-4135.5,-3965.0,-4105.5,-3919.0,-3981.5,-4023.5,-4241.0,-4118.5,-3874.0,-7966.5,-3907.5,-4019.0,-3999.5,-3984.5,-4139.5,-4031.0,-4204.5,-4040.0,-3946.5,-4209.5,-4053.0,-3945.5,-4029.0,-4001.0,-3987.0,-4144.0,-3937.5,-3911.0,-4048.0,-3890.5,-4102.0,-7951.5,-4148.5,-4137.5,-4037.5,-4040.0,-3967.0,-4059.0,-4010.0,-3991.5,-4072.5,-3973.0,-3791.5,-4175.5,-4053.5,-3980.5,-4063.0,-4060.0,-3990.0,-4074.0
2.0,0.0;0.0,1.0::-11011.405,1068.6432278712105
-11385.5,-11352.0,-11309.5,-11274.0,-11409.5,-11378.5,-7602.5,-7564.0,-11198.0,-11283.0,-11277.5,-11369.5,-11370.0,-11257.5,-11297.0,-7045.0,-11356.0,-11350.5,-11343.5,-11373.0,-11385.5,-11336.5,-11310.5,-11381.5,-11269.0,-11237.0,-7460.5,-7566.5,-11344.5,-11388.5,-11273.5,-7288.0,-11211.0,-11362.0,-11308.0,-11344.0,-11336.5,-11328.0,-11362.0,-11341.5,-11378.0,-11378.5,-11262.0,-11253.0,-11318.0,-11298.0,-11292.0,-11401.0,-11316.5,-11373.0,-11347.5,-11371.0,-11365.5,-11327.0,-11237.5,-11357.5,-11479.0,-11310.5,-11306.0,-7222.5,-11257.5,-11359.0,-11291.5,-11420.5,-11337.5,-11203.0,-11380.5,-11278.0,-11320.5,-11387.5,-11295.0,-11363.5,-11385.0,-11305.0,-11331.0,-11330.0,-11233.5,-11305.0,-11330.0,-11322.5,-11342.0,-7417.5,-11406.5,-11291.5,-11343.5,-11230.0,-11285.0,-11337.0,-11308.0,-11305.5,-11320.5,-11303.0,-11265.5,-11241.5,-11357.5,-11328.5,-11267.0,-11360.0,-11352.0,-11418.0
0.0,1.0;2.0,1.0::-7993.84,49.32676149921055
-8009.0,-7980.0,-8016.0,-7991.5,-7946.5,-7997.0,-8018.5,-8005.5,-7978.5,-7956.5,-7990.0,-8009.5,-7965.5,-8012.0,-7999.0,-8098.0,-7999.5,-8004.5,-8008.0,-7990.5,-8084.5,-7935.0,-7996.5,-8062.5,-7977.0,-8094.5,-8084.5,-7961.5,-7988.5,-7988.5,-7962.0,-8068.0,-7903.0,-7973.0,-7994.0,-7925.0,-7983.0,-8079.5,-8087.0,-8072.5,-7944.0,-8043.0,-7927.0,-8045.5,-8072.5,-7988.5,-8048.5,-8007.0,-7906.0,-8069.0,-7964.5,-8098.0,-7983.5,-7979.0,-8008.0,-8047.5,-7938.0,-7939.0,-8042.0,-8014.0,-7939.5,-8003.0,-7999.0,-8007.0,-8016.0,-7995.0,-7907.0,-7936.5,-8008.5,-7982.5,-7949.5,-7864.0,-7950.0,-8024.0,-8037.0,-8100.0,-8007.5,-8000.0,-7948.0,-8016.0,-7953.5,-7944.5,-8027.5,-7962.5,-7955.5,-7954.5,-7917.0,-7924.5,-7952.0,-7926.0,-7964.0,-8034.5,-8002.5,-8025.0,-7942.0,-8019.0,-7956.5,-7979.0,-8015.5,-7978.5
2.0,1.0;0.0,1.0::-6809.78,59.31801244141615
-6829.0,-6774.0,-6798.0,-6741.5,-6762.5,-6835.0,-6888.5,-6793.5,-6760.5,-6776.5,-6776.0,-6831.5,-6869.5,-6838.0,-6803.0,-6998.0,-6847.5,-6764.5,-6782.0,-6748.5,-6906.5,-6729.0,-6796.5,-6880.5,-6789.0,-6866.5,-6828.5,-6819.5,-6786.5,-6894.5,-6786.0,-6902.0,-6725.0,-6781.0,-6802.0,-6745.0,-6741.0,-6869.5,-6877.0,-6810.5,-6864.0,-6915.0,-6737.0,-6849.5,-6822.5,-6786.5,-6864.5,-6789.0,-6818.0,-6871.0,-6720.5,-6896.0,-6857.5,-6661.0,-6830.0,-6877.5,-6780.0,-6743.0,-6892.0,-6818.0,-6697.5,-6823.0,-6773.0,-6879.0,-6918.0,-6819.0,-6715.0,-6742.5,-6784.5,-6858.5,-6729.5,-6734.0,-6852.0,-6874.0,-6819.0,-6936.0,-6749.5,-6778.0,-6782.0,-6822.0,-6809.5,-6740.5,-6879.5,-6824.5,-6789.5,-6796.5,-6741.0,-6748.5,-6766.0,-6708.0,-6790.0,-6836.5,-6838.5,-6819.0,-6734.0,-6837.0,-6794.5,-6799.0,-6831.5,-6862.5
2.0,0.0;2.0,0.0::-2245.04,83.4333470502053
-2101.0,-2394.0,-2287.0,-2248.0,-2124.0,-2178.5,-2254.5,-2215.5,-2472.5,-2211.0,-2149.5,-2306.5,-2252.5,-2416.5,-2273.5,-2261.5,-2122.5,-2240.0,-2138.0,-2361.5,-2265.0,-2339.5,-2318.5,-2186.0,-2352.0,-2218.0,-2281.5,-2142.0,-2244.0,-2272.5,-2159.5,-2157.0,-2212.5,-2226.5,-2185.0,-2253.0,-2288.0,-2352.5,-2271.0,-2327.5,-2312.5,-2415.0,-2138.0,-2319.5,-2250.0,-2336.0,-2162.0,-2287.0,-2187.0,-2268.0,-2240.5,-2218.0,-2181.0,-2280.0,-2256.5,-2287.0,-2316.5,-2356.5,-2233.0,-2347.0,-2244.5,-2325.0,-2257.5,-2042.5,-2397.0,-2231.5,-2304.5,-2169.5,-2255.0,-2152.0,-2126.0,-2173.0,-2220.5,-2167.5,-2335.5,-2216.0,-2290.0,-2013.0,-2336.5,-2243.5,-2122.5,-2203.0,-2281.5,-2224.0,-2180.5,-2198.5,-2170.0,-2247.0,-2254.0,-2253.5,-2384.5,-2273.0,-2370.0,-2071.0,-2213.0,-2281.0,-2211.0,-2122.0,-2251.5,-2241.5
2.0,0.0;2.0,0.0::-2227.54,106.76578759134408
-2189.0,-2346.0,-2219.0,-2252.0,-2202.0,-2174.5,-2320.5,-2263.5,-2132.5,-2181.0,-2203.5,-2262.5,-2298.5,-2200.5,-2223.5,-2211.5,-2170.5,-2254.0,-2230.0,-2417.5,-2295.0,-2181.5,-2436.5,-2242.0,-2388.0,-2096.0,-2275.5,-2220.0,-2292.0,-2164.5,-2157.5,-2211.0,-2134.5,-2174.5,-2063.0,-2217.0,-2404.0,-2216.5,-2157.0,-2085.5,-2004.5,-2427.0,-2176.0,-2327.5,-2022.0,-2266.0,-2188.0,-2129.0,-2307.0,-2370.0,-2244.5,-2060.0,-2073.0,-2106.0,-2366.5,-2255.0,-2120.5,-2308.5,-1991.0,-2459.0,-2156.5,-2301.0,-2263.5,-2148.5,-2217.0,-2115.5,-2168.5,-2129.5,-2353.0,-2114.0,-2158.0,-2243.0,-2486.5,-2401.5,-2371.5,-2176.0,-2378.0,-2043.0,-2202.5,-2367.5,-2206.5,-2375.0,-2215.5,-2276.0,-2148.5,-2280.5,-2396.0,-2229.0,-2156.0,-2147.5,-2238.5,-2275.0,-2232.0,-2159.0,-2113.0,-2399.0,-2205.0,-2030.0,-2323.5,-2189.5
2.0,0.0;2.0,1.0::-11328.12,57.36275446663977
-11378.0,-11328.5,-11343.5,-11373.0,-11325.0,-11286.0,-11363.5,-11280.5,-11447.0,-11379.5,-11448.0,-11353.0,-11270.5,-11205.5,-11333.5,-11348.0,-11260.5,-11297.0,-11375.0,-11357.5,-11384.5,-11360.5,-11215.5,-11408.0,-11294.0,-11292.0,-11381.0,-11343.0,-11307.0,-11314.5,-11375.5,-11204.0,-11333.0,-11312.0,-11387.0,-11293.0,-11303.5,-11358.5,-11263.5,-11279.5,-11362.5,-11415.0,-11250.5,-11335.0,-11317.5,-11340.0,-11378.0,-11320.5,-11323.0,-11324.5,-11404.0,-11285.5,-11290.5,-11392.0,-11306.0,-11288.5,-11230.5,-11332.0,-11390.5,-11439.5,-11371.5,-11168.5,-11339.5,-11308.5,-11315.0,-11389.0,-11450.0,-11228.5,-11261.5,-11315.0,-11317.5,-11299.5,-11320.0,-11436.5,-11369.0,-11356.0,-11321.0,-11415.5,-11320.5,-11311.0,-11348.0,-11360.5,-11255.0,-11224.0,-11249.5,-11376.0,-11376.0,-11330.0,-11401.0,-11249.0,-11368.0,-11281.0,-11320.0,-11299.5,-11303.5,-11235.5,-11320.5,-11341.0,-11372.0,-11300.5
2.0,1.0;2.0,0.0::-4056.24,96.30847522414629
-4036.0,-4118.5,-3809.5,-4119.0,-3975.0,-3936.0,-4065.5,-4166.5,-3967.0,-4085.5,-4020.0,-4103.0,-4008.5,-3989.5,-4017.5,-4204.0,-3982.5,-4171.0,-4069.0,-4143.5,-4152.5,-4170.5,-3835.5,-4114.0,-3982.0,-4080.0,-4219.0,-4275.0,-4011.0,-3988.5,-3999.5,-4060.0,-3877.0,-3994.0,-4063.0,-3953.0,-4059.5,-4028.5,-3985.5,-4035.5,-4156.5,-4149.0,-4046.5,-4217.0,-3973.5,-3954.0,-3982.0,-4072.5,-3875.0,-4092.5,-3968.0,-4035.5,-4126.5,-3926.0,-4048.0,-4122.5,-4108.5,-4088.0,-4332.5,-4223.5,-3997.5,-3978.5,-3969.5,-3880.5,-4009.0,-4145.0,-4096.0,-4038.5,-4101.5,-4045.0,-4021.5,-3853.5,-4118.0,-4130.5,-4051.0,-3986.0,-4159.0,-4175.5,-4126.5,-4103.0,-4144.0,-4014.5,-4213.0,-3968.0,-4053.5,-4170.0,-3942.0,-3988.0,-4163.0,-3997.0,-4202.0,-3995.0,-4028.0,-3967.5,-4041.5,-4079.5,-3988.5,-4175.0,-4108.0,-4032.5
2.0,1.0;2.0,1.0::-13156.3,59.16058654205517
-13141.0,-13233.0,-13186.0,-13197.0,-13213.0,-13139.0,-13206.0,-13146.5,-13112.5,-13216.0,-13101.0,-13282.5,-13112.5,-13131.0,-13224.5,-13150.0,-13179.0,-13052.0,-12958.5,-13194.5,-13090.5,-13200.5,-13203.0,-13030.5,-13100.0,-13143.5,-13083.0,-13233.5,-13263.0,-13114.5,-13224.0,-13136.0,-13144.5,-13194.0,-13197.5,-13224.0,-13189.0,-13159.5,-13053.5,-13243.0,-13162.0,-13211.5,-13267.5,-13168.5,-13121.5,-13191.0,-13253.0,-13186.0,-13120.5,-13186.5,-13219.0,-13136.0,-13068.0,-13195.0,-13062.0,-13162.0,-13197.0,-13162.0,-13204.0,-13167.0,-13183.0,-13161.5,-13172.5,-13093.0,-13177.5,-13109.0,-13100.5,-13075.0,-13099.5,-13050.0,-13183.5,-13092.0,-13052.0,-13107.5,-13169.5,-13130.0,-13076.0,-13170.5,-13135.0,-13053.0,-13150.0,-13220.0,-13202.5,-13177.5,-13146.5,-13224.0,-13173.0,-13133.5,-13167.5,-13205.5,-13137.5,-13166.0,-13199.0,-13192.0,-13200.5,-13173.5,-13191.0,-13128.0,-13021.5,-13188.0
2.0,1.0;2.0,1.0::-13152.86,60.4263634517253
-13109.0,-13185.0,-13178.0,-13227.0,-13151.0,-13171.0,-13236.0,-13166.5,-13188.5,-13124.0,-13101.0,-13186.5,-13146.5,-13149.0,-13208.5,-13148.0,-13191.0,-13090.0,-12994.5,-13202.5,-13066.5,-13088.5,-13077.0,-13072.5,-13072.0,-13103.5,-13173.0,-13289.5,-13173.0,-13060.5,-13188.0,-13174.0,-13144.5,-13086.0,-13229.5,-13164.0,-13181.0,-13141.5,-13121.5,-13175.0,-13106.0,-13113.5,-13219.5,-13186.5,-13089.5,-13167.0,-13153.0,-13238.0,-13150.5,-13114.5,-13187.0,-13246.0,-13134.0,-13145.0,-13080.0,-13106.0,-13287.0,-13046.0,-13142.0,-13179.0,-13229.0,-13205.5,-13218.5,-13253.0,-13243.5,-13153.0,-13116.5,-13055.0,-13111.5,-13152.0,-13177.5,-13158.0,-13066.0,-13163.5,-13215.5,-13078.0,-13150.0,-13226.5,-13115.0,-13071.0,-13148.0,-13180.0,-13068.5,-13039.5,-13214.5,-13212.0,-13107.0,-13155.5,-13181.5,-13197.5,-13103.5,-13240.0,-13183.0,-13196.0,-13118.5,-13259.5,-13257.0,-13056.0,-13087.5,-13098.0
