2.0,4.0;2.0,4.0::-3000.0,0.0
-3000.0
2.0,4.0;2.0,4.0::-3000.0,0.0
-3000.0
2.0,4.0;3.0,0.0::-2522.5,0.0
-2522.5
3.0,0.0;2.0,4.0::-522.5,0.0
-522.5
2.0,4.0;3.0,1.0::-772.5,0.0
-772.5
3.0,1.0;2.0,4.0::-772.5,0.0
-772.5
2.0,4.0;3.0,2.0::-772.5,0.0
-772.5
3.0,2.0;2.0,4.0::-772.5,0.0
-772.5
2.0,4.0;3.0,3.0::977.5,0.0
977.5
3.0,3.0;2.0,4.0::-1022.5,0.0
-1022.5
2.0,4.0;3.0,4.0::-2522.5,0.0
-2522.5
3.0,4.0;2.0,4.0::-522.5,0.0
-522.5
2.0,4.0;4.0,0.0::-2507.5,0.0
-2507.5
4.0,0.0;2.0,4.0::-507.5,0.0
-507.5
2.0,4.0;4.0,1.0::-757.5,0.0
-757.5
4.0,1.0;2.0,4.0::-757.5,0.0
-757.5
2.0,4.0;4.0,2.0::-757.5,0.0
-757.5
4.0,2.0;2.0,4.0::-757.5,0.0
-757.5
2.0,4.0;4.0,3.0::992.5,0.0
992.5
4.0,3.0;2.0,4.0::-1007.5,0.0
-1007.5
2.0,4.0;4.0,4.0::-2507.5,0.0
-2507.5
4.0,4.0;2.0,4.0::-507.5,0.0
-507.5
