0.0,4.0;0.0,4.0::-45.0,0.0
-45.0
0.0,4.0;0.0,4.0::-45.0,0.0
-45.0
0.0,4.0;1.0,0.0::-1522.5,0.0
-1522.5
1.0,0.0;0.0,4.0::-1522.5,0.0
-1522.5
0.0,4.0;1.0,1.0::-1522.5,0.0
-1522.5
1.0,1.0;0.0,4.0::-1522.5,0.0
-1522.5
0.0,4.0;1.0,2.0::977.5,0.0
977.5
1.0,2.0;0.0,4.0::-1022.5,0.0
-1022.5
0.0,4.0;1.0,3.0::977.5,0.0
977.5
1.0,3.0;0.0,4.0::-1022.5,0.0
-1022.5
0.0,4.0;1.0,4.0::940.0,0.0
940.0
1.0,4.0;0.0,4.0::-1030.0,0.0
-1030.0
0.0,4.0;2.0,0.0::-2000.0,0.0
-2000.0
2.0,0.0;0.0,4.0::-4000.0,0.0
-4000.0
0.0,4.0;2.0,1.0::-2000.0,0.0
-2000.0
2.0,1.0;0.0,4.0::-4000.0,0.0
-4000.0
0.0,4.0;2.0,2.0::500.0,0.0
500.0
2.0,2.0;0.0,4.0::-3500.0,0.0
-3500.0
0.0,4.0;2.0,3.0::500.0,0.0
500.0
2.0,3.0;0.0,4.0::-3500.0,0.0
-3500.0
0.0,4.0;2.0,4.0::462.5,0.0
462.5
2.0,4.0;0.0,4.0::-3507.5,0.0
-3507.5
0.0,4.0;3.0,0.0::-1522.5,0.0
-1522.5
3.0,0.0;0.0,4.0::-1522.5,0.0
-1522.5
0.0,4.0;3.0,1.0::-1522.5,0.0
-1522.5
3.0,1.0;0.0,4.0::-1522.5,0.0
-1522.5
0.0,4.0;3.0,2.0::977.5,0.0
977.5
3.0,2.0;0.0,4.0::-1022.5,0.0
-1022.5
0.0,4.0;3.0,3.0::977.5,0.0
977.5
3.0,3.0;0.0,4.0::-1022.5,0.0
-1022.5
0.0,4.0;3.0,4.0::940.0,0.0
940.0
3.0,4.0;0.0,4.0::-1030.0,0.0
-1030.0
0.0,4.0;4.0,0.0::-1507.5,0.0
-1507.5
4.0,0.0;0.0,4.0::-1507.5,0.0
-1507.5
0.0,4.0;4.0,1.0::-1507.5,0.0
-1507.5
4.0,1.0;0.0,4.0::-1507.5,0.0
-1507.5
0.0,4.0;4.0,2.0::992.5,0.0
992.5
4.0,2.0;0.0,4.0::-1007.5,0.0
-1007.5
0.0,4.0;4.0,3.0::992.5,0.0
992.5
4.0,3.0;0.0,4.0::-1007.5,0.0
-1007.5
0.0,4.0;4.0,4.0::955.0,0.0
955.0
4.0,4.0;0.0,4.0::-1015.0,0.0
-1015.0
