0.0,0.0;0.0,0.0::-3000.0,0.0
-3000.0
0.0,0.0;0.0,0.0::-3000.0,0.0
-3000.0
0.0,0.0;0.0,1.0::-3000.0,0.0
-3000.0
0.0,1.0;0.0,0.0::-3000.0,0.0
-3000.0
0.0,0.0;0.0,2.0::-500.0,0.0
-500.0
0.0,2.0;0.0,0.0::-2500.0,0.0
-2500.0
0.0,0.0;0.0,3.0::-500.0,0.0
-500.0
0.0,3.0;0.0,0.0::-2500.0,0.0
-2500.0
0.0,0.0;0.0,4.0::-537.5,0.0
-537.5
0.0,4.0;0.0,0.0::-2507.5,0.0
-2507.5
0.0,0.0;1.0,0.0::-3000.0,0.0
-3000.0
1.0,0.0;0.0,0.0::-3000.0,0.0
-3000.0
0.0,0.0;1.0,1.0::-3000.0,0.0
-3000.0
1.0,1.0;0.0,0.0::-3000.0,0.0
-3000.0
0.0,0.0;1.0,2.0::-500.0,0.0
-500.0
1.0,2.0;0.0,0.0::-2500.0,0.0
-2500.0
0.0,0.0;1.0,3.0::-500.0,0.0
-500.0
1.0,3.0;0.0,0.0::-2500.0,0.0
-2500.0
0.0,0.0;1.0,4.0::-537.5,0.0
-537.5
1.0,4.0;0.0,0.0::-2507.5,0.0
-2507.5
0.0,0.0;2.0,0.0::-2000.0,0.0
-2000.0
2.0,0.0;0.0,0.0::-4000.0,0.0
-4000.0
0.0,0.0;2.0,1.0::-2000.0,0.0
-2000.0
2.0,1.0;0.0,0.0::-4000.0,0.0
-4000.0
0.0,0.0;2.0,2.0::500.0,0.0
500.0
2.0,2.0;0.0,0.0::-3500.0,0.0
-3500.0
0.0,0.0;2.0,3.0::500.0,0.0
500.0
2.0,3.0;0.0,0.0::-3500.0,0.0
-3500.0
0.0,0.0;2.0,4.0::462.5,0.0
462.5
2.0,4.0;0.0,0.0::-3507.5,0.0
-3507.5
0.0,0.0;3.0,0.0::-2000.0,0.0
-2000.0
3.0,0.0;0.0,0.0::-4000.0,0.0
-4000.0
0.0,0.0;3.0,1.0::-2000.0,0.0
-2000.0
3.0,1.0;0.0,0.0::-4000.0,0.0
-4000.0
0.0,0.0;3.0,2.0::500.0,0.0
500.0
3.0,2.0;0.0,0.0::-3500.0,0.0
-3500.0
0.0,0.0;3.0,3.0::500.0,0.0
500.0
3.0,3.0;0.0,0.0::-3500.0,0.0
-3500.0
0.0,0.0;3.0,4.0::462.5,0.0
462.5
3.0,4.0;0.0,0.0::-3507.5,0.0
-3507.5
0.0,0.0;4.0,0.0::-1507.5,0.0
-1507.5
4.0,0.0;0.0,0.0::-1507.5,0.0
-1507.5
0.0,0.0;4.0,1.0::-1507.5,0.0
-1507.5
4.0,1.0;0.0,0.0::-1507.5,0.0
-1507.5
0.0,0.0;4.0,2.0::992.5,0.0
992.5
4.0,2.0;0.0,0.0::-1007.5,0.0
-1007.5
0.0,0.0;4.0,3.0::992.5,0.0
992.5
4.0,3.0;0.0,0.0::-1007.5,0.0
-1007.5
0.0,0.0;4.0,4.0::955.0,0.0
955.0
4.0,4.0;0.0,0.0::-1015.0,0.0
-1015.0
0.0,1.0;0.0,1.0::-3000.0,0.0
-3000.0
0.0,1.0;0.0,1.0::-3000.0,0.0
-3000.0
0.0,1.0;0.0,2.0::-500.0,0.0
-500.0
0.0,2.0;0.0,1.0::-2500.0,0.0
-2500.0
0.0,1.0;0.0,3.0::-500.0,0.0
-500.0
0.0,3.0;0.0,1.0::-2500.0,0.0
-2500.0
0.0,1.0;0.0,4.0::-537.5,0.0
-537.5
0.0,4.0;0.0,1.0::-2507.5,0.0
-2507.5
0.0,1.0;1.0,0.0::-2250.0,0.0
-2250.0
1.0,0.0;0.0,1.0::-2250.0,0.0
-2250.0
0.0,1.0;1.0,1.0::-2250.0,0.0
-2250.0
1.0,1.0;0.0,1.0::-2250.0,0.0
-2250.0
0.0,1.0;1.0,2.0::250.0,0.0
250.0
1.0,2.0;0.0,1.0::-1750.0,0.0
-1750.0
0.0,1.0;1.0,3.0::250.0,0.0
250.0
1.0,3.0;0.0,1.0::-1750.0,0.0
-1750.0
0.0,1.0;1.0,4.0::212.5,0.0
212.5
1.0,4.0;0.0,1.0::-1757.5,0.0
-1757.5
0.0,1.0;2.0,0.0::-2250.0,0.0
-2250.0
2.0,0.0;0.0,1.0::-2250.0,0.0
-2250.0
0.0,1.0;2.0,1.0::-2250.0,0.0
-2250.0
2.0,1.0;0.0,1.0::-2250.0,0.0
-2250.0
0.0,1.0;2.0,2.0::250.0,0.0
250.0
2.0,2.0;0.0,1.0::-1750.0,0.0
-1750.0
0.0,1.0;2.0,3.0::250.0,0.0
250.0
2.0,3.0;0.0,1.0::-1750.0,0.0
-1750.0
0.0,1.0;2.0,4.0::212.5,0.0
212.5
2.0,4.0;0.0,1.0::-1757.5,0.0
-1757.5
0.0,1.0;3.0,0.0::-1500.0,0.0
-1500.0
3.0,0.0;0.0,1.0::-1500.0,0.0
-1500.0
0.0,1.0;3.0,1.0::-1500.0,0.0
-1500.0
3.0,1.0;0.0,1.0::-1500.0,0.0
-1500.0
0.0,1.0;3.0,2.0::1000.0,0.0
1000.0
3.0,2.0;0.0,1.0::-1000.0,0.0
-1000.0
0.0,1.0;3.0,3.0::1000.0,0.0
1000.0
3.0,3.0;0.0,1.0::-1000.0,0.0
-1000.0
0.0,1.0;3.0,4.0::962.5,0.0
962.5
3.0,4.0;0.0,1.0::-1007.5,0.0
-1007.5
0.0,1.0;4.0,0.0::-1507.5,0.0
-1507.5
4.0,0.0;0.0,1.0::-1507.5,0.0
-1507.5
0.0,1.0;4.0,1.0::-1507.5,0.0
-1507.5
4.0,1.0;0.0,1.0::-1507.5,0.0
-1507.5
0.0,1.0;4.0,2.0::992.5,0.0
992.5
4.0,2.0;0.0,1.0::-1007.5,0.0
-1007.5
0.0,1.0;4.0,3.0::992.5,0.0
992.5
4.0,3.0;0.0,1.0::-1007.5,0.0
-1007.5
0.0,1.0;4.0,4.0::955.0,0.0
955.0
4.0,4.0;0.0,1.0::-1015.0,0.0
-1015.0
0.0,2.0;0.0,2.0::0.0,0.0
0.0
0.0,2.0;0.0,2.0::0.0,0.0
0.0
0.0,2.0;0.0,3.0::0.0,0.0
0.0
0.0,3.0;0.0,2.0::0.0,0.0
0.0
0.0,2.0;0.0,4.0::-37.5,0.0
-37.5
0.0,4.0;0.0,2.0::-7.5,0.0
-7.5
0.0,2.0;1.0,0.0::-2250.0,0.0
-2250.0
1.0,0.0;0.0,2.0::-2250.0,0.0
-2250.0
0.0,2.0;1.0,1.0::-2250.0,0.0
-2250.0
1.0,1.0;0.0,2.0::-2250.0,0.0
-2250.0
0.0,2.0;1.0,2.0::250.0,0.0
250.0
1.0,2.0;0.0,2.0::-1750.0,0.0
-1750.0
0.0,2.0;1.0,3.0::250.0,0.0
250.0
1.0,3.0;0.0,2.0::-1750.0,0.0
-1750.0
0.0,2.0;1.0,4.0::212.5,0.0
212.5
1.0,4.0;0.0,2.0::-1757.5,0.0
-1757.5
0.0,2.0;2.0,0.0::-2250.0,0.0
-2250.0
2.0,0.0;0.0,2.0::-2250.0,0.0
-2250.0
0.0,2.0;2.0,1.0::-2250.0,0.0
-2250.0
2.0,1.0;0.0,2.0::-2250.0,0.0
-2250.0
0.0,2.0;2.0,2.0::250.0,0.0
250.0
2.0,2.0;0.0,2.0::-1750.0,0.0
-1750.0
0.0,2.0;2.0,3.0::250.0,0.0
250.0
2.0,3.0;0.0,2.0::-1750.0,0.0
-1750.0
0.0,2.0;2.0,4.0::212.5,0.0
212.5
2.0,4.0;0.0,2.0::-1757.5,0.0
-1757.5
0.0,2.0;3.0,0.0::-2000.0,0.0
-2000.0
3.0,0.0;0.0,2.0::-4000.0,0.0
-4000.0
0.0,2.0;3.0,1.0::-2000.0,0.0
-2000.0
3.0,1.0;0.0,2.0::-4000.0,0.0
-4000.0
0.0,2.0;3.0,2.0::500.0,0.0
500.0
3.0,2.0;0.0,2.0::-3500.0,0.0
-3500.0
0.0,2.0;3.0,3.0::500.0,0.0
500.0
3.0,3.0;0.0,2.0::-3500.0,0.0
-3500.0
0.0,2.0;3.0,4.0::462.5,0.0
462.5
3.0,4.0;0.0,2.0::-3507.5,0.0
-3507.5
0.0,2.0;4.0,0.0::-2500.0,0.0
-2500.0
4.0,0.0;0.0,2.0::-500.0,0.0
-500.0
0.0,2.0;4.0,1.0::-2500.0,0.0
-2500.0
4.0,1.0;0.0,2.0::-500.0,0.0
-500.0
0.0,2.0;4.0,2.0::0.0,0.0
0.0
4.0,2.0;0.0,2.0::0.0,0.0
0.0
0.0,2.0;4.0,3.0::0.0,0.0
0.0
4.0,3.0;0.0,2.0::0.0,0.0
0.0
0.0,2.0;4.0,4.0::-37.5,0.0
-37.5
4.0,4.0;0.0,2.0::-7.5,0.0
-7.5
0.0,3.0;0.0,3.0::0.0,0.0
0.0
0.0,3.0;0.0,3.0::0.0,0.0
0.0
0.0,3.0;0.0,4.0::-37.5,0.0
-37.5
0.0,4.0;0.0,3.0::-7.5,0.0
-7.5
0.0,3.0;1.0,0.0::-1500.0,0.0
-1500.0
1.0,0.0;0.0,3.0::-1500.0,0.0
-1500.0
0.0,3.0;1.0,1.0::-1500.0,0.0
-1500.0
1.0,1.0;0.0,3.0::-1500.0,0.0
-1500.0
0.0,3.0;1.0,2.0::1000.0,0.0
1000.0
1.0,2.0;0.0,3.0::-1000.0,0.0
-1000.0
0.0,3.0;1.0,3.0::1000.0,0.0
1000.0
1.0,3.0;0.0,3.0::-1000.0,0.0
-1000.0
0.0,3.0;1.0,4.0::962.5,0.0
962.5
1.0,4.0;0.0,3.0::-1007.5,0.0
-1007.5
0.0,3.0;2.0,0.0::-2500.0,0.0
-2500.0
2.0,0.0;0.0,3.0::-500.0,0.0
-500.0
0.0,3.0;2.0,1.0::-2500.0,0.0
-2500.0
2.0,1.0;0.0,3.0::-500.0,0.0
-500.0
0.0,3.0;2.0,2.0::0.0,0.0
0.0
2.0,2.0;0.0,3.0::0.0,0.0
0.0
0.0,3.0;2.0,3.0::0.0,0.0
0.0
2.0,3.0;0.0,3.0::0.0,0.0
0.0
0.0,3.0;2.0,4.0::-37.5,0.0
-37.5
2.0,4.0;0.0,3.0::-7.5,0.0
-7.5
0.0,3.0;3.0,0.0::-1500.0,0.0
-1500.0
3.0,0.0;0.0,3.0::-1500.0,0.0
-1500.0
0.0,3.0;3.0,1.0::-1500.0,0.0
-1500.0
3.0,1.0;0.0,3.0::-1500.0,0.0
-1500.0
0.0,3.0;3.0,2.0::1000.0,0.0
1000.0
3.0,2.0;0.0,3.0::-1000.0,0.0
-1000.0
0.0,3.0;3.0,3.0::1000.0,0.0
1000.0
3.0,3.0;0.0,3.0::-1000.0,0.0
-1000.0
0.0,3.0;3.0,4.0::962.5,0.0
962.5
3.0,4.0;0.0,3.0::-1007.5,0.0
-1007.5
0.0,3.0;4.0,0.0::-2500.0,0.0
-2500.0
4.0,0.0;0.0,3.0::-500.0,0.0
-500.0
0.0,3.0;4.0,1.0::-2500.0,0.0
-2500.0
4.0,1.0;0.0,3.0::-500.0,0.0
-500.0
0.0,3.0;4.0,2.0::0.0,0.0
0.0
4.0,2.0;0.0,3.0::0.0,0.0
0.0
0.0,3.0;4.0,3.0::0.0,0.0
0.0
4.0,3.0;0.0,3.0::0.0,0.0
0.0
0.0,3.0;4.0,4.0::-37.5,0.0
-37.5
4.0,4.0;0.0,3.0::-7.5,0.0
-7.5
0.0,4.0;0.0,4.0::-45.0,0.0
-45.0
0.0,4.0;0.0,4.0::-45.0,0.0
-45.0
0.0,4.0;1.0,0.0::-1522.5,0.0
-1522.5
1.0,0.0;0.0,4.0::-1522.5,0.0
-1522.5
0.0,4.0;1.0,1.0::-1522.5,0.0
-1522.5
1.0,1.0;0.0,4.0::-1522.5,0.0
-1522.5
0.0,4.0;1.0,2.0::977.5,0.0
977.5
1.0,2.0;0.0,4.0::-1022.5,0.0
-1022.5
0.0,4.0;1.0,3.0::977.5,0.0
977.5
1.0,3.0;0.0,4.0::-1022.5,0.0
-1022.5
0.0,4.0;1.0,4.0::940.0,0.0
940.0
1.0,4.0;0.0,4.0::-1030.0,0.0
-1030.0
0.0,4.0;2.0,0.0::-2000.0,0.0
-2000.0
2.0,0.0;0.0,4.0::-4000.0,0.0
-4000.0
0.0,4.0;2.0,1.0::-2000.0,0.0
-2000.0
2.0,1.0;0.0,4.0::-4000.0,0.0
-4000.0
0.0,4.0;2.0,2.0::500.0,0.0
500.0
2.0,2.0;0.0,4.0::-3500.0,0.0
-3500.0
0.0,4.0;2.0,3.0::500.0,0.0
500.0
2.0,3.0;0.0,4.0::-3500.0,0.0
-3500.0
0.0,4.0;2.0,4.0::462.5,0.0
462.5
2.0,4.0;0.0,4.0::-3507.5,0.0
-3507.5
0.0,4.0;3.0,0.0::-1522.5,0.0
-1522.5
3.0,0.0;0.0,4.0::-1522.5,0.0
-1522.5
0.0,4.0;3.0,1.0::-1522.5,0.0
-1522.5
3.0,1.0;0.0,4.0::-1522.5,0.0
-1522.5
0.0,4.0;3.0,2.0::977.5,0.0
977.5
3.0,2.0;0.0,4.0::-1022.5,0.0
-1022.5
0.0,4.0;3.0,3.0::977.5,0.0
977.5
3.0,3.0;0.0,4.0::-1022.5,0.0
-1022.5
0.0,4.0;3.0,4.0::940.0,0.0
940.0
3.0,4.0;0.0,4.0::-1030.0,0.0
-1030.0
0.0,4.0;4.0,0.0::-1507.5,0.0
-1507.5
4.0,0.0;0.0,4.0::-1507.5,0.0
-1507.5
0.0,4.0;4.0,1.0::-1507.5,0.0
-1507.5
4.0,1.0;0.0,4.0::-1507.5,0.0
-1507.5
0.0,4.0;4.0,2.0::992.5,0.0
992.5
4.0,2.0;0.0,4.0::-1007.5,0.0
-1007.5
0.0,4.0;4.0,3.0::992.5,0.0
992.5
4.0,3.0;0.0,4.0::-1007.5,0.0
-1007.5
0.0,4.0;4.0,4.0::955.0,0.0
955.0
4.0,4.0;0.0,4.0::-1015.0,0.0
-1015.0
1.0,0.0;1.0,0.0::-3000.0,0.0
-3000.0
1.0,0.0;1.0,0.0::-3000.0,0.0
-3000.0
1.0,0.0;1.0,1.0::-2250.0,0.0
-2250.0
1.0,1.0;1.0,0.0::-2250.0,0.0
-2250.0
1.0,0.0;1.0,2.0::-2250.0,0.0
-2250.0
1.0,2.0;1.0,0.0::-2250.0,0.0
-2250.0
1.0,0.0;1.0,3.0::-1500.0,0.0
-1500.0
1.0,3.0;1.0,0.0::-1500.0,0.0
-1500.0
1.0,0.0;1.0,4.0::-1522.5,0.0
-1522.5
1.0,4.0;1.0,0.0::-1522.5,0.0
-1522.5
1.0,0.0;2.0,0.0::-2000.0,0.0
-2000.0
2.0,0.0;1.0,0.0::-4000.0,0.0
-4000.0
1.0,0.0;2.0,1.0::-1250.0,0.0
-1250.0
2.0,1.0;1.0,0.0::-3250.0,0.0
-3250.0
1.0,0.0;2.0,2.0::-1250.0,0.0
-1250.0
2.0,2.0;1.0,0.0::-3250.0,0.0
-3250.0
1.0,0.0;2.0,3.0::-500.0,0.0
-500.0
2.0,3.0;1.0,0.0::-2500.0,0.0
-2500.0
1.0,0.0;2.0,4.0::-522.5,0.0
-522.5
2.0,4.0;1.0,0.0::-2522.5,0.0
-2522.5
1.0,0.0;3.0,0.0::-2000.0,0.0
-2000.0
3.0,0.0;1.0,0.0::-4000.0,0.0
-4000.0
1.0,0.0;3.0,1.0::-1250.0,0.0
-1250.0
3.0,1.0;1.0,0.0::-3250.0,0.0
-3250.0
1.0,0.0;3.0,2.0::-1250.0,0.0
-1250.0
3.0,2.0;1.0,0.0::-3250.0,0.0
-3250.0
1.0,0.0;3.0,3.0::-500.0,0.0
-500.0
3.0,3.0;1.0,0.0::-2500.0,0.0
-2500.0
1.0,0.0;3.0,4.0::-522.5,0.0
-522.5
3.0,4.0;1.0,0.0::-2522.5,0.0
-2522.5
1.0,0.0;4.0,0.0::-1507.5,0.0
-1507.5
4.0,0.0;1.0,0.0::-1507.5,0.0
-1507.5
1.0,0.0;4.0,1.0::-757.5,0.0
-757.5
4.0,1.0;1.0,0.0::-757.5,0.0
-757.5
1.0,0.0;4.0,2.0::-757.5,0.0
-757.5
4.0,2.0;1.0,0.0::-757.5,0.0
-757.5
1.0,0.0;4.0,3.0::-7.5,0.0
-7.5
4.0,3.0;1.0,0.0::-7.5,0.0
-7.5
1.0,0.0;4.0,4.0::-30.0,0.0
-30.0
4.0,4.0;1.0,0.0::-30.0,0.0
-30.0
1.0,1.0;1.0,1.0::-1500.0,0.0
-1500.0
1.0,1.0;1.0,1.0::-1500.0,0.0
-1500.0
1.0,1.0;1.0,2.0::-1500.0,0.0
-1500.0
1.0,2.0;1.0,1.0::-1500.0,0.0
-1500.0
1.0,1.0;1.0,3.0::-750.0,0.0
-750.0
1.0,3.0;1.0,1.0::-750.0,0.0
-750.0
1.0,1.0;1.0,4.0::-772.5,0.0
-772.5
1.0,4.0;1.0,1.0::-772.5,0.0
-772.5
1.0,1.0;2.0,0.0::-2250.0,0.0
-2250.0
2.0,0.0;1.0,1.0::-2250.0,0.0
-2250.0
1.0,1.0;2.0,1.0::-1500.0,0.0
-1500.0
2.0,1.0;1.0,1.0::-1500.0,0.0
-1500.0
1.0,1.0;2.0,2.0::-1500.0,0.0
-1500.0
2.0,2.0;1.0,1.0::-1500.0,0.0
-1500.0
1.0,1.0;2.0,3.0::-750.0,0.0
-750.0
2.0,3.0;1.0,1.0::-750.0,0.0
-750.0
1.0,1.0;2.0,4.0::-772.5,0.0
-772.5
2.0,4.0;1.0,1.0::-772.5,0.0
-772.5
1.0,1.0;3.0,0.0::-1500.0,0.0
-1500.0
3.0,0.0;1.0,1.0::-1500.0,0.0
-1500.0
1.0,1.0;3.0,1.0::-750.0,0.0
-750.0
3.0,1.0;1.0,1.0::-750.0,0.0
-750.0
1.0,1.0;3.0,2.0::-750.0,0.0
-750.0
3.0,2.0;1.0,1.0::-750.0,0.0
-750.0
1.0,1.0;3.0,3.0::0.0,0.0
0.0
3.0,3.0;1.0,1.0::0.0,0.0
0.0
1.0,1.0;3.0,4.0::-22.5,0.0
-22.5
3.0,4.0;1.0,1.0::-22.5,0.0
-22.5
1.0,1.0;4.0,0.0::-1507.5,0.0
-1507.5
4.0,0.0;1.0,1.0::-1507.5,0.0
-1507.5
1.0,1.0;4.0,1.0::-757.5,0.0
-757.5
4.0,1.0;1.0,1.0::-757.5,0.0
-757.5
1.0,1.0;4.0,2.0::-757.5,0.0
-757.5
4.0,2.0;1.0,1.0::-757.5,0.0
-757.5
1.0,1.0;4.0,3.0::-7.5,0.0
-7.5
4.0,3.0;1.0,1.0::-7.5,0.0
-7.5
1.0,1.0;4.0,4.0::-30.0,0.0
-30.0
4.0,4.0;1.0,1.0::-30.0,0.0
-30.0
1.0,2.0;1.0,2.0::-1500.0,0.0
-1500.0
1.0,2.0;1.0,2.0::-1500.0,0.0
-1500.0
1.0,2.0;1.0,3.0::-750.0,0.0
-750.0
1.0,3.0;1.0,2.0::-750.0,0.0
-750.0
1.0,2.0;1.0,4.0::-772.5,0.0
-772.5
1.0,4.0;1.0,2.0::-772.5,0.0
-772.5
1.0,2.0;2.0,0.0::-2250.0,0.0
-2250.0
2.0,0.0;1.0,2.0::-2250.0,0.0
-2250.0
1.0,2.0;2.0,1.0::-1500.0,0.0
-1500.0
2.0,1.0;1.0,2.0::-1500.0,0.0
-1500.0
1.0,2.0;2.0,2.0::-1500.0,0.0
-1500.0
2.0,2.0;1.0,2.0::-1500.0,0.0
-1500.0
1.0,2.0;2.0,3.0::-750.0,0.0
-750.0
2.0,3.0;1.0,2.0::-750.0,0.0
-750.0
1.0,2.0;2.0,4.0::-772.5,0.0
-772.5
2.0,4.0;1.0,2.0::-772.5,0.0
-772.5
1.0,2.0;3.0,0.0::-2000.0,0.0
-2000.0
3.0,0.0;1.0,2.0::-4000.0,0.0
-4000.0
1.0,2.0;3.0,1.0::-1250.0,0.0
-1250.0
3.0,1.0;1.0,2.0::-3250.0,0.0
-3250.0
1.0,2.0;3.0,2.0::-1250.0,0.0
-1250.0
3.0,2.0;1.0,2.0::-3250.0,0.0
-3250.0
1.0,2.0;3.0,3.0::-500.0,0.0
-500.0
3.0,3.0;1.0,2.0::-2500.0,0.0
-2500.0
1.0,2.0;3.0,4.0::-522.5,0.0
-522.5
3.0,4.0;1.0,2.0::-2522.5,0.0
-2522.5
1.0,2.0;4.0,0.0::-2500.0,0.0
-2500.0
4.0,0.0;1.0,2.0::-500.0,0.0
-500.0
1.0,2.0;4.0,1.0::-1750.0,0.0
-1750.0
4.0,1.0;1.0,2.0::250.0,0.0
250.0
1.0,2.0;4.0,2.0::-1750.0,0.0
-1750.0
4.0,2.0;1.0,2.0::250.0,0.0
250.0
1.0,2.0;4.0,3.0::-1000.0,0.0
-1000.0
4.0,3.0;1.0,2.0::1000.0,0.0
1000.0
1.0,2.0;4.0,4.0::-1022.5,0.0
-1022.5
4.0,4.0;1.0,2.0::977.5,0.0
977.5
1.0,3.0;1.0,3.0::0.0,0.0
0.0
1.0,3.0;1.0,3.0::0.0,0.0
0.0
1.0,3.0;1.0,4.0::-22.5,0.0
-22.5
1.0,4.0;1.0,3.0::-22.5,0.0
-22.5
1.0,3.0;2.0,0.0::-2500.0,0.0
-2500.0
2.0,0.0;1.0,3.0::-500.0,0.0
-500.0
1.0,3.0;2.0,1.0::-1750.0,0.0
-1750.0
2.0,1.0;1.0,3.0::250.0,0.0
250.0
1.0,3.0;2.0,2.0::-1750.0,0.0
-1750.0
2.0,2.0;1.0,3.0::250.0,0.0
250.0
1.0,3.0;2.0,3.0::-1000.0,0.0
-1000.0
2.0,3.0;1.0,3.0::1000.0,0.0
1000.0
1.0,3.0;2.0,4.0::-1022.5,0.0
-1022.5
2.0,4.0;1.0,3.0::977.5,0.0
977.5
1.0,3.0;3.0,0.0::-1500.0,0.0
-1500.0
3.0,0.0;1.0,3.0::-1500.0,0.0
-1500.0
1.0,3.0;3.0,1.0::-750.0,0.0
-750.0
3.0,1.0;1.0,3.0::-750.0,0.0
-750.0
1.0,3.0;3.0,2.0::-750.0,0.0
-750.0
3.0,2.0;1.0,3.0::-750.0,0.0
-750.0
1.0,3.0;3.0,3.0::0.0,0.0
0.0
3.0,3.0;1.0,3.0::0.0,0.0
0.0
1.0,3.0;3.0,4.0::-22.5,0.0
-22.5
3.0,4.0;1.0,3.0::-22.5,0.0
-22.5
1.0,3.0;4.0,0.0::-2500.0,0.0
-2500.0
4.0,0.0;1.0,3.0::-500.0,0.0
-500.0
1.0,3.0;4.0,1.0::-1750.0,0.0
-1750.0
4.0,1.0;1.0,3.0::250.0,0.0
250.0
1.0,3.0;4.0,2.0::-1750.0,0.0
-1750.0
4.0,2.0;1.0,3.0::250.0,0.0
250.0
1.0,3.0;4.0,3.0::-1000.0,0.0
-1000.0
4.0,3.0;1.0,3.0::1000.0,0.0
1000.0
1.0,3.0;4.0,4.0::-1022.5,0.0
-1022.5
4.0,4.0;1.0,3.0::977.5,0.0
977.5
1.0,4.0;1.0,4.0::-45.0,0.0
-45.0
1.0,4.0;1.0,4.0::-45.0,0.0
-45.0
1.0,4.0;2.0,0.0::-2000.0,0.0
-2000.0
2.0,0.0;1.0,4.0::-4000.0,0.0
-4000.0
1.0,4.0;2.0,1.0::-1250.0,0.0
-1250.0
2.0,1.0;1.0,4.0::-3250.0,0.0
-3250.0
1.0,4.0;2.0,2.0::-1250.0,0.0
-1250.0
2.0,2.0;1.0,4.0::-3250.0,0.0
-3250.0
1.0,4.0;2.0,3.0::-500.0,0.0
-500.0
2.0,3.0;1.0,4.0::-2500.0,0.0
-2500.0
1.0,4.0;2.0,4.0::-522.5,0.0
-522.5
2.0,4.0;1.0,4.0::-2522.5,0.0
-2522.5
1.0,4.0;3.0,0.0::-1522.5,0.0
-1522.5
3.0,0.0;1.0,4.0::-1522.5,0.0
-1522.5
1.0,4.0;3.0,1.0::-772.5,0.0
-772.5
3.0,1.0;1.0,4.0::-772.5,0.0
-772.5
1.0,4.0;3.0,2.0::-772.5,0.0
-772.5
3.0,2.0;1.0,4.0::-772.5,0.0
-772.5
1.0,4.0;3.0,3.0::-22.5,0.0
-22.5
3.0,3.0;1.0,4.0::-22.5,0.0
-22.5
1.0,4.0;3.0,4.0::-45.0,0.0
-45.0
3.0,4.0;1.0,4.0::-45.0,0.0
-45.0
1.0,4.0;4.0,0.0::-1507.5,0.0
-1507.5
4.0,0.0;1.0,4.0::-1507.5,0.0
-1507.5
1.0,4.0;4.0,1.0::-757.5,0.0
-757.5
4.0,1.0;1.0,4.0::-757.5,0.0
-757.5
1.0,4.0;4.0,2.0::-757.5,0.0
-757.5
4.0,2.0;1.0,4.0::-757.5,0.0
-757.5
1.0,4.0;4.0,3.0::-7.5,0.0
-7.5
4.0,3.0;1.0,4.0::-7.5,0.0
-7.5
1.0,4.0;4.0,4.0::-30.0,0.0
-30.0
4.0,4.0;1.0,4.0::-30.0,0.0
-30.0
2.0,0.0;2.0,0.0::-3000.0,0.0
-3000.0
2.0,0.0;2.0,0.0::-3000.0,0.0
-3000.0
2.0,0.0;2.0,1.0::-1250.0,0.0
-1250.0
2.0,1.0;2.0,0.0::-3250.0,0.0
-3250.0
2.0,0.0;2.0,2.0::-1250.0,0.0
-1250.0
2.0,2.0;2.0,0.0::-3250.0,0.0
-3250.0
2.0,0.0;2.0,3.0::500.0,0.0
500.0
2.0,3.0;2.0,0.0::-3500.0,0.0
-3500.0
2.0,0.0;2.0,4.0::-3000.0,0.0
-3000.0
2.0,4.0;2.0,0.0::-3000.0,0.0
-3000.0
2.0,0.0;3.0,0.0::-3000.0,0.0
-3000.0
3.0,0.0;2.0,0.0::-3000.0,0.0
-3000.0
2.0,0.0;3.0,1.0::-1250.0,0.0
-1250.0
3.0,1.0;2.0,0.0::-3250.0,0.0
-3250.0
2.0,0.0;3.0,2.0::-1250.0,0.0
-1250.0
3.0,2.0;2.0,0.0::-3250.0,0.0
-3250.0
2.0,0.0;3.0,3.0::500.0,0.0
500.0
3.0,3.0;2.0,0.0::-3500.0,0.0
-3500.0
2.0,0.0;3.0,4.0::-3000.0,0.0
-3000.0
3.0,4.0;2.0,0.0::-3000.0,0.0
-3000.0
2.0,0.0;4.0,0.0::-2507.5,0.0
-2507.5
4.0,0.0;2.0,0.0::-507.5,0.0
-507.5
2.0,0.0;4.0,1.0::-757.5,0.0
-757.5
4.0,1.0;2.0,0.0::-757.5,0.0
-757.5
2.0,0.0;4.0,2.0::-757.5,0.0
-757.5
4.0,2.0;2.0,0.0::-757.5,0.0
-757.5
2.0,0.0;4.0,3.0::992.5,0.0
992.5
4.0,3.0;2.0,0.0::-1007.5,0.0
-1007.5
2.0,0.0;4.0,4.0::-2507.5,0.0
-2507.5
4.0,4.0;2.0,0.0::-507.5,0.0
-507.5
2.0,1.0;2.0,1.0::-1500.0,0.0
-1500.0
2.0,1.0;2.0,1.0::-1500.0,0.0
-1500.0
2.0,1.0;2.0,2.0::-1500.0,0.0
-1500.0
2.0,2.0;2.0,1.0::-1500.0,0.0
-1500.0
2.0,1.0;2.0,3.0::250.0,0.0
250.0
2.0,3.0;2.0,1.0::-1750.0,0.0
-1750.0
2.0,1.0;2.0,4.0::-3250.0,0.0
-3250.0
2.0,4.0;2.0,1.0::-1250.0,0.0
-1250.0
2.0,1.0;3.0,0.0::-2500.0,0.0
-2500.0
3.0,0.0;2.0,1.0::-500.0,0.0
-500.0
2.0,1.0;3.0,1.0::-750.0,0.0
-750.0
3.0,1.0;2.0,1.0::-750.0,0.0
-750.0
2.0,1.0;3.0,2.0::-750.0,0.0
-750.0
3.0,2.0;2.0,1.0::-750.0,0.0
-750.0
2.0,1.0;3.0,3.0::1000.0,0.0
1000.0
3.0,3.0;2.0,1.0::-1000.0,0.0
-1000.0
2.0,1.0;3.0,4.0::-2500.0,0.0
-2500.0
3.0,4.0;2.0,1.0::-500.0,0.0
-500.0
2.0,1.0;4.0,0.0::-2507.5,0.0
-2507.5
4.0,0.0;2.0,1.0::-507.5,0.0
-507.5
2.0,1.0;4.0,1.0::-757.5,0.0
-757.5
4.0,1.0;2.0,1.0::-757.5,0.0
-757.5
2.0,1.0;4.0,2.0::-757.5,0.0
-757.5
4.0,2.0;2.0,1.0::-757.5,0.0
-757.5
2.0,1.0;4.0,3.0::992.5,0.0
992.5
4.0,3.0;2.0,1.0::-1007.5,0.0
-1007.5
2.0,1.0;4.0,4.0::-2507.5,0.0
-2507.5
4.0,4.0;2.0,1.0::-507.5,0.0
-507.5
2.0,2.0;2.0,2.0::-1500.0,0.0
-1500.0
2.0,2.0;2.0,2.0::-1500.0,0.0
-1500.0
2.0,2.0;2.0,3.0::250.0,0.0
250.0
2.0,3.0;2.0,2.0::-1750.0,0.0
-1750.0
2.0,2.0;2.0,4.0::-3250.0,0.0
-3250.0
2.0,4.0;2.0,2.0::-1250.0,0.0
-1250.0
2.0,2.0;3.0,0.0::-3000.0,0.0
-3000.0
3.0,0.0;2.0,2.0::-3000.0,0.0
-3000.0
2.0,2.0;3.0,1.0::-1250.0,0.0
-1250.0
3.0,1.0;2.0,2.0::-3250.0,0.0
-3250.0
2.0,2.0;3.0,2.0::-1250.0,0.0
-1250.0
3.0,2.0;2.0,2.0::-3250.0,0.0
-3250.0
2.0,2.0;3.0,3.0::500.0,0.0
500.0
3.0,3.0;2.0,2.0::-3500.0,0.0
-3500.0
2.0,2.0;3.0,4.0::-3000.0,0.0
-3000.0
3.0,4.0;2.0,2.0::-3000.0,0.0
-3000.0
2.0,2.0;4.0,0.0::-3500.0,0.0
-3500.0
4.0,0.0;2.0,2.0::500.0,0.0
500.0
2.0,2.0;4.0,1.0::-1750.0,0.0
-1750.0
4.0,1.0;2.0,2.0::250.0,0.0
250.0
2.0,2.0;4.0,2.0::-1750.0,0.0
-1750.0
4.0,2.0;2.0,2.0::250.0,0.0
250.0
2.0,2.0;4.0,3.0::0.0,0.0
0.0
4.0,3.0;2.0,2.0::0.0,0.0
0.0
2.0,2.0;4.0,4.0::-3500.0,0.0
-3500.0
4.0,4.0;2.0,2.0::500.0,0.0
500.0
2.0,3.0;2.0,3.0::0.0,0.0
0.0
2.0,3.0;2.0,3.0::0.0,0.0
0.0
2.0,3.0;2.0,4.0::-3500.0,0.0
-3500.0
2.0,4.0;2.0,3.0::500.0,0.0
500.0
2.0,3.0;3.0,0.0::-2500.0,0.0
-2500.0
3.0,0.0;2.0,3.0::-500.0,0.0
-500.0
2.0,3.0;3.0,1.0::-750.0,0.0
-750.0
3.0,1.0;2.0,3.0::-750.0,0.0
-750.0
2.0,3.0;3.0,2.0::-750.0,0.0
-750.0
3.0,2.0;2.0,3.0::-750.0,0.0
-750.0
2.0,3.0;3.0,3.0::1000.0,0.0
1000.0
3.0,3.0;2.0,3.0::-1000.0,0.0
-1000.0
2.0,3.0;3.0,4.0::-2500.0,0.0
-2500.0
3.0,4.0;2.0,3.0::-500.0,0.0
-500.0
2.0,3.0;4.0,0.0::-3500.0,0.0
-3500.0
4.0,0.0;2.0,3.0::500.0,0.0
500.0
2.0,3.0;4.0,1.0::-1750.0,0.0
-1750.0
4.0,1.0;2.0,3.0::250.0,0.0
250.0
2.0,3.0;4.0,2.0::-1750.0,0.0
-1750.0
4.0,2.0;2.0,3.0::250.0,0.0
250.0
2.0,3.0;4.0,3.0::0.0,0.0
0.0
4.0,3.0;2.0,3.0::0.0,0.0
0.0
2.0,3.0;4.0,4.0::-3500.0,0.0
-3500.0
4.0,4.0;2.0,3.0::500.0,0.0
500.0
2.0,4.0;2.0,4.0::-3000.0,0.0
-3000.0
2.0,4.0;2.0,4.0::-3000.0,0.0
-3000.0
2.0,4.0;3.0,0.0::-2522.5,0.0
-2522.5
3.0,0.0;2.0,4.0::-522.5,0.0
-522.5
2.0,4.0;3.0,1.0::-772.5,0.0
-772.5
3.0,1.0;2.0,4.0::-772.5,0.0
-772.5
2.0,4.0;3.0,2.0::-772.5,0.0
-772.5
3.0,2.0;2.0,4.0::-772.5,0.0
-772.5
2.0,4.0;3.0,3.0::977.5,0.0
977.5
3.0,3.0;2.0,4.0::-1022.5,0.0
-1022.5
2.0,4.0;3.0,4.0::-2522.5,0.0
-2522.5
3.0,4.0;2.0,4.0::-522.5,0.0
-522.5
2.0,4.0;4.0,0.0::-2507.5,0.0
-2507.5
4.0,0.0;2.0,4.0::-507.5,0.0
-507.5
2.0,4.0;4.0,1.0::-757.5,0.0
-757.5
4.0,1.0;2.0,4.0::-757.5,0.0
-757.5
2.0,4.0;4.0,2.0::-757.5,0.0
-757.5
4.0,2.0;2.0,4.0::-757.5,0.0
-757.5
2.0,4.0;4.0,3.0::992.5,0.0
992.5
4.0,3.0;2.0,4.0::-1007.5,0.0
-1007.5
2.0,4.0;4.0,4.0::-2507.5,0.0
-2507.5
4.0,4.0;2.0,4.0::-507.5,0.0
-507.5
3.0,0.0;3.0,0.0::-3000.0,0.0
-3000.0
3.0,0.0;3.0,0.0::-3000.0,0.0
-3000.0
3.0,0.0;3.0,1.0::-500.0,0.0
-500.0
3.0,1.0;3.0,0.0::-2500.0,0.0
-2500.0
3.0,0.0;3.0,2.0::-3000.0,0.0
-3000.0
3.0,2.0;3.0,0.0::-3000.0,0.0
-3000.0
3.0,0.0;3.0,3.0::-500.0,0.0
-500.0
3.0,3.0;3.0,0.0::-2500.0,0.0
-2500.0
3.0,0.0;3.0,4.0::-522.5,0.0
-522.5
3.0,4.0;3.0,0.0::-2522.5,0.0
-2522.5
3.0,0.0;4.0,0.0::-2507.5,0.0
-2507.5
4.0,0.0;3.0,0.0::-507.5,0.0
-507.5
3.0,0.0;4.0,1.0::-7.5,0.0
-7.5
4.0,1.0;3.0,0.0::-7.5,0.0
-7.5
3.0,0.0;4.0,2.0::-2507.5,0.0
-2507.5
4.0,2.0;3.0,0.0::-507.5,0.0
-507.5
3.0,0.0;4.0,3.0::-7.5,0.0
-7.5
4.0,3.0;3.0,0.0::-7.5,0.0
-7.5
3.0,0.0;4.0,4.0::-30.0,0.0
-30.0
4.0,4.0;3.0,0.0::-30.0,0.0
-30.0
3.0,1.0;3.0,1.0::0.0,0.0
0.0
3.0,1.0;3.0,1.0::0.0,0.0
0.0
3.0,1.0;3.0,2.0::-2500.0,0.0
-2500.0
3.0,2.0;3.0,1.0::-500.0,0.0
-500.0
3.0,1.0;3.0,3.0::0.0,0.0
0.0
3.0,3.0;3.0,1.0::0.0,0.0
0.0
3.0,1.0;3.0,4.0::-22.5,0.0
-22.5
3.0,4.0;3.0,1.0::-22.5,0.0
-22.5
3.0,1.0;4.0,0.0::-2507.5,0.0
-2507.5
4.0,0.0;3.0,1.0::-507.5,0.0
-507.5
3.0,1.0;4.0,1.0::-7.5,0.0
-7.5
4.0,1.0;3.0,1.0::-7.5,0.0
-7.5
3.0,1.0;4.0,2.0::-2507.5,0.0
-2507.5
4.0,2.0;3.0,1.0::-507.5,0.0
-507.5
3.0,1.0;4.0,3.0::-7.5,0.0
-7.5
4.0,3.0;3.0,1.0::-7.5,0.0
-7.5
3.0,1.0;4.0,4.0::-30.0,0.0
-30.0
4.0,4.0;3.0,1.0::-30.0,0.0
-30.0
3.0,2.0;3.0,2.0::-3000.0,0.0
-3000.0
3.0,2.0;3.0,2.0::-3000.0,0.0
-3000.0
3.0,2.0;3.0,3.0::-500.0,0.0
-500.0
3.0,3.0;3.0,2.0::-2500.0,0.0
-2500.0
3.0,2.0;3.0,4.0::-522.5,0.0
-522.5
3.0,4.0;3.0,2.0::-2522.5,0.0
-2522.5
3.0,2.0;4.0,0.0::-3500.0,0.0
-3500.0
4.0,0.0;3.0,2.0::500.0,0.0
500.0
3.0,2.0;4.0,1.0::-1000.0,0.0
-1000.0
4.0,1.0;3.0,2.0::1000.0,0.0
1000.0
3.0,2.0;4.0,2.0::-3500.0,0.0
-3500.0
4.0,2.0;3.0,2.0::500.0,0.0
500.0
3.0,2.0;4.0,3.0::-1000.0,0.0
-1000.0
4.0,3.0;3.0,2.0::1000.0,0.0
1000.0
3.0,2.0;4.0,4.0::-1022.5,0.0
-1022.5
4.0,4.0;3.0,2.0::977.5,0.0
977.5
3.0,3.0;3.0,3.0::0.0,0.0
0.0
3.0,3.0;3.0,3.0::0.0,0.0
0.0
3.0,3.0;3.0,4.0::-22.5,0.0
-22.5
3.0,4.0;3.0,3.0::-22.5,0.0
-22.5
3.0,3.0;4.0,0.0::-3500.0,0.0
-3500.0
4.0,0.0;3.0,3.0::500.0,0.0
500.0
3.0,3.0;4.0,1.0::-1000.0,0.0
-1000.0
4.0,1.0;3.0,3.0::1000.0,0.0
1000.0
3.0,3.0;4.0,2.0::-3500.0,0.0
-3500.0
4.0,2.0;3.0,3.0::500.0,0.0
500.0
3.0,3.0;4.0,3.0::-1000.0,0.0
-1000.0
4.0,3.0;3.0,3.0::1000.0,0.0
1000.0
3.0,3.0;4.0,4.0::-1022.5,0.0
-1022.5
4.0,4.0;3.0,3.0::977.5,0.0
977.5
3.0,4.0;3.0,4.0::-45.0,0.0
-45.0
3.0,4.0;3.0,4.0::-45.0,0.0
-45.0
3.0,4.0;4.0,0.0::-2507.5,0.0
-2507.5
4.0,0.0;3.0,4.0::-507.5,0.0
-507.5
3.0,4.0;4.0,1.0::-7.5,0.0
-7.5
4.0,1.0;3.0,4.0::-7.5,0.0
-7.5
3.0,4.0;4.0,2.0::-2507.5,0.0
-2507.5
4.0,2.0;3.0,4.0::-507.5,0.0
-507.5
3.0,4.0;4.0,3.0::-7.5,0.0
-7.5
4.0,3.0;3.0,4.0::-7.5,0.0
-7.5
3.0,4.0;4.0,4.0::-30.0,0.0
-30.0
4.0,4.0;3.0,4.0::-30.0,0.0
-30.0
4.0,0.0;4.0,0.0::-15.0,0.0
-15.0
4.0,0.0;4.0,0.0::-15.0,0.0
-15.0
4.0,0.0;4.0,1.0::-15.0,0.0
-15.0
4.0,1.0;4.0,0.0::-15.0,0.0
-15.0
4.0,0.0;4.0,2.0::992.5,0.0
992.5
4.0,2.0;4.0,0.0::-1007.5,0.0
-1007.5
4.0,0.0;4.0,3.0::992.5,0.0
992.5
4.0,3.0;4.0,0.0::-1007.5,0.0
-1007.5
4.0,0.0;4.0,4.0::-15.0,0.0
-15.0
4.0,4.0;4.0,0.0::-15.0,0.0
-15.0
4.0,1.0;4.0,1.0::-15.0,0.0
-15.0
4.0,1.0;4.0,1.0::-15.0,0.0
-15.0
4.0,1.0;4.0,2.0::992.5,0.0
992.5
4.0,2.0;4.0,1.0::-1007.5,0.0
-1007.5
4.0,1.0;4.0,3.0::992.5,0.0
992.5
4.0,3.0;4.0,1.0::-1007.5,0.0
-1007.5
4.0,1.0;4.0,4.0::-15.0,0.0
-15.0
4.0,4.0;4.0,1.0::-15.0,0.0
-15.0
4.0,2.0;4.0,2.0::0.0,0.0
0.0
4.0,2.0;4.0,2.0::0.0,0.0
0.0
4.0,2.0;4.0,3.0::0.0,0.0
0.0
4.0,3.0;4.0,2.0::0.0,0.0
0.0
4.0,2.0;4.0,4.0::-1007.5,0.0
-1007.5
4.0,4.0;4.0,2.0::992.5,0.0
992.5
4.0,3.0;4.0,3.0::0.0,0.0
0.0
4.0,3.0;4.0,3.0::0.0,0.0
0.0
4.0,3.0;4.0,4.0::-1007.5,0.0
-1007.5
4.0,4.0;4.0,3.0::992.5,0.0
992.5
4.0,4.0;4.0,4.0::-15.0,0.0
-15.0
4.0,4.0;4.0,4.0::-15.0,0.0
-15.0
