0.0,0.0,0.0,0.0;0.0,0.0,0.0,0.0::-1274.0840000000017,204.98436134007815
-1274.0840000000017
0.0,0.0,0.0,0.0;0.0,0.0,0.0,0.0::-1346.219500000001,202.74282353452062
-1346.219500000001
0.0,0.0,0.0,0.0;0.0,0.0,0.0,10.0::-682.4790000000013,186.31855224051
-682.4790000000013
0.0,0.0,0.0,10.0;0.0,0.0,0.0,0.0::-965.3565000000001,215.06962159438072
-965.3565000000001
0.0,0.0,0.0,0.0;0.0,0.0,10.0,0.0::-2137.3320000000012,145.03856358224039
-2137.3320000000012
0.0,0.0,10.0,0.0;0.0,0.0,0.0,0.0::-1555.2464999999952,213.06427941527375
-1555.2464999999952
0.0,0.0,0.0,0.0;0.0,0.0,10.0,10.0::-1948.039000000001,351.2390528956024
-1948.039000000001
0.0,0.0,10.0,10.0;0.0,0.0,0.0,0.0::-1507.669999999997,226.08590181609955
-1507.669999999997
0.0,0.0,0.0,0.0;0.0,10.0,0.0,0.0::-1251.6815000000001,255.4041163191178
-1251.6815000000001
0.0,10.0,0.0,0.0;0.0,0.0,0.0,0.0::-1227.326500000001,239.75043143391775
-1227.326500000001
0.0,0.0,0.0,0.0;0.0,10.0,0.0,10.0::-750.7520000000001,301.40534865194303
-750.7520000000001
0.0,10.0,0.0,10.0;0.0,0.0,0.0,0.0::-815.8915000000001,226.93658002347297
-815.8915000000001
0.0,0.0,0.0,0.0;0.0,10.0,10.0,0.0::-2114.9624999999996,193.77399443359116
-2114.9624999999996
0.0,10.0,10.0,0.0;0.0,0.0,0.0,0.0::-1434.2804999999944,188.92973136790764
-1434.2804999999944
0.0,0.0,0.0,0.0;0.0,10.0,10.0,10.0::-1945.0324999999998,393.4263940291111
-1945.0324999999998
0.0,10.0,10.0,10.0;0.0,0.0,0.0,0.0::-1358.1609999999966,198.4755903858185
-1358.1609999999966
0.0,0.0,0.0,0.0;10.0,0.0,0.0,0.0::-1332.9030000000027,193.72682155808943
-1332.9030000000027
10.0,0.0,0.0,0.0;0.0,0.0,0.0,0.0::-1721.5635000000009,218.28319367910473
-1721.5635000000009
0.0,0.0,0.0,0.0;10.0,0.0,0.0,10.0::-738.9845000000032,121.54350387721202
-738.9845000000032
10.0,0.0,0.0,10.0;0.0,0.0,0.0,0.0::-1346.2780000000002,157.99075199517233
-1346.2780000000002
0.0,0.0,0.0,0.0;10.0,0.0,10.0,0.0::-2165.8160000000034,118.73807937641456
-2165.8160000000034
10.0,0.0,10.0,0.0;0.0,0.0,0.0,0.0::-1986.374499999995,190.29575724316567
-1986.374499999995
0.0,0.0,0.0,0.0;10.0,0.0,10.0,10.0::-2035.7225000000026,321.83959641217183
-2035.7225000000026
10.0,0.0,10.0,10.0;0.0,0.0,0.0,0.0::-1885.998999999997,220.00176283157165
-1885.998999999997
0.0,0.0,0.0,0.0;10.0,10.0,0.0,0.0::-1447.385,219.05552178614263
-1447.385
10.0,10.0,0.0,0.0;0.0,0.0,0.0,0.0::-1448.2165000000014,256.74632276383204
-1448.2165000000014
0.0,0.0,0.0,0.0;10.0,10.0,0.0,10.0::-876.5000000000006,308.62972620925416
-876.5000000000006
10.0,10.0,0.0,10.0;0.0,0.0,0.0,0.0::-1167.5035000000003,237.3371747382823
-1167.5035000000003
0.0,0.0,0.0,0.0;10.0,10.0,10.0,0.0::-2281.3459999999995,141.92091577353645
-2281.3459999999995
10.0,10.0,10.0,0.0;0.0,0.0,0.0,0.0::-1696.041999999995,260.56953042518154
-1696.041999999995
0.0,0.0,0.0,0.0;10.0,10.0,10.0,10.0::-2039.5555000000024,370.51528301103764
-2039.5555000000024
10.0,10.0,10.0,10.0;0.0,0.0,0.0,0.0::-1668.7054999999973,256.9946425409464
-1668.7054999999973
