0.0,0.0,0.0,10.0;0.0,0.0,0.0,10.0::-398.88800000000015,321.009625410205
-398.88800000000015
0.0,0.0,0.0,10.0;0.0,0.0,0.0,10.0::-391.1019999999998,276.32873709768216
-391.1019999999998
0.0,0.0,0.0,10.0;0.0,0.0,10.0,0.0::-1753.4045000000003,112.15836818869114
-1753.4045000000003
0.0,0.0,10.0,0.0;0.0,0.0,0.0,10.0::-949.1874999999948,184.27250695301743
-949.1874999999948
0.0,0.0,0.0,10.0;0.0,0.0,10.0,10.0::-1568.2454999999995,333.1073689589442
-1568.2454999999995
0.0,0.0,10.0,10.0;0.0,0.0,0.0,10.0::-919.3814999999963,232.57355047973414
-919.3814999999963
0.0,0.0,0.0,10.0;0.0,10.0,0.0,0.0::-1032.7999999999995,298.54423148002536
-1032.7999999999995
0.0,10.0,0.0,0.0;0.0,0.0,0.0,10.0::-830.7655000000013,342.48929513891295
-830.7655000000013
0.0,0.0,0.0,10.0;0.0,10.0,0.0,10.0::-400.1574999999993,282.9623402835598
-400.1574999999993
0.0,10.0,0.0,10.0;0.0,0.0,0.0,10.0::-423.8494999999997,351.96791618661774
-423.8494999999997
0.0,0.0,0.0,10.0;0.0,10.0,10.0,0.0::-1794.8014999999996,189.31611585586012
-1794.8014999999996
0.0,10.0,10.0,0.0;0.0,0.0,0.0,10.0::-1001.2989999999949,239.6218903794057
-1001.2989999999949
0.0,0.0,0.0,10.0;0.0,10.0,10.0,10.0::-1654.2189999999991,403.7838988109838
-1654.2189999999991
0.0,10.0,10.0,10.0;0.0,0.0,0.0,10.0::-995.6389999999973,362.0962471898863
-995.6389999999973
0.0,0.0,0.0,10.0;10.0,0.0,0.0,0.0::-1396.9900000000032,192.6971630564391
-1396.9900000000032
10.0,0.0,0.0,0.0;0.0,0.0,0.0,10.0::-1212.6290000000017,187.9662146743391
-1212.6290000000017
0.0,0.0,0.0,10.0;10.0,0.0,0.0,10.0::-833.2335000000036,281.76412050285956
-833.2335000000036
10.0,0.0,0.0,10.0;0.0,0.0,0.0,10.0::-888.8835000000004,160.2925959074533
-888.8835000000004
0.0,0.0,0.0,10.0;10.0,0.0,10.0,0.0::-2199.327500000004,54.15159664081914
-2199.327500000004
10.0,0.0,10.0,0.0;0.0,0.0,0.0,10.0::-1465.863999999995,102.33848764760957
-1465.863999999995
0.0,0.0,0.0,10.0;10.0,0.0,10.0,10.0::-2067.9015000000045,307.221178262095
-2067.9015000000045
10.0,0.0,10.0,10.0;0.0,0.0,0.0,10.0::-1417.004999999996,106.89044847412318
-1417.004999999996
0.0,0.0,0.0,10.0;10.0,10.0,0.0,0.0::-1382.9245000000037,178.19509904806588
-1382.9245000000037
10.0,10.0,0.0,0.0;0.0,0.0,0.0,10.0::-1214.3780000000013,160.73595635700116
-1214.3780000000013
0.0,0.0,0.0,10.0;10.0,10.0,0.0,10.0::-813.1405000000033,297.36369362238895
-813.1405000000033
10.0,10.0,0.0,10.0;0.0,0.0,0.0,10.0::-874.6790000000004,172.20296777059295
-874.6790000000004
0.0,0.0,0.0,10.0;10.0,10.0,10.0,0.0::-2205.6500000000033,79.81274271693475
-2205.6500000000033
10.0,10.0,10.0,0.0;0.0,0.0,0.0,10.0::-1485.8574999999948,142.02192777437594
-1485.8574999999948
0.0,0.0,0.0,10.0;10.0,10.0,10.0,10.0::-2074.7890000000048,302.1075881685195
-2074.7890000000048
10.0,10.0,10.0,10.0;0.0,0.0,0.0,10.0::-1451.707999999996,202.48088647079544
-1451.707999999996
