10.0,0.0,10.0,0.0;10.0,0.0,10.0,0.0::-2408.5844999999936,105.61666883001664
-2408.5844999999936
10.0,0.0,10.0,0.0;10.0,0.0,10.0,0.0::-2383.4264999999946,98.43048954845987
-2383.4264999999946
10.0,0.0,10.0,0.0;10.0,0.0,10.0,10.0::-2162.062999999993,404.9049737049412
-2162.062999999993
10.0,0.0,10.0,10.0;10.0,0.0,10.0,0.0::-2345.724999999996,136.7393435518787
-2345.724999999996
10.0,0.0,10.0,0.0;10.0,10.0,0.0,0.0::-1854.3520000000024,258.6209892796754
-1854.3520000000024
10.0,10.0,0.0,0.0;10.0,0.0,10.0,0.0::-2278.203500000003,254.65708307987342
-2278.203500000003
10.0,0.0,10.0,0.0;10.0,10.0,0.0,10.0::-1363.1555000000017,170.62555698003828
-1363.1555000000017
10.0,10.0,0.0,10.0;10.0,0.0,10.0,0.0::-2279.3920000000044,246.7339103893098
-2279.3920000000044
10.0,0.0,10.0,0.0;10.0,10.0,10.0,0.0::-2247.183500000003,154.69271315336243
-2247.183500000003
10.0,10.0,10.0,0.0;10.0,0.0,10.0,0.0::-2513.1054999999933,266.85999249559563
-2513.1054999999933
10.0,0.0,10.0,0.0;10.0,10.0,10.0,10.0::-1961.6505000000025,428.1959697086703
-1961.6505000000025
10.0,10.0,10.0,10.0;10.0,0.0,10.0,0.0::-2483.458499999996,247.70879496446744
-2483.458499999996
