10.0,0.0,10.0,10.0;10.0,0.0,10.0,10.0::-2069.469499999995,455.21177230465787
-2069.469499999995
10.0,0.0,10.0,10.0;10.0,0.0,10.0,10.0::-2102.8404999999966,420.3233580646547
-2102.8404999999966
10.0,0.0,10.0,10.0;10.0,10.0,0.0,0.0::-1825.876000000002,226.93715214569573
-1825.876000000002
10.0,10.0,0.0,0.0;10.0,0.0,10.0,10.0::-2061.1910000000034,473.0151496189099
-2061.1910000000034
10.0,0.0,10.0,10.0;10.0,10.0,0.0,10.0::-1319.1630000000032,140.36881128298765
-1319.1630000000032
10.0,10.0,0.0,10.0;10.0,0.0,10.0,10.0::-2063.1570000000042,488.381933174232
-2063.1570000000042
10.0,0.0,10.0,10.0;10.0,10.0,10.0,0.0::-2242.492000000003,140.20714313471512
-2242.492000000003
10.0,10.0,10.0,0.0;10.0,0.0,10.0,10.0::-2270.242999999993,480.87954339002584
-2270.242999999993
10.0,0.0,10.0,10.0;10.0,10.0,10.0,10.0::-1917.6280000000042,399.2335648664826
-1917.6280000000042
10.0,10.0,10.0,10.0;10.0,0.0,10.0,10.0::-2319.5539999999955,470.49779083859517
-2319.5539999999955
