10.0,10.0,0.0,0.0;10.0,10.0,0.0,0.0::-1617.6780000000017,269.3254013567959
-1617.6780000000017
10.0,10.0,0.0,0.0;10.0,10.0,0.0,0.0::-1652.034000000001,250.16876942176282
-1652.034000000001
10.0,10.0,0.0,0.0;10.0,10.0,0.0,10.0::-1355.4450000000015,185.5491028676765
-1355.4450000000015
10.0,10.0,0.0,10.0;10.0,10.0,0.0,0.0::-1592.4570000000035,213.8758209826435
-1592.4570000000035
10.0,10.0,0.0,0.0;10.0,10.0,10.0,0.0::-2349.246000000001,277.2261439402844
-2349.246000000001
10.0,10.0,10.0,0.0;10.0,10.0,0.0,0.0::-1667.0040000000029,229.4024951564361
-1667.0040000000029
10.0,10.0,0.0,0.0;10.0,10.0,10.0,10.0::-2167.055500000001,477.71358243695494
-2167.055500000001
10.0,10.0,10.0,10.0;10.0,10.0,0.0,0.0::-1627.1150000000039,255.63318461224605
-1627.1150000000039
