10.0,10.0,0.0,10.0;10.0,10.0,0.0,10.0::-1284.6040000000032,101.72246056795913
-1284.6040000000032
10.0,10.0,0.0,10.0;10.0,10.0,0.0,10.0::-1280.1860000000024,67.09130572585143
-1280.1860000000024
10.0,10.0,0.0,10.0;10.0,10.0,10.0,0.0::-2329.6145000000047,191.10678733302487
-2329.6145000000047
10.0,10.0,10.0,0.0;10.0,10.0,0.0,10.0::-1318.9000000000033,99.5443155082155
-1318.9000000000033
10.0,10.0,0.0,10.0;10.0,10.0,10.0,10.0::-2092.4060000000045,467.60211399650444
-2092.4060000000045
10.0,10.0,10.0,10.0;10.0,10.0,0.0,10.0::-1334.2585000000024,161.56915424284668
-1334.2585000000024
