0.0,0.0,10.0,0.0;0.0,0.0,10.0,0.0::-2359.785499999994,87.75970638482019
-2359.785499999994
0.0,0.0,10.0,0.0;0.0,0.0,10.0,0.0::-2371.254999999994,74.66304289941456
-2371.254999999994
0.0,0.0,10.0,0.0;0.0,0.0,10.0,10.0::-2177.952499999996,345.7749912424984
-2177.952499999996
0.0,0.0,10.0,10.0;0.0,0.0,10.0,0.0::-2324.327499999997,117.43572185987126
-2324.327499999997
0.0,0.0,10.0,0.0;0.0,10.0,0.0,0.0::-1437.9540000000022,210.68449405212272
-1437.9540000000022
0.0,10.0,0.0,0.0;0.0,0.0,10.0,0.0::-2160.2745,423.8486087918062
-2160.2745
0.0,0.0,10.0,0.0;0.0,10.0,0.0,10.0::-915.7200000000025,358.5863453200612
-915.7200000000025
0.0,10.0,0.0,10.0;0.0,0.0,10.0,0.0::-1765.8089999999997,465.6785870844823
-1765.8089999999997
0.0,0.0,10.0,0.0;0.0,10.0,10.0,0.0::-2251.505500000003,145.6953384455
-2251.505500000003
0.0,10.0,10.0,0.0;0.0,0.0,10.0,0.0::-2405.6869999999954,382.9724193476597
-2405.6869999999954
0.0,0.0,10.0,0.0;0.0,10.0,10.0,10.0::-2036.9860000000024,390.2854285058548
-2036.9860000000024
0.0,10.0,10.0,10.0;0.0,0.0,10.0,0.0::-2214.6544999999974,536.4997122597075
-2214.6544999999974
0.0,0.0,10.0,0.0;10.0,0.0,0.0,0.0::-1558.2674999999938,194.56343250659768
-1558.2674999999938
10.0,0.0,0.0,0.0;0.0,0.0,10.0,0.0::-2139.8955000000005,146.0535605685452
-2139.8955000000005
0.0,0.0,10.0,0.0;10.0,0.0,0.0,10.0::-1006.3664999999943,234.9455190097261
-1006.3664999999943
10.0,0.0,0.0,10.0;0.0,0.0,10.0,0.0::-1768.2374999999997,126.67477577935594
-1768.2374999999997
0.0,0.0,10.0,0.0;10.0,0.0,10.0,0.0::-2404.6949999999943,97.4504252171303
-2404.6949999999943
10.0,0.0,10.0,0.0;0.0,0.0,10.0,0.0::-2370.281999999995,71.04303889896522
-2370.281999999995
0.0,0.0,10.0,0.0;10.0,0.0,10.0,10.0::-2180.8759999999943,363.658641618757
-2180.8759999999943
10.0,0.0,10.0,10.0;0.0,0.0,10.0,0.0::-2293.8894999999966,138.99253996077945
-2293.8894999999966
0.0,0.0,10.0,0.0;10.0,10.0,0.0,0.0::-1458.8135000000025,220.8496813281574
-1458.8135000000025
10.0,10.0,0.0,0.0;0.0,0.0,10.0,0.0::-2226.2680000000005,244.01056498848516
-2226.2680000000005
0.0,0.0,10.0,0.0;10.0,10.0,0.0,10.0::-817.4955000000028,167.38621450032423
-817.4955000000028
10.0,10.0,0.0,10.0;0.0,0.0,10.0,0.0::-1862.3505000000005,248.14929190862122
-1862.3505000000005
0.0,0.0,10.0,0.0;10.0,10.0,10.0,0.0::-2240.6565000000037,137.46896316168528
-2240.6565000000037
10.0,10.0,10.0,0.0;0.0,0.0,10.0,0.0::-2483.8049999999944,237.99915204680812
-2483.8049999999944
0.0,0.0,10.0,0.0;10.0,10.0,10.0,10.0::-2079.2665000000034,357.1583235103845
-2079.2665000000034
10.0,10.0,10.0,10.0;0.0,0.0,10.0,0.0::-2428.2409999999977,261.63918106621406
-2428.2409999999977
