0.0,0.0,10.0,10.0;0.0,0.0,10.0,10.0::-2186.376499999996,317.5507810142328
-2186.376499999996
0.0,0.0,10.0,10.0;0.0,0.0,10.0,10.0::-2150.6634999999974,360.12695066149803
-2150.6634999999974
0.0,0.0,10.0,10.0;0.0,10.0,0.0,0.0::-1510.3560000000011,247.3875943009229
-1510.3560000000011
0.0,10.0,0.0,0.0;0.0,0.0,10.0,10.0::-2118.8295000000003,320.205279554772
-2118.8295000000003
0.0,0.0,10.0,10.0;0.0,10.0,0.0,10.0::-877.9579999999994,224.05010742241882
-877.9579999999994
0.0,10.0,0.0,10.0;0.0,0.0,10.0,10.0::-1772.7414999999996,287.4225286103198
-1772.7414999999996
0.0,0.0,10.0,10.0;0.0,10.0,10.0,0.0::-2323.842999999999,184.9143523391229
-2323.842999999999
0.0,10.0,10.0,0.0;0.0,0.0,10.0,10.0::-2348.2669999999944,304.709061911522
-2348.2669999999944
0.0,0.0,10.0,10.0;0.0,10.0,10.0,10.0::-2080.224999999999,388.71286649016105
-2080.224999999999
0.0,10.0,10.0,10.0;0.0,0.0,10.0,10.0::-2250.975499999999,341.7454068085609
-2250.975499999999
0.0,0.0,10.0,10.0;10.0,0.0,0.0,0.0::-1569.0674999999944,221.26157747957248
-1569.0674999999944
10.0,0.0,0.0,0.0;0.0,0.0,10.0,10.0::-1879.4760000000015,412.03689321952663
-1879.4760000000015
0.0,0.0,10.0,10.0;10.0,0.0,0.0,10.0::-956.0339999999956,213.58012593403683
-956.0339999999956
10.0,0.0,0.0,10.0;0.0,0.0,10.0,10.0::-1530.828,383.4195689007018
-1530.828
0.0,0.0,10.0,10.0;10.0,0.0,10.0,0.0::-2345.291999999996,154.19704726744516
-2345.291999999996
10.0,0.0,10.0,0.0;0.0,0.0,10.0,10.0::-2108.1044999999945,399.0924795767891
-2108.1044999999945
0.0,0.0,10.0,10.0;10.0,0.0,10.0,10.0::-2155.7329999999965,359.21216211453515
-2155.7329999999965
10.0,0.0,10.0,10.0;0.0,0.0,10.0,10.0::-2028.8169999999975,410.83728605251827
-2028.8169999999975
0.0,0.0,10.0,10.0;10.0,10.0,0.0,0.0::-1402.483500000003,217.06601818974167
-1402.483500000003
10.0,10.0,0.0,0.0;0.0,0.0,10.0,10.0::-1889.5155000000016,564.3909514997112
-1889.5155000000016
0.0,0.0,10.0,10.0;10.0,10.0,0.0,10.0::-838.2215000000034,224.50475554595414
-838.2215000000034
10.0,10.0,0.0,10.0;0.0,0.0,10.0,10.0::-1653.0265,488.44511050142603
-1653.0265
0.0,0.0,10.0,10.0;10.0,10.0,10.0,0.0::-2245.9040000000036,117.064320285897
-2245.9040000000036
10.0,10.0,10.0,0.0;0.0,0.0,10.0,10.0::-2275.5009999999947,481.6460458147658
-2275.5009999999947
0.0,0.0,10.0,10.0;10.0,10.0,10.0,10.0::-2098.0405000000023,342.1536593911406
-2098.0405000000023
10.0,10.0,10.0,10.0;0.0,0.0,10.0,10.0::-2182.7209999999964,506.27867366599435
-2182.7209999999964
