0.0,10.0,0.0,0.0;0.0,10.0,0.0,0.0::-1151.9750000000004,282.53501442298995
-1151.9750000000004
0.0,10.0,0.0,0.0;0.0,10.0,0.0,0.0::-1221.0294999999999,283.4619459552715
-1221.0294999999999
0.0,10.0,0.0,0.0;0.0,10.0,0.0,10.0::-784.8615000000008,394.4664981880583
-784.8615000000008
0.0,10.0,0.0,10.0;0.0,10.0,0.0,0.0::-902.014499999999,313.08430536318593
-902.014499999999
0.0,10.0,0.0,0.0;0.0,10.0,10.0,0.0::-2199.866499999999,397.5928575223014
-2199.866499999999
0.0,10.0,10.0,0.0;0.0,10.0,0.0,0.0::-1289.502500000003,246.75822350784688
-1289.502500000003
0.0,10.0,0.0,0.0;0.0,10.0,10.0,10.0::-2129.1650000000004,374.5866243941437
-2129.1650000000004
0.0,10.0,10.0,10.0;0.0,10.0,0.0,0.0::-1368.1854999999996,253.39810006143966
-1368.1854999999996
0.0,10.0,0.0,0.0;10.0,0.0,0.0,0.0::-1220.3305000000028,215.27579588692618
-1220.3305000000028
10.0,0.0,0.0,0.0;0.0,10.0,0.0,0.0::-1682.9719999999998,290.313041760096
-1682.9719999999998
0.0,10.0,0.0,0.0;10.0,0.0,0.0,10.0::-840.054500000003,337.719594789449
-840.054500000003
10.0,0.0,0.0,10.0;0.0,10.0,0.0,0.0::-1437.5034999999996,288.44245225477636
-1437.5034999999996
0.0,10.0,0.0,0.0;10.0,0.0,10.0,0.0::-2189.1770000000033,440.2052865096003
-2189.1770000000033
10.0,0.0,10.0,0.0;0.0,10.0,0.0,0.0::-1867.6690000000024,294.17145874302173
-1867.6690000000024
0.0,10.0,0.0,0.0;10.0,0.0,10.0,10.0::-2201.9800000000027,288.6157302539132
-2201.9800000000027
10.0,0.0,10.0,10.0;0.0,10.0,0.0,0.0::-1850.4545000000005,255.38430013363714
-1850.4545000000005
0.0,10.0,0.0,0.0;10.0,10.0,0.0,0.0::-1348.9134999999997,212.96397170119957
-1348.9134999999997
10.0,10.0,0.0,0.0;0.0,10.0,0.0,0.0::-1444.8665000000015,295.03191039741694
-1444.8665000000015
0.0,10.0,0.0,0.0;10.0,10.0,0.0,10.0::-975.9210000000005,403.6660209368624
-975.9210000000005
10.0,10.0,0.0,10.0;0.0,10.0,0.0,0.0::-1241.3804999999984,359.85108030232203
-1241.3804999999984
0.0,10.0,0.0,0.0;10.0,10.0,10.0,0.0::-2284.6120000000005,387.30400928211407
-2284.6120000000005
10.0,10.0,10.0,0.0;0.0,10.0,0.0,0.0::-1658.0960000000032,225.2591945603969
-1658.0960000000032
0.0,10.0,0.0,0.0;10.0,10.0,10.0,10.0::-2216.6920000000005,334.89622524895566
-2216.6920000000005
10.0,10.0,10.0,10.0;0.0,10.0,0.0,0.0::-1661.2459999999999,288.76619865212274
-1661.2459999999999
