0.0,10.0,0.0,10.0;0.0,10.0,0.0,10.0::-557.9519999999987,450.7412452239069
-557.9519999999987
0.0,10.0,0.0,10.0;0.0,10.0,0.0,10.0::-596.1524999999987,521.7632866719811
-596.1524999999987
0.0,10.0,0.0,10.0;0.0,10.0,10.0,0.0::-1812.9889999999994,492.68358170229203
-1812.9889999999994
0.0,10.0,10.0,0.0;0.0,10.0,0.0,10.0::-925.2265000000023,305.9305705102849
-925.2265000000023
0.0,10.0,0.0,10.0;0.0,10.0,10.0,10.0::-1864.370999999998,437.2861969682987
-1864.370999999998
0.0,10.0,10.0,10.0;0.0,10.0,0.0,10.0::-1034.6219999999996,383.8254594421766
-1034.6219999999996
0.0,10.0,0.0,10.0;10.0,0.0,0.0,0.0::-1250.3115000000023,203.1915859300027
-1250.3115000000023
10.0,0.0,0.0,0.0;0.0,10.0,0.0,10.0::-1252.8194999999998,228.26438529641266
-1252.8194999999998
0.0,10.0,0.0,10.0;10.0,0.0,0.0,10.0::-881.0105000000033,330.1528036602899
-881.0105000000033
10.0,0.0,0.0,10.0;0.0,10.0,0.0,10.0::-955.269999999999,270.25626366469004
-955.269999999999
0.0,10.0,0.0,10.0;10.0,0.0,10.0,0.0::-2161.771500000003,416.03272456953437
-2161.771500000003
10.0,0.0,10.0,0.0;0.0,10.0,0.0,10.0::-1369.8000000000022,156.5022463097516
-1369.8000000000022
0.0,10.0,0.0,10.0;10.0,0.0,10.0,10.0::-2187.270000000005,287.3121638566666
-2187.270000000005
10.0,0.0,10.0,10.0;0.0,10.0,0.0,10.0::-1397.3669999999995,166.67978090037604
-1397.3669999999995
0.0,10.0,0.0,10.0;10.0,10.0,0.0,0.0::-1249.0060000000026,200.4767892151109
-1249.0060000000026
10.0,10.0,0.0,0.0;0.0,10.0,0.0,10.0::-1219.6235000000006,207.7710515754037
-1219.6235000000006
0.0,10.0,0.0,10.0;10.0,10.0,0.0,10.0::-911.9695000000034,401.10344656304073
-911.9695000000034
10.0,10.0,0.0,10.0;0.0,10.0,0.0,10.0::-954.6814999999993,270.2222416507361
-954.6814999999993
0.0,10.0,0.0,10.0;10.0,10.0,10.0,0.0::-2122.7460000000037,481.9537608360371
-2122.7460000000037
10.0,10.0,10.0,0.0;0.0,10.0,0.0,10.0::-1401.3285000000021,235.88670471806662
-1401.3285000000021
0.0,10.0,0.0,10.0;10.0,10.0,10.0,10.0::-2135.745000000004,315.49312492509245
-2135.745000000004
10.0,10.0,10.0,10.0;0.0,10.0,0.0,10.0::-1442.108999999999,236.315725077696
-1442.108999999999
