0.0,10.0,10.0,0.0;0.0,10.0,10.0,0.0::-2258.719500000004,393.45364650076397
-2258.719500000004
0.0,10.0,10.0,0.0;0.0,10.0,10.0,0.0::-2343.928500000002,352.2212563329301
-2343.928500000002
0.0,10.0,10.0,0.0;0.0,10.0,10.0,10.0::-2206.439000000003,365.4294930338791
-2206.439000000003
0.0,10.0,10.0,10.0;0.0,10.0,10.0,0.0::-2305.505499999999,468.0851166131506
-2305.505499999999
0.0,10.0,10.0,0.0;10.0,0.0,0.0,0.0::-1478.6074999999928,197.40908595794085
-1478.6074999999928
10.0,0.0,0.0,0.0;0.0,10.0,10.0,0.0::-2113.0675000000006,204.40353903186084
-2113.0675000000006
0.0,10.0,10.0,0.0;10.0,0.0,0.0,10.0::-1090.9919999999943,356.3407174124214
-1090.9919999999943
10.0,0.0,0.0,10.0;0.0,10.0,10.0,0.0::-1850.611499999999,249.4776850597041
-1850.611499999999
0.0,10.0,10.0,0.0;10.0,0.0,10.0,0.0::-2339.4369999999935,436.7821011454108
-2339.4369999999935
10.0,0.0,10.0,0.0;0.0,10.0,10.0,0.0::-2284.1720000000014,155.32521854482653
-2284.1720000000014
0.0,10.0,10.0,0.0;10.0,0.0,10.0,10.0::-2380.7494999999944,312.4068587991459
-2380.7494999999944
10.0,0.0,10.0,10.0;0.0,10.0,10.0,0.0::-2309.669499999999,188.44508933571933
-2309.669499999999
0.0,10.0,10.0,0.0;10.0,10.0,0.0,0.0::-1322.4710000000027,246.1705693396319
-1322.4710000000027
10.0,10.0,0.0,0.0;0.0,10.0,10.0,0.0::-2242.811499999999,308.9849966304984
-2242.811499999999
0.0,10.0,10.0,0.0;10.0,10.0,0.0,10.0::-912.1215000000025,302.8493678592524
-912.1215000000025
10.0,10.0,0.0,10.0;0.0,10.0,10.0,0.0::-1915.6754999999996,333.7925850356005
-1915.6754999999996
0.0,10.0,10.0,0.0;10.0,10.0,10.0,0.0::-2319.3665000000015,442.6250689384269
-2319.3665000000015
10.0,10.0,10.0,0.0;0.0,10.0,10.0,0.0::-2332.0630000000037,309.8647440916742
-2332.0630000000037
0.0,10.0,10.0,0.0;10.0,10.0,10.0,10.0::-2273.038500000003,311.7634364269625
-2273.038500000003
10.0,10.0,10.0,10.0;0.0,10.0,10.0,0.0::-2405.2935000000007,269.9293680442126
-2405.2935000000007
