0.0,10.0,10.0,10.0;0.0,10.0,10.0,10.0::-2289.0065,315.33440651592036
-2289.0065
0.0,10.0,10.0,10.0;0.0,10.0,10.0,10.0::-2351.049999999998,334.8262288113
-2351.049999999998
0.0,10.0,10.0,10.0;10.0,0.0,0.0,0.0::-1416.702999999996,232.08471791783
-1416.702999999996
10.0,0.0,0.0,0.0;0.0,10.0,10.0,10.0::-1801.8305000000007,475.6118737949558
-1801.8305000000007
0.0,10.0,10.0,10.0;10.0,0.0,0.0,10.0::-1064.4139999999961,370.63984237261803
-1064.4139999999961
10.0,0.0,0.0,10.0;0.0,10.0,10.0,10.0::-1593.2469999999996,438.9797267425901
-1593.2469999999996
0.0,10.0,10.0,10.0;10.0,0.0,10.0,0.0::-2342.1374999999957,428.4796152312831
-2342.1374999999957
10.0,0.0,10.0,0.0;0.0,10.0,10.0,10.0::-1984.0395000000024,423.5326201896949
-1984.0395000000024
0.0,10.0,10.0,10.0;10.0,0.0,10.0,10.0::-2367.061499999996,315.49545431392306
-2367.061499999996
10.0,0.0,10.0,10.0;0.0,10.0,10.0,10.0::-2025.2370000000003,426.39018238111197
-2025.2370000000003
0.0,10.0,10.0,10.0;10.0,10.0,0.0,0.0::-1323.0390000000034,220.44307843295803
-1323.0390000000034
10.0,10.0,0.0,0.0;0.0,10.0,10.0,10.0::-1935.4784999999997,548.6548210512227
-1935.4784999999997
0.0,10.0,10.0,10.0;10.0,10.0,0.0,10.0::-869.7180000000029,276.908907090399
-869.7180000000029
10.0,10.0,0.0,10.0;0.0,10.0,10.0,10.0::-1767.3134999999997,486.5496196101164
-1767.3134999999997
0.0,10.0,10.0,10.0;10.0,10.0,10.0,0.0::-2166.252000000004,473.688846127918
-2166.252000000004
10.0,10.0,10.0,0.0;0.0,10.0,10.0,10.0::-2202.6120000000024,477.9609130002143
-2202.6120000000024
0.0,10.0,10.0,10.0;10.0,10.0,10.0,10.0::-2278.1920000000023,295.49585620783034
-2278.1920000000023
10.0,10.0,10.0,10.0;0.0,10.0,10.0,10.0::-2190.53,502.68850827326185
-2190.53
