10.0,0.0,0.0,0.0;10.0,0.0,0.0,0.0::-1769.0395000000033,219.14097303961577
-1769.0395000000033
10.0,0.0,0.0,0.0;10.0,0.0,0.0,0.0::-1746.5945000000033,214.69359723743423
-1746.5945000000033
10.0,0.0,0.0,0.0;10.0,0.0,0.0,10.0::-1285.6045000000026,117.14828127100157
-1285.6045000000026
10.0,0.0,0.0,10.0;10.0,0.0,0.0,0.0::-1765.8785000000032,188.49511217204002
-1765.8785000000032
10.0,0.0,0.0,0.0;10.0,0.0,10.0,0.0::-2160.3465000000015,95.71857611116953
-2160.3465000000015
10.0,0.0,10.0,0.0;10.0,0.0,0.0,0.0::-1994.3939999999932,185.92568277136854
-1994.3939999999932
10.0,0.0,0.0,0.0;10.0,0.0,10.0,10.0::-1841.2005000000029,419.4865940346006
-1841.2005000000029
10.0,0.0,10.0,10.0;10.0,0.0,0.0,0.0::-1933.615499999997,181.4643862711047
-1933.615499999997
10.0,0.0,0.0,0.0;10.0,10.0,0.0,0.0::-1837.9134999999992,215.092224273099
-1837.9134999999992
10.0,10.0,0.0,0.0;10.0,0.0,0.0,0.0::-1501.8470000000025,246.31084850448585
-1501.8470000000025
10.0,0.0,0.0,0.0;10.0,10.0,0.0,10.0::-1352.1530000000012,153.68121043575718
-1352.1530000000012
10.0,10.0,0.0,10.0;10.0,0.0,0.0,0.0::-1602.1495000000036,209.05841450357815
-1602.1495000000036
10.0,0.0,0.0,0.0;10.0,10.0,10.0,0.0::-2231.163500000001,120.58454417026036
-2231.163500000001
10.0,10.0,10.0,0.0;10.0,0.0,0.0,0.0::-1816.323999999994,206.24971763374444
-1816.323999999994
10.0,0.0,0.0,0.0;10.0,10.0,10.0,10.0::-1968.3145000000015,414.63579001908346
-1968.3145000000015
10.0,10.0,10.0,10.0;10.0,0.0,0.0,0.0::-1743.1849999999959,241.02925252964383
-1743.1849999999959
