10.0,0.0,0.0,10.0;10.0,0.0,0.0,10.0::-1282.6455000000035,95.76435325709664
-1282.6455000000035
10.0,0.0,0.0,10.0;10.0,0.0,0.0,10.0::-1277.7585000000029,33.27781397192347
-1277.7585000000029
10.0,0.0,0.0,10.0;10.0,0.0,10.0,0.0::-2182.0795000000035,73.89554387613569
-2182.0795000000035
10.0,0.0,10.0,0.0;10.0,0.0,0.0,10.0::-1501.8799999999933,105.03157215808837
-1501.8799999999933
10.0,0.0,0.0,10.0;10.0,0.0,10.0,10.0::-1913.4780000000046,410.65729034804673
-1913.4780000000046
10.0,0.0,10.0,10.0;10.0,0.0,0.0,10.0::-1448.5184999999954,156.464028398698
-1448.5184999999954
10.0,0.0,0.0,10.0;10.0,10.0,0.0,0.0::-1775.601000000003,218.7835512532874
-1775.601000000003
10.0,10.0,0.0,0.0;10.0,0.0,0.0,10.0::-1265.248500000003,99.20219943504124
-1265.248500000003
10.0,0.0,0.0,10.0;10.0,10.0,0.0,10.0::-1283.4520000000025,66.065565508816
-1283.4520000000025
10.0,10.0,0.0,10.0;10.0,0.0,0.0,10.0::-1294.0370000000028,136.57175433082784
-1294.0370000000028
10.0,0.0,0.0,10.0;10.0,10.0,10.0,0.0::-2203.2485000000033,78.59629204199047
-2203.2485000000033
10.0,10.0,10.0,0.0;10.0,0.0,0.0,10.0::-1499.861499999994,176.38367014196515
-1499.861499999994
10.0,0.0,0.0,10.0;10.0,10.0,10.0,10.0::-1950.4760000000038,382.8050903841275
-1950.4760000000038
10.0,10.0,10.0,10.0;10.0,0.0,0.0,10.0::-1467.8499999999956,173.37509480891038
-1467.8499999999956
