0.0,0.0,0.0,0.0;0.0,0.0,0.0,0.0::-1274.0840000000017,204.98436134007815
-1274.0840000000017
0.0,0.0,0.0,0.0;0.0,0.0,0.0,0.0::-1346.219500000001,202.74282353452062
-1346.219500000001
0.0,0.0,0.0,0.0;0.0,0.0,0.0,10.0::-682.4790000000013,186.31855224051
-682.4790000000013
0.0,0.0,0.0,10.0;0.0,0.0,0.0,0.0::-965.3565000000001,215.06962159438072
-965.3565000000001
0.0,0.0,0.0,0.0;0.0,0.0,10.0,0.0::-2137.3320000000012,145.03856358224039
-2137.3320000000012
0.0,0.0,10.0,0.0;0.0,0.0,0.0,0.0::-1555.2464999999952,213.06427941527375
-1555.2464999999952
0.0,0.0,0.0,0.0;0.0,0.0,10.0,10.0::-1948.039000000001,351.2390528956024
-1948.039000000001
0.0,0.0,10.0,10.0;0.0,0.0,0.0,0.0::-1507.669999999997,226.08590181609955
-1507.669999999997
0.0,0.0,0.0,0.0;0.0,10.0,0.0,0.0::-1251.6815000000001,255.4041163191178
-1251.6815000000001
0.0,10.0,0.0,0.0;0.0,0.0,0.0,0.0::-1227.326500000001,239.75043143391775
-1227.326500000001
0.0,0.0,0.0,0.0;0.0,10.0,0.0,10.0::-750.7520000000001,301.40534865194303
-750.7520000000001
0.0,10.0,0.0,10.0;0.0,0.0,0.0,0.0::-815.8915000000001,226.93658002347297
-815.8915000000001
0.0,0.0,0.0,0.0;0.0,10.0,10.0,0.0::-2114.9624999999996,193.77399443359116
-2114.9624999999996
0.0,10.0,10.0,0.0;0.0,0.0,0.0,0.0::-1434.2804999999944,188.92973136790764
-1434.2804999999944
0.0,0.0,0.0,0.0;0.0,10.0,10.0,10.0::-1945.0324999999998,393.4263940291111
-1945.0324999999998
0.0,10.0,10.0,10.0;0.0,0.0,0.0,0.0::-1358.1609999999966,198.4755903858185
-1358.1609999999966
0.0,0.0,0.0,0.0;10.0,0.0,0.0,0.0::-1332.9030000000027,193.72682155808943
-1332.9030000000027
10.0,0.0,0.0,0.0;0.0,0.0,0.0,0.0::-1721.5635000000009,218.28319367910473
-1721.5635000000009
0.0,0.0,0.0,0.0;10.0,0.0,0.0,10.0::-738.9845000000032,121.54350387721202
-738.9845000000032
10.0,0.0,0.0,10.0;0.0,0.0,0.0,0.0::-1346.2780000000002,157.99075199517233
-1346.2780000000002
0.0,0.0,0.0,0.0;10.0,0.0,10.0,0.0::-2165.8160000000034,118.73807937641456
-2165.8160000000034
10.0,0.0,10.0,0.0;0.0,0.0,0.0,0.0::-1986.374499999995,190.29575724316567
-1986.374499999995
0.0,0.0,0.0,0.0;10.0,0.0,10.0,10.0::-2035.7225000000026,321.83959641217183
-2035.7225000000026
10.0,0.0,10.0,10.0;0.0,0.0,0.0,0.0::-1885.998999999997,220.00176283157165
-1885.998999999997
0.0,0.0,0.0,0.0;10.0,10.0,0.0,0.0::-1447.385,219.05552178614263
-1447.385
10.0,10.0,0.0,0.0;0.0,0.0,0.0,0.0::-1448.2165000000014,256.74632276383204
-1448.2165000000014
0.0,0.0,0.0,0.0;10.0,10.0,0.0,10.0::-876.5000000000006,308.62972620925416
-876.5000000000006
10.0,10.0,0.0,10.0;0.0,0.0,0.0,0.0::-1167.5035000000003,237.3371747382823
-1167.5035000000003
0.0,0.0,0.0,0.0;10.0,10.0,10.0,0.0::-2281.3459999999995,141.92091577353645
-2281.3459999999995
10.0,10.0,10.0,0.0;0.0,0.0,0.0,0.0::-1696.041999999995,260.56953042518154
-1696.041999999995
0.0,0.0,0.0,0.0;10.0,10.0,10.0,10.0::-2039.5555000000024,370.51528301103764
-2039.5555000000024
10.0,10.0,10.0,10.0;0.0,0.0,0.0,0.0::-1668.7054999999973,256.9946425409464
-1668.7054999999973
0.0,0.0,0.0,10.0;0.0,0.0,0.0,10.0::-398.88800000000015,321.009625410205
-398.88800000000015
0.0,0.0,0.0,10.0;0.0,0.0,0.0,10.0::-391.1019999999998,276.32873709768216
-391.1019999999998
0.0,0.0,0.0,10.0;0.0,0.0,10.0,0.0::-1753.4045000000003,112.15836818869114
-1753.4045000000003
0.0,0.0,10.0,0.0;0.0,0.0,0.0,10.0::-949.1874999999948,184.27250695301743
-949.1874999999948
0.0,0.0,0.0,10.0;0.0,0.0,10.0,10.0::-1568.2454999999995,333.1073689589442
-1568.2454999999995
0.0,0.0,10.0,10.0;0.0,0.0,0.0,10.0::-919.3814999999963,232.57355047973414
-919.3814999999963
0.0,0.0,0.0,10.0;0.0,10.0,0.0,0.0::-1032.7999999999995,298.54423148002536
-1032.7999999999995
0.0,10.0,0.0,0.0;0.0,0.0,0.0,10.0::-830.7655000000013,342.48929513891295
-830.7655000000013
0.0,0.0,0.0,10.0;0.0,10.0,0.0,10.0::-400.1574999999993,282.9623402835598
-400.1574999999993
0.0,10.0,0.0,10.0;0.0,0.0,0.0,10.0::-423.8494999999997,351.96791618661774
-423.8494999999997
0.0,0.0,0.0,10.0;0.0,10.0,10.0,0.0::-1794.8014999999996,189.31611585586012
-1794.8014999999996
0.0,10.0,10.0,0.0;0.0,0.0,0.0,10.0::-1001.2989999999949,239.6218903794057
-1001.2989999999949
0.0,0.0,0.0,10.0;0.0,10.0,10.0,10.0::-1654.2189999999991,403.7838988109838
-1654.2189999999991
0.0,10.0,10.0,10.0;0.0,0.0,0.0,10.0::-995.6389999999973,362.0962471898863
-995.6389999999973
0.0,0.0,0.0,10.0;10.0,0.0,0.0,0.0::-1396.9900000000032,192.6971630564391
-1396.9900000000032
10.0,0.0,0.0,0.0;0.0,0.0,0.0,10.0::-1212.6290000000017,187.9662146743391
-1212.6290000000017
0.0,0.0,0.0,10.0;10.0,0.0,0.0,10.0::-833.2335000000036,281.76412050285956
-833.2335000000036
10.0,0.0,0.0,10.0;0.0,0.0,0.0,10.0::-888.8835000000004,160.2925959074533
-888.8835000000004
0.0,0.0,0.0,10.0;10.0,0.0,10.0,0.0::-2199.327500000004,54.15159664081914
-2199.327500000004
10.0,0.0,10.0,0.0;0.0,0.0,0.0,10.0::-1465.863999999995,102.33848764760957
-1465.863999999995
0.0,0.0,0.0,10.0;10.0,0.0,10.0,10.0::-2067.9015000000045,307.221178262095
-2067.9015000000045
10.0,0.0,10.0,10.0;0.0,0.0,0.0,10.0::-1417.004999999996,106.89044847412318
-1417.004999999996
0.0,0.0,0.0,10.0;10.0,10.0,0.0,0.0::-1382.9245000000037,178.19509904806588
-1382.9245000000037
10.0,10.0,0.0,0.0;0.0,0.0,0.0,10.0::-1214.3780000000013,160.73595635700116
-1214.3780000000013
0.0,0.0,0.0,10.0;10.0,10.0,0.0,10.0::-813.1405000000033,297.36369362238895
-813.1405000000033
10.0,10.0,0.0,10.0;0.0,0.0,0.0,10.0::-874.6790000000004,172.20296777059295
-874.6790000000004
0.0,0.0,0.0,10.0;10.0,10.0,10.0,0.0::-2205.6500000000033,79.81274271693475
-2205.6500000000033
10.0,10.0,10.0,0.0;0.0,0.0,0.0,10.0::-1485.8574999999948,142.02192777437594
-1485.8574999999948
0.0,0.0,0.0,10.0;10.0,10.0,10.0,10.0::-2074.7890000000048,302.1075881685195
-2074.7890000000048
10.0,10.0,10.0,10.0;0.0,0.0,0.0,10.0::-1451.707999999996,202.48088647079544
-1451.707999999996
0.0,0.0,10.0,0.0;0.0,0.0,10.0,0.0::-2359.785499999994,87.75970638482019
-2359.785499999994
0.0,0.0,10.0,0.0;0.0,0.0,10.0,0.0::-2371.254999999994,74.66304289941456
-2371.254999999994
0.0,0.0,10.0,0.0;0.0,0.0,10.0,10.0::-2177.952499999996,345.7749912424984
-2177.952499999996
0.0,0.0,10.0,10.0;0.0,0.0,10.0,0.0::-2324.327499999997,117.43572185987126
-2324.327499999997
0.0,0.0,10.0,0.0;0.0,10.0,0.0,0.0::-1437.9540000000022,210.68449405212272
-1437.9540000000022
0.0,10.0,0.0,0.0;0.0,0.0,10.0,0.0::-2160.2745,423.8486087918062
-2160.2745
0.0,0.0,10.0,0.0;0.0,10.0,0.0,10.0::-915.7200000000025,358.5863453200612
-915.7200000000025
0.0,10.0,0.0,10.0;0.0,0.0,10.0,0.0::-1765.8089999999997,465.6785870844823
-1765.8089999999997
0.0,0.0,10.0,0.0;0.0,10.0,10.0,0.0::-2251.505500000003,145.6953384455
-2251.505500000003
0.0,10.0,10.0,0.0;0.0,0.0,10.0,0.0::-2405.6869999999954,382.9724193476597
-2405.6869999999954
0.0,0.0,10.0,0.0;0.0,10.0,10.0,10.0::-2036.9860000000024,390.2854285058548
-2036.9860000000024
0.0,10.0,10.0,10.0;0.0,0.0,10.0,0.0::-2214.6544999999974,536.4997122597075
-2214.6544999999974
0.0,0.0,10.0,0.0;10.0,0.0,0.0,0.0::-1558.2674999999938,194.56343250659768
-1558.2674999999938
10.0,0.0,0.0,0.0;0.0,0.0,10.0,0.0::-2139.8955000000005,146.0535605685452
-2139.8955000000005
0.0,0.0,10.0,0.0;10.0,0.0,0.0,10.0::-1006.3664999999943,234.9455190097261
-1006.3664999999943
10.0,0.0,0.0,10.0;0.0,0.0,10.0,0.0::-1768.2374999999997,126.67477577935594
-1768.2374999999997
0.0,0.0,10.0,0.0;10.0,0.0,10.0,0.0::-2404.6949999999943,97.4504252171303
-2404.6949999999943
10.0,0.0,10.0,0.0;0.0,0.0,10.0,0.0::-2370.281999999995,71.04303889896522
-2370.281999999995
0.0,0.0,10.0,0.0;10.0,0.0,10.0,10.0::-2180.8759999999943,363.658641618757
-2180.8759999999943
10.0,0.0,10.0,10.0;0.0,0.0,10.0,0.0::-2293.8894999999966,138.99253996077945
-2293.8894999999966
0.0,0.0,10.0,0.0;10.0,10.0,0.0,0.0::-1458.8135000000025,220.8496813281574
-1458.8135000000025
10.0,10.0,0.0,0.0;0.0,0.0,10.0,0.0::-2226.2680000000005,244.01056498848516
-2226.2680000000005
0.0,0.0,10.0,0.0;10.0,10.0,0.0,10.0::-817.4955000000028,167.38621450032423
-817.4955000000028
10.0,10.0,0.0,10.0;0.0,0.0,10.0,0.0::-1862.3505000000005,248.14929190862122
-1862.3505000000005
0.0,0.0,10.0,0.0;10.0,10.0,10.0,0.0::-2240.6565000000037,137.46896316168528
-2240.6565000000037
10.0,10.0,10.0,0.0;0.0,0.0,10.0,0.0::-2483.8049999999944,237.99915204680812
-2483.8049999999944
0.0,0.0,10.0,0.0;10.0,10.0,10.0,10.0::-2079.2665000000034,357.1583235103845
-2079.2665000000034
10.0,10.0,10.0,10.0;0.0,0.0,10.0,0.0::-2428.2409999999977,261.63918106621406
-2428.2409999999977
0.0,0.0,10.0,10.0;0.0,0.0,10.0,10.0::-2186.376499999996,317.5507810142328
-2186.376499999996
0.0,0.0,10.0,10.0;0.0,0.0,10.0,10.0::-2150.6634999999974,360.12695066149803
-2150.6634999999974
0.0,0.0,10.0,10.0;0.0,10.0,0.0,0.0::-1510.3560000000011,247.3875943009229
-1510.3560000000011
0.0,10.0,0.0,0.0;0.0,0.0,10.0,10.0::-2118.8295000000003,320.205279554772
-2118.8295000000003
0.0,0.0,10.0,10.0;0.0,10.0,0.0,10.0::-877.9579999999994,224.05010742241882
-877.9579999999994
0.0,10.0,0.0,10.0;0.0,0.0,10.0,10.0::-1772.7414999999996,287.4225286103198
-1772.7414999999996
0.0,0.0,10.0,10.0;0.0,10.0,10.0,0.0::-2323.842999999999,184.9143523391229
-2323.842999999999
0.0,10.0,10.0,0.0;0.0,0.0,10.0,10.0::-2348.2669999999944,304.709061911522
-2348.2669999999944
0.0,0.0,10.0,10.0;0.0,10.0,10.0,10.0::-2080.224999999999,388.71286649016105
-2080.224999999999
0.0,10.0,10.0,10.0;0.0,0.0,10.0,10.0::-2250.975499999999,341.7454068085609
-2250.975499999999
0.0,0.0,10.0,10.0;10.0,0.0,0.0,0.0::-1569.0674999999944,221.26157747957248
-1569.0674999999944
10.0,0.0,0.0,0.0;0.0,0.0,10.0,10.0::-1879.4760000000015,412.03689321952663
-1879.4760000000015
0.0,0.0,10.0,10.0;10.0,0.0,0.0,10.0::-956.0339999999956,213.58012593403683
-956.0339999999956
10.0,0.0,0.0,10.0;0.0,0.0,10.0,10.0::-1530.828,383.4195689007018
-1530.828
0.0,0.0,10.0,10.0;10.0,0.0,10.0,0.0::-2345.291999999996,154.19704726744516
-2345.291999999996
10.0,0.0,10.0,0.0;0.0,0.0,10.0,10.0::-2108.1044999999945,399.0924795767891
-2108.1044999999945
0.0,0.0,10.0,10.0;10.0,0.0,10.0,10.0::-2155.7329999999965,359.21216211453515
-2155.7329999999965
10.0,0.0,10.0,10.0;0.0,0.0,10.0,10.0::-2028.8169999999975,410.83728605251827
-2028.8169999999975
0.0,0.0,10.0,10.0;10.0,10.0,0.0,0.0::-1402.483500000003,217.06601818974167
-1402.483500000003
10.0,10.0,0.0,0.0;0.0,0.0,10.0,10.0::-1889.5155000000016,564.3909514997112
-1889.5155000000016
0.0,0.0,10.0,10.0;10.0,10.0,0.0,10.0::-838.2215000000034,224.50475554595414
-838.2215000000034
10.0,10.0,0.0,10.0;0.0,0.0,10.0,10.0::-1653.0265,488.44511050142603
-1653.0265
0.0,0.0,10.0,10.0;10.0,10.0,10.0,0.0::-2245.9040000000036,117.064320285897
-2245.9040000000036
10.0,10.0,10.0,0.0;0.0,0.0,10.0,10.0::-2275.5009999999947,481.6460458147658
-2275.5009999999947
0.0,0.0,10.0,10.0;10.0,10.0,10.0,10.0::-2098.0405000000023,342.1536593911406
-2098.0405000000023
10.0,10.0,10.0,10.0;0.0,0.0,10.0,10.0::-2182.7209999999964,506.27867366599435
-2182.7209999999964
0.0,10.0,0.0,0.0;0.0,10.0,0.0,0.0::-1151.9750000000004,282.53501442298995
-1151.9750000000004
0.0,10.0,0.0,0.0;0.0,10.0,0.0,0.0::-1221.0294999999999,283.4619459552715
-1221.0294999999999
0.0,10.0,0.0,0.0;0.0,10.0,0.0,10.0::-784.8615000000008,394.4664981880583
-784.8615000000008
0.0,10.0,0.0,10.0;0.0,10.0,0.0,0.0::-902.014499999999,313.08430536318593
-902.014499999999
0.0,10.0,0.0,0.0;0.0,10.0,10.0,0.0::-2199.866499999999,397.5928575223014
-2199.866499999999
0.0,10.0,10.0,0.0;0.0,10.0,0.0,0.0::-1289.502500000003,246.75822350784688
-1289.502500000003
0.0,10.0,0.0,0.0;0.0,10.0,10.0,10.0::-2129.1650000000004,374.5866243941437
-2129.1650000000004
0.0,10.0,10.0,10.0;0.0,10.0,0.0,0.0::-1368.1854999999996,253.39810006143966
-1368.1854999999996
0.0,10.0,0.0,0.0;10.0,0.0,0.0,0.0::-1220.3305000000028,215.27579588692618
-1220.3305000000028
10.0,0.0,0.0,0.0;0.0,10.0,0.0,0.0::-1682.9719999999998,290.313041760096
-1682.9719999999998
0.0,10.0,0.0,0.0;10.0,0.0,0.0,10.0::-840.054500000003,337.719594789449
-840.054500000003
10.0,0.0,0.0,10.0;0.0,10.0,0.0,0.0::-1437.5034999999996,288.44245225477636
-1437.5034999999996
0.0,10.0,0.0,0.0;10.0,0.0,10.0,0.0::-2189.1770000000033,440.2052865096003
-2189.1770000000033
10.0,0.0,10.0,0.0;0.0,10.0,0.0,0.0::-1867.6690000000024,294.17145874302173
-1867.6690000000024
0.0,10.0,0.0,0.0;10.0,0.0,10.0,10.0::-2201.9800000000027,288.6157302539132
-2201.9800000000027
10.0,0.0,10.0,10.0;0.0,10.0,0.0,0.0::-1850.4545000000005,255.38430013363714
-1850.4545000000005
0.0,10.0,0.0,0.0;10.0,10.0,0.0,0.0::-1348.9134999999997,212.96397170119957
-1348.9134999999997
10.0,10.0,0.0,0.0;0.0,10.0,0.0,0.0::-1444.8665000000015,295.03191039741694
-1444.8665000000015
0.0,10.0,0.0,0.0;10.0,10.0,0.0,10.0::-975.9210000000005,403.6660209368624
-975.9210000000005
10.0,10.0,0.0,10.0;0.0,10.0,0.0,0.0::-1241.3804999999984,359.85108030232203
-1241.3804999999984
0.0,10.0,0.0,0.0;10.0,10.0,10.0,0.0::-2284.6120000000005,387.30400928211407
-2284.6120000000005
10.0,10.0,10.0,0.0;0.0,10.0,0.0,0.0::-1658.0960000000032,225.2591945603969
-1658.0960000000032
0.0,10.0,0.0,0.0;10.0,10.0,10.0,10.0::-2216.6920000000005,334.89622524895566
-2216.6920000000005
10.0,10.0,10.0,10.0;0.0,10.0,0.0,0.0::-1661.2459999999999,288.76619865212274
-1661.2459999999999
0.0,10.0,0.0,10.0;0.0,10.0,0.0,10.0::-557.9519999999987,450.7412452239069
-557.9519999999987
0.0,10.0,0.0,10.0;0.0,10.0,0.0,10.0::-596.1524999999987,521.7632866719811
-596.1524999999987
0.0,10.0,0.0,10.0;0.0,10.0,10.0,0.0::-1812.9889999999994,492.68358170229203
-1812.9889999999994
0.0,10.0,10.0,0.0;0.0,10.0,0.0,10.0::-925.2265000000023,305.9305705102849
-925.2265000000023
0.0,10.0,0.0,10.0;0.0,10.0,10.0,10.0::-1864.370999999998,437.2861969682987
-1864.370999999998
0.0,10.0,10.0,10.0;0.0,10.0,0.0,10.0::-1034.6219999999996,383.8254594421766
-1034.6219999999996
0.0,10.0,0.0,10.0;10.0,0.0,0.0,0.0::-1250.3115000000023,203.1915859300027
-1250.3115000000023
10.0,0.0,0.0,0.0;0.0,10.0,0.0,10.0::-1252.8194999999998,228.26438529641266
-1252.8194999999998
0.0,10.0,0.0,10.0;10.0,0.0,0.0,10.0::-881.0105000000033,330.1528036602899
-881.0105000000033
10.0,0.0,0.0,10.0;0.0,10.0,0.0,10.0::-955.269999999999,270.25626366469004
-955.269999999999
0.0,10.0,0.0,10.0;10.0,0.0,10.0,0.0::-2161.771500000003,416.03272456953437
-2161.771500000003
10.0,0.0,10.0,0.0;0.0,10.0,0.0,10.0::-1369.8000000000022,156.5022463097516
-1369.8000000000022
0.0,10.0,0.0,10.0;10.0,0.0,10.0,10.0::-2187.270000000005,287.3121638566666
-2187.270000000005
10.0,0.0,10.0,10.0;0.0,10.0,0.0,10.0::-1397.3669999999995,166.67978090037604
-1397.3669999999995
0.0,10.0,0.0,10.0;10.0,10.0,0.0,0.0::-1249.0060000000026,200.4767892151109
-1249.0060000000026
10.0,10.0,0.0,0.0;0.0,10.0,0.0,10.0::-1219.6235000000006,207.7710515754037
-1219.6235000000006
0.0,10.0,0.0,10.0;10.0,10.0,0.0,10.0::-911.9695000000034,401.10344656304073
-911.9695000000034
10.0,10.0,0.0,10.0;0.0,10.0,0.0,10.0::-954.6814999999993,270.2222416507361
-954.6814999999993
0.0,10.0,0.0,10.0;10.0,10.0,10.0,0.0::-2122.7460000000037,481.9537608360371
-2122.7460000000037
10.0,10.0,10.0,0.0;0.0,10.0,0.0,10.0::-1401.3285000000021,235.88670471806662
-1401.3285000000021
0.0,10.0,0.0,10.0;10.0,10.0,10.0,10.0::-2135.745000000004,315.49312492509245
-2135.745000000004
10.0,10.0,10.0,10.0;0.0,10.0,0.0,10.0::-1442.108999999999,236.315725077696
-1442.108999999999
0.0,10.0,10.0,0.0;0.0,10.0,10.0,0.0::-2258.719500000004,393.45364650076397
-2258.719500000004
0.0,10.0,10.0,0.0;0.0,10.0,10.0,0.0::-2343.928500000002,352.2212563329301
-2343.928500000002
0.0,10.0,10.0,0.0;0.0,10.0,10.0,10.0::-2206.439000000003,365.4294930338791
-2206.439000000003
0.0,10.0,10.0,10.0;0.0,10.0,10.0,0.0::-2305.505499999999,468.0851166131506
-2305.505499999999
0.0,10.0,10.0,0.0;10.0,0.0,0.0,0.0::-1478.6074999999928,197.40908595794085
-1478.6074999999928
10.0,0.0,0.0,0.0;0.0,10.0,10.0,0.0::-2113.0675000000006,204.40353903186084
-2113.0675000000006
0.0,10.0,10.0,0.0;10.0,0.0,0.0,10.0::-1090.9919999999943,356.3407174124214
-1090.9919999999943
10.0,0.0,0.0,10.0;0.0,10.0,10.0,0.0::-1850.611499999999,249.4776850597041
-1850.611499999999
0.0,10.0,10.0,0.0;10.0,0.0,10.0,0.0::-2339.4369999999935,436.7821011454108
-2339.4369999999935
10.0,0.0,10.0,0.0;0.0,10.0,10.0,0.0::-2284.1720000000014,155.32521854482653
-2284.1720000000014
0.0,10.0,10.0,0.0;10.0,0.0,10.0,10.0::-2380.7494999999944,312.4068587991459
-2380.7494999999944
10.0,0.0,10.0,10.0;0.0,10.0,10.0,0.0::-2309.669499999999,188.44508933571933
-2309.669499999999
0.0,10.0,10.0,0.0;10.0,10.0,0.0,0.0::-1322.4710000000027,246.1705693396319
-1322.4710000000027
10.0,10.0,0.0,0.0;0.0,10.0,10.0,0.0::-2242.811499999999,308.9849966304984
-2242.811499999999
0.0,10.0,10.0,0.0;10.0,10.0,0.0,10.0::-912.1215000000025,302.8493678592524
-912.1215000000025
10.0,10.0,0.0,10.0;0.0,10.0,10.0,0.0::-1915.6754999999996,333.7925850356005
-1915.6754999999996
0.0,10.0,10.0,0.0;10.0,10.0,10.0,0.0::-2319.3665000000015,442.6250689384269
-2319.3665000000015
10.0,10.0,10.0,0.0;0.0,10.0,10.0,0.0::-2332.0630000000037,309.8647440916742
-2332.0630000000037
0.0,10.0,10.0,0.0;10.0,10.0,10.0,10.0::-2273.038500000003,311.7634364269625
-2273.038500000003
10.0,10.0,10.0,10.0;0.0,10.0,10.0,0.0::-2405.2935000000007,269.9293680442126
-2405.2935000000007
0.0,10.0,10.0,10.0;0.0,10.0,10.0,10.0::-2289.0065,315.33440651592036
-2289.0065
0.0,10.0,10.0,10.0;0.0,10.0,10.0,10.0::-2351.049999999998,334.8262288113
-2351.049999999998
0.0,10.0,10.0,10.0;10.0,0.0,0.0,0.0::-1416.702999999996,232.08471791783
-1416.702999999996
10.0,0.0,0.0,0.0;0.0,10.0,10.0,10.0::-1801.8305000000007,475.6118737949558
-1801.8305000000007
0.0,10.0,10.0,10.0;10.0,0.0,0.0,10.0::-1064.4139999999961,370.63984237261803
-1064.4139999999961
10.0,0.0,0.0,10.0;0.0,10.0,10.0,10.0::-1593.2469999999996,438.9797267425901
-1593.2469999999996
0.0,10.0,10.0,10.0;10.0,0.0,10.0,0.0::-2342.1374999999957,428.4796152312831
-2342.1374999999957
10.0,0.0,10.0,0.0;0.0,10.0,10.0,10.0::-1984.0395000000024,423.5326201896949
-1984.0395000000024
0.0,10.0,10.0,10.0;10.0,0.0,10.0,10.0::-2367.061499999996,315.49545431392306
-2367.061499999996
10.0,0.0,10.0,10.0;0.0,10.0,10.0,10.0::-2025.2370000000003,426.39018238111197
-2025.2370000000003
0.0,10.0,10.0,10.0;10.0,10.0,0.0,0.0::-1323.0390000000034,220.44307843295803
-1323.0390000000034
10.0,10.0,0.0,0.0;0.0,10.0,10.0,10.0::-1935.4784999999997,548.6548210512227
-1935.4784999999997
0.0,10.0,10.0,10.0;10.0,10.0,0.0,10.0::-869.7180000000029,276.908907090399
-869.7180000000029
10.0,10.0,0.0,10.0;0.0,10.0,10.0,10.0::-1767.3134999999997,486.5496196101164
-1767.3134999999997
0.0,10.0,10.0,10.0;10.0,10.0,10.0,0.0::-2166.252000000004,473.688846127918
-2166.252000000004
10.0,10.0,10.0,0.0;0.0,10.0,10.0,10.0::-2202.6120000000024,477.9609130002143
-2202.6120000000024
0.0,10.0,10.0,10.0;10.0,10.0,10.0,10.0::-2278.1920000000023,295.49585620783034
-2278.1920000000023
10.0,10.0,10.0,10.0;0.0,10.0,10.0,10.0::-2190.53,502.68850827326185
-2190.53
10.0,0.0,0.0,0.0;10.0,0.0,0.0,0.0::-1769.0395000000033,219.14097303961577
-1769.0395000000033
10.0,0.0,0.0,0.0;10.0,0.0,0.0,0.0::-1746.5945000000033,214.69359723743423
-1746.5945000000033
10.0,0.0,0.0,0.0;10.0,0.0,0.0,10.0::-1285.6045000000026,117.14828127100157
-1285.6045000000026
10.0,0.0,0.0,10.0;10.0,0.0,0.0,0.0::-1765.8785000000032,188.49511217204002
-1765.8785000000032
10.0,0.0,0.0,0.0;10.0,0.0,10.0,0.0::-2160.3465000000015,95.71857611116953
-2160.3465000000015
10.0,0.0,10.0,0.0;10.0,0.0,0.0,0.0::-1994.3939999999932,185.92568277136854
-1994.3939999999932
10.0,0.0,0.0,0.0;10.0,0.0,10.0,10.0::-1841.2005000000029,419.4865940346006
-1841.2005000000029
10.0,0.0,10.0,10.0;10.0,0.0,0.0,0.0::-1933.615499999997,181.4643862711047
-1933.615499999997
10.0,0.0,0.0,0.0;10.0,10.0,0.0,0.0::-1837.9134999999992,215.092224273099
-1837.9134999999992
10.0,10.0,0.0,0.0;10.0,0.0,0.0,0.0::-1501.8470000000025,246.31084850448585
-1501.8470000000025
10.0,0.0,0.0,0.0;10.0,10.0,0.0,10.0::-1352.1530000000012,153.68121043575718
-1352.1530000000012
10.0,10.0,0.0,10.0;10.0,0.0,0.0,0.0::-1602.1495000000036,209.05841450357815
-1602.1495000000036
10.0,0.0,0.0,0.0;10.0,10.0,10.0,0.0::-2231.163500000001,120.58454417026036
-2231.163500000001
10.0,10.0,10.0,0.0;10.0,0.0,0.0,0.0::-1816.323999999994,206.24971763374444
-1816.323999999994
10.0,0.0,0.0,0.0;10.0,10.0,10.0,10.0::-1968.3145000000015,414.63579001908346
-1968.3145000000015
10.0,10.0,10.0,10.0;10.0,0.0,0.0,0.0::-1743.1849999999959,241.02925252964383
-1743.1849999999959
10.0,0.0,0.0,10.0;10.0,0.0,0.0,10.0::-1282.6455000000035,95.76435325709664
-1282.6455000000035
10.0,0.0,0.0,10.0;10.0,0.0,0.0,10.0::-1277.7585000000029,33.27781397192347
-1277.7585000000029
10.0,0.0,0.0,10.0;10.0,0.0,10.0,0.0::-2182.0795000000035,73.89554387613569
-2182.0795000000035
10.0,0.0,10.0,0.0;10.0,0.0,0.0,10.0::-1501.8799999999933,105.03157215808837
-1501.8799999999933
10.0,0.0,0.0,10.0;10.0,0.0,10.0,10.0::-1913.4780000000046,410.65729034804673
-1913.4780000000046
10.0,0.0,10.0,10.0;10.0,0.0,0.0,10.0::-1448.5184999999954,156.464028398698
-1448.5184999999954
10.0,0.0,0.0,10.0;10.0,10.0,0.0,0.0::-1775.601000000003,218.7835512532874
-1775.601000000003
10.0,10.0,0.0,0.0;10.0,0.0,0.0,10.0::-1265.248500000003,99.20219943504124
-1265.248500000003
10.0,0.0,0.0,10.0;10.0,10.0,0.0,10.0::-1283.4520000000025,66.065565508816
-1283.4520000000025
10.0,10.0,0.0,10.0;10.0,0.0,0.0,10.0::-1294.0370000000028,136.57175433082784
-1294.0370000000028
10.0,0.0,0.0,10.0;10.0,10.0,10.0,0.0::-2203.2485000000033,78.59629204199047
-2203.2485000000033
10.0,10.0,10.0,0.0;10.0,0.0,0.0,10.0::-1499.861499999994,176.38367014196515
-1499.861499999994
10.0,0.0,0.0,10.0;10.0,10.0,10.0,10.0::-1950.4760000000038,382.8050903841275
-1950.4760000000038
10.0,10.0,10.0,10.0;10.0,0.0,0.0,10.0::-1467.8499999999956,173.37509480891038
-1467.8499999999956
10.0,0.0,10.0,0.0;10.0,0.0,10.0,0.0::-2408.5844999999936,105.61666883001664
-2408.5844999999936
10.0,0.0,10.0,0.0;10.0,0.0,10.0,0.0::-2383.4264999999946,98.43048954845987
-2383.4264999999946
10.0,0.0,10.0,0.0;10.0,0.0,10.0,10.0::-2162.062999999993,404.9049737049412
-2162.062999999993
10.0,0.0,10.0,10.0;10.0,0.0,10.0,0.0::-2345.724999999996,136.7393435518787
-2345.724999999996
10.0,0.0,10.0,0.0;10.0,10.0,0.0,0.0::-1854.3520000000024,258.6209892796754
-1854.3520000000024
10.0,10.0,0.0,0.0;10.0,0.0,10.0,0.0::-2278.203500000003,254.65708307987342
-2278.203500000003
10.0,0.0,10.0,0.0;10.0,10.0,0.0,10.0::-1363.1555000000017,170.62555698003828
-1363.1555000000017
10.0,10.0,0.0,10.0;10.0,0.0,10.0,0.0::-2279.3920000000044,246.7339103893098
-2279.3920000000044
10.0,0.0,10.0,0.0;10.0,10.0,10.0,0.0::-2247.183500000003,154.69271315336243
-2247.183500000003
10.0,10.0,10.0,0.0;10.0,0.0,10.0,0.0::-2513.1054999999933,266.85999249559563
-2513.1054999999933
10.0,0.0,10.0,0.0;10.0,10.0,10.0,10.0::-1961.6505000000025,428.1959697086703
-1961.6505000000025
10.0,10.0,10.0,10.0;10.0,0.0,10.0,0.0::-2483.458499999996,247.70879496446744
-2483.458499999996
10.0,0.0,10.0,10.0;10.0,0.0,10.0,10.0::-2069.469499999995,455.21177230465787
-2069.469499999995
10.0,0.0,10.0,10.0;10.0,0.0,10.0,10.0::-2102.8404999999966,420.3233580646547
-2102.8404999999966
10.0,0.0,10.0,10.0;10.0,10.0,0.0,0.0::-1825.876000000002,226.93715214569573
-1825.876000000002
10.0,10.0,0.0,0.0;10.0,0.0,10.0,10.0::-2061.1910000000034,473.0151496189099
-2061.1910000000034
10.0,0.0,10.0,10.0;10.0,10.0,0.0,10.0::-1319.1630000000032,140.36881128298765
-1319.1630000000032
10.0,10.0,0.0,10.0;10.0,0.0,10.0,10.0::-2063.1570000000042,488.381933174232
-2063.1570000000042
10.0,0.0,10.0,10.0;10.0,10.0,10.0,0.0::-2242.492000000003,140.20714313471512
-2242.492000000003
10.0,10.0,10.0,0.0;10.0,0.0,10.0,10.0::-2270.242999999993,480.87954339002584
-2270.242999999993
10.0,0.0,10.0,10.0;10.0,10.0,10.0,10.0::-1917.6280000000042,399.2335648664826
-1917.6280000000042
10.0,10.0,10.0,10.0;10.0,0.0,10.0,10.0::-2319.5539999999955,470.49779083859517
-2319.5539999999955
10.0,10.0,0.0,0.0;10.0,10.0,0.0,0.0::-1617.6780000000017,269.3254013567959
-1617.6780000000017
10.0,10.0,0.0,0.0;10.0,10.0,0.0,0.0::-1652.034000000001,250.16876942176282
-1652.034000000001
10.0,10.0,0.0,0.0;10.0,10.0,0.0,10.0::-1355.4450000000015,185.5491028676765
-1355.4450000000015
10.0,10.0,0.0,10.0;10.0,10.0,0.0,0.0::-1592.4570000000035,213.8758209826435
-1592.4570000000035
10.0,10.0,0.0,0.0;10.0,10.0,10.0,0.0::-2349.246000000001,277.2261439402844
-2349.246000000001
10.0,10.0,10.0,0.0;10.0,10.0,0.0,0.0::-1667.0040000000029,229.4024951564361
-1667.0040000000029
10.0,10.0,0.0,0.0;10.0,10.0,10.0,10.0::-2167.055500000001,477.71358243695494
-2167.055500000001
10.0,10.0,10.0,10.0;10.0,10.0,0.0,0.0::-1627.1150000000039,255.63318461224605
-1627.1150000000039
10.0,10.0,0.0,10.0;10.0,10.0,0.0,10.0::-1284.6040000000032,101.72246056795913
-1284.6040000000032
10.0,10.0,0.0,10.0;10.0,10.0,0.0,10.0::-1280.1860000000024,67.09130572585143
-1280.1860000000024
10.0,10.0,0.0,10.0;10.0,10.0,10.0,0.0::-2329.6145000000047,191.10678733302487
-2329.6145000000047
10.0,10.0,10.0,0.0;10.0,10.0,0.0,10.0::-1318.9000000000033,99.5443155082155
-1318.9000000000033
10.0,10.0,0.0,10.0;10.0,10.0,10.0,10.0::-2092.4060000000045,467.60211399650444
-2092.4060000000045
10.0,10.0,10.0,10.0;10.0,10.0,0.0,10.0::-1334.2585000000024,161.56915424284668
-1334.2585000000024
10.0,10.0,10.0,0.0;10.0,10.0,10.0,0.0::-2354.528000000004,242.87318978429667
-2354.528000000004
10.0,10.0,10.0,0.0;10.0,10.0,10.0,0.0::-2388.4210000000035,227.7081170248411
-2388.4210000000035
10.0,10.0,10.0,0.0;10.0,10.0,10.0,10.0::-2062.890000000003,518.9452928777746
-2062.890000000003
10.0,10.0,10.0,10.0;10.0,10.0,10.0,0.0::-2358.555000000003,224.29851888721709
-2358.555000000003
10.0,10.0,10.0,10.0;10.0,10.0,10.0,10.0::-2158.139000000003,462.363554607193
-2158.139000000003
10.0,10.0,10.0,10.0;10.0,10.0,10.0,10.0::-2112.116500000002,494.0060301279213
-2112.116500000002
