2.0,0.0;2.0,0.0::-2500.0,0.0
-2500.0
2.0,0.0;2.0,0.0::-2500.0,0.0
-2500.0
2.0,0.0;2.0,1.0::-1000.0,0.0
-1000.0
2.0,1.0;2.0,0.0::-2750.0,0.0
-2750.0
2.0,0.0;2.0,2.0::-1000.0,0.0
-1000.0
2.0,2.0;2.0,0.0::-2750.0,0.0
-2750.0
2.0,0.0;2.0,3.0::500.0,0.0
500.0
2.0,3.0;2.0,0.0::-3000.0,0.0
-3000.0
2.0,0.0;2.0,4.0::-2500.0,0.0
-2500.0
2.0,4.0;2.0,0.0::-2500.0,0.0
-2500.0
2.0,0.0;3.0,0.0::-2500.0,0.0
-2500.0
3.0,0.0;2.0,0.0::-2500.0,0.0
-2500.0
2.0,0.0;3.0,1.0::-1000.0,0.0
-1000.0
3.0,1.0;2.0,0.0::-2750.0,0.0
-2750.0
2.0,0.0;3.0,2.0::-1000.0,0.0
-1000.0
3.0,2.0;2.0,0.0::-2750.0,0.0
-2750.0
2.0,0.0;3.0,3.0::500.0,0.0
500.0
3.0,3.0;2.0,0.0::-3000.0,0.0
-3000.0
2.0,0.0;3.0,4.0::-2500.0,0.0
-2500.0
3.0,4.0;2.0,0.0::-2500.0,0.0
-2500.0
2.0,0.0;4.0,0.0::-2007.5,0.0
-2007.5
4.0,0.0;2.0,0.0::-505.0,0.0
-505.0
2.0,0.0;4.0,1.0::-507.5,0.0
-507.5
4.0,1.0;2.0,0.0::-755.0,0.0
-755.0
2.0,0.0;4.0,2.0::-507.5,0.0
-507.5
4.0,2.0;2.0,0.0::-755.0,0.0
-755.0
2.0,0.0;4.0,3.0::992.5,0.0
992.5
4.0,3.0;2.0,0.0::-1005.0,0.0
-1005.0
2.0,0.0;4.0,4.0::-2007.5,0.0
-2007.5
4.0,4.0;2.0,0.0::-505.0,0.0
-505.0
