3.0,2.0;3.0,2.0::-2500.0,0.0
-2500.0
3.0,2.0;3.0,2.0::-2500.0,0.0
-2500.0
3.0,2.0;3.0,3.0::-500.0,0.0
-500.0
3.0,3.0;3.0,2.0::-2000.0,0.0
-2000.0
3.0,2.0;3.0,4.0::-510.0,0.0
-510.0
3.0,4.0;3.0,2.0::-2015.0,0.0
-2015.0
3.0,2.0;4.0,0.0::-3000.0,0.0
-3000.0
4.0,0.0;3.0,2.0::500.0,0.0
500.0
3.0,2.0;4.0,1.0::-1000.0,0.0
-1000.0
4.0,1.0;3.0,2.0::1000.0,0.0
1000.0
3.0,2.0;4.0,2.0::-3000.0,0.0
-3000.0
4.0,2.0;3.0,2.0::500.0,0.0
500.0
3.0,2.0;4.0,3.0::-1000.0,0.0
-1000.0
4.0,3.0;3.0,2.0::1000.0,0.0
1000.0
3.0,2.0;4.0,4.0::-1010.0,0.0
-1010.0
4.0,4.0;3.0,2.0::985.0,0.0
985.0
