0.0,2.0;0.0,2.0::0.0,0.0
0.0
0.0,2.0;0.0,2.0::0.0,0.0
0.0
0.0,2.0;0.0,3.0::0.0,0.0
0.0
0.0,3.0;0.0,2.0::0.0,0.0
0.0
0.0,2.0;0.0,4.0::-20.0,0.0
-20.0
0.0,4.0;0.0,2.0::-5.0,0.0
-5.0
0.0,2.0;1.0,0.0::-1750.0,0.0
-1750.0
1.0,0.0;0.0,2.0::-2000.0,0.0
-2000.0
0.0,2.0;1.0,1.0::-1750.0,0.0
-1750.0
1.0,1.0;0.0,2.0::-2000.0,0.0
-2000.0
0.0,2.0;1.0,2.0::250.0,0.0
250.0
1.0,2.0;0.0,2.0::-1500.0,0.0
-1500.0
0.0,2.0;1.0,3.0::250.0,0.0
250.0
1.0,3.0;0.0,2.0::-1500.0,0.0
-1500.0
0.0,2.0;1.0,4.0::230.0,0.0
230.0
1.0,4.0;0.0,2.0::-1505.0,0.0
-1505.0
0.0,2.0;2.0,0.0::-1750.0,0.0
-1750.0
2.0,0.0;0.0,2.0::-2000.0,0.0
-2000.0
0.0,2.0;2.0,1.0::-1750.0,0.0
-1750.0
2.0,1.0;0.0,2.0::-2000.0,0.0
-2000.0
0.0,2.0;2.0,2.0::250.0,0.0
250.0
2.0,2.0;0.0,2.0::-1500.0,0.0
-1500.0
0.0,2.0;2.0,3.0::250.0,0.0
250.0
2.0,3.0;0.0,2.0::-1500.0,0.0
-1500.0
0.0,2.0;2.0,4.0::230.0,0.0
230.0
2.0,4.0;0.0,2.0::-1505.0,0.0
-1505.0
0.0,2.0;3.0,0.0::-1500.0,0.0
-1500.0
3.0,0.0;0.0,2.0::-3500.0,0.0
-3500.0
0.0,2.0;3.0,1.0::-1500.0,0.0
-1500.0
3.0,1.0;0.0,2.0::-3500.0,0.0
-3500.0
0.0,2.0;3.0,2.0::500.0,0.0
500.0
3.0,2.0;0.0,2.0::-3000.0,0.0
-3000.0
0.0,2.0;3.0,3.0::500.0,0.0
500.0
3.0,3.0;0.0,2.0::-3000.0,0.0
-3000.0
0.0,2.0;3.0,4.0::480.0,0.0
480.0
3.0,4.0;0.0,2.0::-3005.0,0.0
-3005.0
0.0,2.0;4.0,0.0::-2000.0,0.0
-2000.0
4.0,0.0;0.0,2.0::-500.0,0.0
-500.0
0.0,2.0;4.0,1.0::-2000.0,0.0
-2000.0
4.0,1.0;0.0,2.0::-500.0,0.0
-500.0
0.0,2.0;4.0,2.0::0.0,0.0
0.0
4.0,2.0;0.0,2.0::0.0,0.0
0.0
0.0,2.0;4.0,3.0::0.0,0.0
0.0
4.0,3.0;0.0,2.0::0.0,0.0
0.0
0.0,2.0;4.0,4.0::-20.0,0.0
-20.0
4.0,4.0;0.0,2.0::-5.0,0.0
-5.0
