0.0,4.0;0.0,4.0::-25.0,0.0
-25.0
0.0,4.0;0.0,4.0::-25.0,0.0
-25.0
0.0,4.0;1.0,0.0::-1015.0,0.0
-1015.0
1.0,0.0;0.0,4.0::-1510.0,0.0
-1510.0
0.0,4.0;1.0,1.0::-1015.0,0.0
-1015.0
1.0,1.0;0.0,4.0::-1510.0,0.0
-1510.0
0.0,4.0;1.0,2.0::985.0,0.0
985.0
1.0,2.0;0.0,4.0::-1010.0,0.0
-1010.0
0.0,4.0;1.0,3.0::985.0,0.0
985.0
1.0,3.0;0.0,4.0::-1010.0,0.0
-1010.0
0.0,4.0;1.0,4.0::965.0,0.0
965.0
1.0,4.0;0.0,4.0::-1015.0,0.0
-1015.0
0.0,4.0;2.0,0.0::-1500.0,0.0
-1500.0
2.0,0.0;0.0,4.0::-3500.0,0.0
-3500.0
0.0,4.0;2.0,1.0::-1500.0,0.0
-1500.0
2.0,1.0;0.0,4.0::-3500.0,0.0
-3500.0
0.0,4.0;2.0,2.0::500.0,0.0
500.0
2.0,2.0;0.0,4.0::-3000.0,0.0
-3000.0
0.0,4.0;2.0,3.0::500.0,0.0
500.0
2.0,3.0;0.0,4.0::-3000.0,0.0
-3000.0
0.0,4.0;2.0,4.0::480.0,0.0
480.0
2.0,4.0;0.0,4.0::-3005.0,0.0
-3005.0
0.0,4.0;3.0,0.0::-1015.0,0.0
-1015.0
3.0,0.0;0.0,4.0::-1510.0,0.0
-1510.0
0.0,4.0;3.0,1.0::-1015.0,0.0
-1015.0
3.0,1.0;0.0,4.0::-1510.0,0.0
-1510.0
0.0,4.0;3.0,2.0::985.0,0.0
985.0
3.0,2.0;0.0,4.0::-1010.0,0.0
-1010.0
0.0,4.0;3.0,3.0::985.0,0.0
985.0
3.0,3.0;0.0,4.0::-1010.0,0.0
-1010.0
0.0,4.0;3.0,4.0::965.0,0.0
965.0
3.0,4.0;0.0,4.0::-1015.0,0.0
-1015.0
0.0,4.0;4.0,0.0::-1007.5,0.0
-1007.5
4.0,0.0;0.0,4.0::-1505.0,0.0
-1505.0
0.0,4.0;4.0,1.0::-1007.5,0.0
-1007.5
4.0,1.0;0.0,4.0::-1505.0,0.0
-1505.0
0.0,4.0;4.0,2.0::992.5,0.0
992.5
4.0,2.0;0.0,4.0::-1005.0,0.0
-1005.0
0.0,4.0;4.0,3.0::992.5,0.0
992.5
4.0,3.0;0.0,4.0::-1005.0,0.0
-1005.0
0.0,4.0;4.0,4.0::972.5,0.0
972.5
4.0,4.0;0.0,4.0::-1010.0,0.0
-1010.0
