0.0,0.0,0.0,0.0;0.0,0.0,0.0,0.0::-1281.8520000000012,217.80653868972905
-1281.8520000000012
0.0,0.0,0.0,0.0;0.0,0.0,0.0,0.0::-1297.6080000000009,201.32924610200152
-1297.6080000000009
0.0,0.0,0.0,0.0;0.0,0.0,0.0,10.0::-729.9680000000013,218.52512618918772
-729.9680000000013
0.0,0.0,0.0,10.0;0.0,0.0,0.0,0.0::-910.0080000000003,202.11263527053447
-910.0080000000003
0.0,0.0,0.0,0.0;0.0,0.0,10.0,0.0::-2138.647000000001,157.92272379553356
-2138.647000000001
0.0,0.0,10.0,0.0;0.0,0.0,0.0,0.0::-1585.3070000000118,204.91056451779156
-1585.3070000000118
0.0,0.0,0.0,0.0;0.0,0.0,10.0,10.0::-1982.5110000000009,345.9322554764159
-1982.5110000000009
0.0,0.0,10.0,10.0;0.0,0.0,0.0,0.0::-1538.6430000000096,218.27596718603886
-1538.6430000000096
0.0,0.0,0.0,0.0;0.0,10.0,0.0,0.0::-1327.5820000000015,279.69611272951397
-1327.5820000000015
0.0,10.0,0.0,0.0;0.0,0.0,0.0,0.0::-1129.3660000000011,213.53912485537694
-1129.3660000000011
0.0,0.0,0.0,0.0;0.0,10.0,0.0,10.0::-713.4540000000019,284.2062052172701
-713.4540000000019
0.0,10.0,0.0,10.0;0.0,0.0,0.0,0.0::-793.1940000000004,196.6576445602869
-793.1940000000004
0.0,0.0,0.0,0.0;0.0,10.0,10.0,0.0::-2146.4650000000015,203.1917731479328
-2146.4650000000015
0.0,10.0,10.0,0.0;0.0,0.0,0.0,0.0::-1469.5890000000106,205.21510465606593
-1469.5890000000106
0.0,0.0,0.0,0.0;0.0,10.0,10.0,10.0::-1996.912000000002,357.58618661240376
-1996.912000000002
0.0,10.0,10.0,10.0;0.0,0.0,0.0,0.0::-1414.5480000000111,247.2999997897311
-1414.5480000000111
0.0,0.0,0.0,0.0;10.0,0.0,0.0,0.0::-1418.1160000000048,203.0157169876264
-1418.1160000000048
10.0,0.0,0.0,0.0;0.0,0.0,0.0,0.0::-1653.9400000000003,225.9011376686719
-1653.9400000000003
0.0,0.0,0.0,0.0;10.0,0.0,0.0,10.0::-810.3510000000047,195.06542825165096
-810.3510000000047
10.0,0.0,0.0,10.0;0.0,0.0,0.0,0.0::-1262.6029999999998,198.8014972051273
-1262.6029999999998
0.0,0.0,0.0,0.0;10.0,0.0,10.0,0.0::-2218.2860000000055,113.88374863868906
-2218.2860000000055
10.0,0.0,10.0,0.0;0.0,0.0,0.0,0.0::-1941.7140000000115,166.76996673262252
-1941.7140000000115
0.0,0.0,0.0,0.0;10.0,0.0,10.0,10.0::-1994.931000000005,367.05556709986047
-1994.931000000005
10.0,0.0,10.0,10.0;0.0,0.0,0.0,0.0::-1865.8350000000087,212.1217557795541
-1865.8350000000087
0.0,0.0,0.0,0.0;10.0,10.0,0.0,0.0::-1494.4320000000052,237.5713151371606
-1494.4320000000052
10.0,10.0,0.0,0.0;0.0,0.0,0.0,0.0::-1420.6360000000018,259.4172945352725
-1420.6360000000018
0.0,0.0,0.0,0.0;10.0,10.0,0.0,10.0::-855.4830000000057,175.63773231000238
-855.4830000000057
10.0,10.0,0.0,10.0;0.0,0.0,0.0,0.0::-1108.583,220.1975794848803
-1108.583
0.0,0.0,0.0,0.0;10.0,10.0,10.0,0.0::-2293.344000000005,133.23874610637876
-2293.344000000005
10.0,10.0,10.0,0.0;0.0,0.0,0.0,0.0::-1759.0160000000117,223.2928228671939
-1759.0160000000117
0.0,0.0,0.0,0.0;10.0,10.0,10.0,10.0::-2119.680000000005,317.6724460824388
-2119.680000000005
10.0,10.0,10.0,10.0;0.0,0.0,0.0,0.0::-1698.8360000000093,249.4028999510648
-1698.8360000000093
