0.0,0.0,0.0,10.0;0.0,0.0,0.0,10.0::-327.16900000000004,171.65970913117624
-327.16900000000004
0.0,0.0,0.0,10.0;0.0,0.0,0.0,10.0::-317.08500000000015,111.53495718831921
-317.08500000000015
0.0,0.0,0.0,10.0;0.0,0.0,10.0,0.0::-1752.1630000000005,108.95728672741494
-1752.1630000000005
0.0,0.0,10.0,0.0;0.0,0.0,0.0,10.0::-989.4070000000115,127.92189981000153
-989.4070000000115
0.0,0.0,0.0,10.0;0.0,0.0,10.0,10.0::-1564.2360000000003,367.86239914402796
-1564.2360000000003
0.0,0.0,10.0,10.0;0.0,0.0,0.0,10.0::-937.4840000000098,211.99807485918583
-937.4840000000098
0.0,0.0,0.0,10.0;0.0,10.0,0.0,0.0::-1000.0270000000005,276.0672710971028
-1000.0270000000005
0.0,10.0,0.0,0.0;0.0,0.0,0.0,10.0::-793.3750000000014,333.9628258878528
-793.3750000000014
0.0,0.0,0.0,10.0;0.0,10.0,0.0,10.0::-464.3660000000013,362.3523865576183
-464.3660000000013
0.0,10.0,0.0,10.0;0.0,0.0,0.0,10.0::-470.12600000000026,408.077016902448
-470.12600000000026
0.0,0.0,0.0,10.0;0.0,10.0,10.0,0.0::-1839.555000000001,244.71763825887496
-1839.555000000001
0.0,10.0,10.0,0.0;0.0,0.0,0.0,10.0::-1094.675000000012,370.847208530683
-1094.675000000012
0.0,0.0,0.0,10.0;0.0,10.0,10.0,10.0::-1691.7940000000008,386.65586606697383
-1691.7940000000008
0.0,10.0,10.0,10.0;0.0,0.0,0.0,10.0::-1019.1220000000103,291.29323767640153
-1019.1220000000103
0.0,0.0,0.0,10.0;10.0,0.0,0.0,0.0::-1372.2860000000062,187.73633053833805
-1372.2860000000062
10.0,0.0,0.0,0.0;0.0,0.0,0.0,10.0::-1252.0500000000015,198.33685764375792
-1252.0500000000015
0.0,0.0,0.0,10.0;10.0,0.0,0.0,10.0::-780.2200000000054,140.82857948584174
-780.2200000000054
10.0,0.0,0.0,10.0;0.0,0.0,0.0,10.0::-851.5920000000001,109.95272227644092
-851.5920000000001
0.0,0.0,0.0,10.0;10.0,0.0,10.0,0.0::-2216.3550000000046,68.37199774030302
-2216.3550000000046
10.0,0.0,10.0,0.0;0.0,0.0,0.0,10.0::-1505.779000000011,44.998000611138856
-1505.779000000011
0.0,0.0,0.0,10.0;10.0,0.0,10.0,10.0::-2081.996000000006,303.21614466251623
-2081.996000000006
10.0,0.0,10.0,10.0;0.0,0.0,0.0,10.0::-1465.1840000000097,116.7414225714277
-1465.1840000000097
0.0,0.0,0.0,10.0;10.0,10.0,0.0,0.0::-1413.6470000000056,179.43194668452998
-1413.6470000000056
10.0,10.0,0.0,0.0;0.0,0.0,0.0,10.0::-1252.4710000000007,257.3304083449921
-1252.4710000000007
0.0,0.0,0.0,10.0;10.0,10.0,0.0,10.0::-808.0020000000056,167.34506325553815
-808.0020000000056
10.0,10.0,0.0,10.0;0.0,0.0,0.0,10.0::-872.5340000000003,152.67343267248629
-872.5340000000003
0.0,0.0,0.0,10.0;10.0,10.0,10.0,0.0::-2224.4840000000063,64.57050986324954
-2224.4840000000063
10.0,10.0,10.0,0.0;0.0,0.0,0.0,10.0::-1503.0840000000112,46.0274129622776
-1503.0840000000112
0.0,0.0,0.0,10.0;10.0,10.0,10.0,10.0::-2067.640000000006,327.0695256363699
-2067.640000000006
10.0,10.0,10.0,10.0;0.0,0.0,0.0,10.0::-1475.9520000000089,206.34870558353595
-1475.9520000000089
