10.0,0.0,10.0,0.0;10.0,0.0,10.0,0.0::-2433.9680000000117,111.07911133962213
-2433.9680000000117
10.0,0.0,10.0,0.0;10.0,0.0,10.0,0.0::-2447.3240000000123,108.78098098473
-2447.3240000000123
10.0,0.0,10.0,0.0;10.0,0.0,10.0,10.0::-2227.5420000000113,369.993910539079
-2227.5420000000113
10.0,0.0,10.0,10.0;10.0,0.0,10.0,0.0::-2413.9780000000105,145.30822384160066
-2413.9780000000105
10.0,0.0,10.0,0.0;10.0,10.0,0.0,0.0::-1822.5240000000094,233.31741131771585
-1822.5240000000094
10.0,10.0,0.0,0.0;10.0,0.0,10.0,0.0::-2301.180000000005,284.80913433385535
-2301.180000000005
10.0,0.0,10.0,0.0;10.0,10.0,0.0,10.0::-1389.5630000000103,157.35188696358256
-1389.5630000000103
10.0,10.0,0.0,10.0;10.0,0.0,10.0,0.0::-2342.7630000000054,231.21143641913582
-2342.7630000000054
10.0,0.0,10.0,0.0;10.0,10.0,10.0,0.0::-2279.965000000011,123.90910973370801
-2279.965000000011
10.0,10.0,10.0,0.0;10.0,0.0,10.0,0.0::-2571.8170000000123,231.04544836676632
-2571.8170000000123
10.0,0.0,10.0,0.0;10.0,10.0,10.0,10.0::-2081.3020000000106,388.09783791719343
-2081.3020000000106
10.0,10.0,10.0,10.0;10.0,0.0,10.0,0.0::-2519.0340000000106,270.8638688418978
-2519.0340000000106
