10.0,0.0,10.0,10.0;10.0,0.0,10.0,10.0::-2134.2290000000094,413.02114069258084
-2134.2290000000094
10.0,0.0,10.0,10.0;10.0,0.0,10.0,10.0::-2150.0770000000102,418.4369902040219
-2150.0770000000102
10.0,0.0,10.0,10.0;10.0,10.0,0.0,0.0::-1826.9320000000102,232.54487131734467
-1826.9320000000102
10.0,10.0,0.0,0.0;10.0,0.0,10.0,10.0::-2105.412000000006,471.65790490142314
-2105.412000000006
10.0,0.0,10.0,10.0;10.0,10.0,0.0,10.0::-1390.22900000001,185.6207533090004
-1390.22900000001
10.0,10.0,0.0,10.0;10.0,0.0,10.0,10.0::-2037.2730000000056,484.5994560159968
-2037.2730000000056
10.0,0.0,10.0,10.0;10.0,10.0,10.0,0.0::-2290.079000000009,143.66758388377153
-2290.079000000009
10.0,10.0,10.0,0.0;10.0,0.0,10.0,10.0::-2326.9750000000113,479.83847269159276
-2326.9750000000113
10.0,0.0,10.0,10.0;10.0,10.0,10.0,10.0::-1967.58400000001,386.6864548235428
-1967.58400000001
10.0,10.0,10.0,10.0;10.0,0.0,10.0,10.0::-2199.17600000001,528.1471177844298
-2199.17600000001
