10.0,10.0,0.0,0.0;10.0,10.0,0.0,0.0::-1641.3670000000047,228.60556994745343
-1641.3670000000047
10.0,10.0,0.0,0.0;10.0,10.0,0.0,0.0::-1621.9710000000048,240.8397509943075
-1621.9710000000048
10.0,10.0,0.0,0.0;10.0,10.0,0.0,10.0::-1392.7550000000056,113.42014404416894
-1392.7550000000056
10.0,10.0,0.0,10.0;10.0,10.0,0.0,0.0::-1543.5550000000064,224.81612280928607
-1543.5550000000064
10.0,10.0,0.0,0.0;10.0,10.0,10.0,0.0::-2402.8750000000055,268.79536021851277
-2402.8750000000055
10.0,10.0,10.0,0.0;10.0,10.0,0.0,0.0::-1621.951000000011,234.96889687573557
-1621.951000000011
10.0,10.0,0.0,0.0;10.0,10.0,10.0,10.0::-2182.9510000000046,504.7615978845854
-2182.9510000000046
10.0,10.0,10.0,10.0;10.0,10.0,0.0,0.0::-1578.1830000000095,252.2486725653881
-1578.1830000000095
