10.0,10.0,0.0,10.0;10.0,10.0,0.0,10.0::-1299.619000000006,19.986488911262175
-1299.619000000006
10.0,10.0,0.0,10.0;10.0,10.0,0.0,10.0::-1311.5350000000055,109.28842516479041
-1311.5350000000055
10.0,10.0,0.0,10.0;10.0,10.0,10.0,0.0::-2350.4890000000064,202.44806044761214
-2350.4890000000064
10.0,10.0,10.0,0.0;10.0,10.0,0.0,10.0::-1383.6570000000108,152.44969875667223
-1383.6570000000108
10.0,10.0,0.0,10.0;10.0,10.0,10.0,10.0::-2208.3500000000054,407.69001079251376
-2208.3500000000054
10.0,10.0,10.0,10.0;10.0,10.0,0.0,10.0::-1379.9620000000095,159.9349228780269
-1379.9620000000095
