0.0,0.0,10.0,0.0;0.0,0.0,10.0,0.0::-2418.5380000000114,108.04547540734896
-2418.5380000000114
0.0,0.0,10.0,0.0;0.0,0.0,10.0,0.0::-2412.0540000000096,80.17510389142052
-2412.0540000000096
0.0,0.0,10.0,0.0;0.0,0.0,10.0,10.0::-2201.042000000011,360.42038654326973
-2201.042000000011
0.0,0.0,10.0,10.0;0.0,0.0,10.0,0.0::-2351.0900000000092,149.61987535083983
-2351.0900000000092
0.0,0.0,10.0,0.0;0.0,10.0,0.0,0.0::-1505.304000000009,216.17399701166653
-1505.304000000009
0.0,10.0,0.0,0.0;0.0,0.0,10.0,0.0::-2137.452000000001,397.8117789809653
-2137.452000000001
0.0,0.0,10.0,0.0;0.0,10.0,0.0,10.0::-892.5740000000103,212.9122329130008
-892.5740000000103
0.0,10.0,0.0,10.0;0.0,0.0,10.0,0.0::-1790.9900000000002,407.9014188501927
-1790.9900000000002
0.0,0.0,10.0,0.0;0.0,10.0,10.0,0.0::-2301.0410000000106,148.9475431787981
-2301.0410000000106
0.0,10.0,10.0,0.0;0.0,0.0,10.0,0.0::-2425.109000000011,420.95759646192397
-2425.109000000011
0.0,0.0,10.0,0.0;0.0,10.0,10.0,10.0::-2122.67900000001,337.2254665042368
-2122.67900000001
0.0,10.0,10.0,10.0;0.0,0.0,10.0,0.0::-2361.1510000000103,464.0436672329462
-2361.1510000000103
0.0,0.0,10.0,0.0;10.0,0.0,0.0,0.0::-1614.1550000000107,202.00718570140037
-1614.1550000000107
10.0,0.0,0.0,0.0;0.0,0.0,10.0,0.0::-2110.0590000000016,149.51170529092465
-2110.0590000000016
0.0,0.0,10.0,0.0;10.0,0.0,0.0,10.0::-1009.9390000000117,84.9152705878049
-1009.9390000000117
10.0,0.0,0.0,10.0;0.0,0.0,10.0,0.0::-1731.8909999999992,97.58046433072553
-1731.8909999999992
0.0,0.0,10.0,0.0;10.0,0.0,10.0,0.0::-2453.6290000000113,100.55187745139418
-2453.6290000000113
10.0,0.0,10.0,0.0;0.0,0.0,10.0,0.0::-2418.7970000000114,68.52936955058051
-2418.7970000000114
0.0,0.0,10.0,0.0;10.0,0.0,10.0,10.0::-2304.439000000012,327.5801648131338
-2304.439000000012
10.0,0.0,10.0,10.0;0.0,0.0,10.0,0.0::-2357.6990000000105,135.86312266027446
-2357.6990000000105
0.0,0.0,10.0,0.0;10.0,10.0,0.0,0.0::-1466.42300000001,212.0420004881111
-1466.42300000001
10.0,10.0,0.0,0.0;0.0,0.0,10.0,0.0::-2268.919000000001,237.06646059491456
-2268.919000000001
0.0,0.0,10.0,0.0;10.0,10.0,0.0,10.0::-899.2050000000102,278.7075852484107
-899.2050000000102
10.0,10.0,0.0,10.0;0.0,0.0,10.0,0.0::-1862.0730000000005,297.0006558427112
-1862.0730000000005
0.0,0.0,10.0,0.0;10.0,10.0,10.0,0.0::-2312.3500000000113,141.61444170705255
-2312.3500000000113
10.0,10.0,10.0,0.0;0.0,0.0,10.0,0.0::-2525.1580000000117,242.9457067659359
-2525.1580000000117
0.0,0.0,10.0,0.0;10.0,10.0,10.0,10.0::-2105.9580000000105,391.3364264108315
-2105.9580000000105
10.0,10.0,10.0,10.0;0.0,0.0,10.0,0.0::-2432.2380000000094,273.421113588546
-2432.2380000000094
