0.0,0.0,10.0,10.0;0.0,0.0,10.0,10.0::-2159.0240000000085,365.96908124047974
-2159.0240000000085
0.0,0.0,10.0,10.0;0.0,0.0,10.0,10.0::-2144.0800000000095,368.24572366831455
-2144.0800000000095
0.0,0.0,10.0,10.0;0.0,10.0,0.0,0.0::-1571.3740000000116,259.371883449229
-1571.3740000000116
0.0,10.0,0.0,0.0;0.0,0.0,10.0,10.0::-2109.498,313.9690994285907
-2109.498
0.0,0.0,10.0,10.0;0.0,10.0,0.0,10.0::-914.8710000000101,221.59620723063006
-914.8710000000101
0.0,10.0,0.0,10.0;0.0,0.0,10.0,10.0::-1802.0510000000006,303.3986168376519
-1802.0510000000006
0.0,0.0,10.0,10.0;0.0,10.0,10.0,0.0::-2345.15000000001,177.18647042029028
-2345.15000000001
0.0,10.0,10.0,0.0;0.0,0.0,10.0,10.0::-2449.302000000012,281.8669285247918
-2449.302000000012
0.0,0.0,10.0,10.0;0.0,10.0,10.0,10.0::-2184.29200000001,364.75683233628456
-2184.29200000001
0.0,10.0,10.0,10.0;0.0,0.0,10.0,10.0::-2347.456000000011,333.899903659765
-2347.456000000011
0.0,0.0,10.0,10.0;10.0,0.0,0.0,0.0::-1603.68800000001,216.51476960244676
-1603.68800000001
10.0,0.0,0.0,0.0;0.0,0.0,10.0,10.0::-1886.7080000000014,430.8060620929104
-1886.7080000000014
0.0,0.0,10.0,10.0;10.0,0.0,0.0,10.0::-1013.1750000000101,261.2541446082737
-1013.1750000000101
10.0,0.0,0.0,10.0;0.0,0.0,10.0,10.0::-1518.3150000000003,394.5306201994978
-1518.3150000000003
0.0,0.0,10.0,10.0;10.0,0.0,10.0,0.0::-2419.20300000001,146.57877503581759
-2419.20300000001
10.0,0.0,10.0,0.0;0.0,0.0,10.0,10.0::-2143.5110000000113,387.664235878163
-2143.5110000000113
0.0,0.0,10.0,10.0;10.0,0.0,10.0,10.0::-2216.5930000000094,352.4869813922219
-2216.5930000000094
10.0,0.0,10.0,10.0;0.0,0.0,10.0,10.0::-2089.241000000009,407.39603976843046
-2089.241000000009
0.0,0.0,10.0,10.0;10.0,10.0,0.0,0.0::-1457.0600000000093,201.60556787946217
-1457.0600000000093
10.0,10.0,0.0,0.0;0.0,0.0,10.0,10.0::-1988.7200000000012,496.1461468156338
-1988.7200000000012
0.0,0.0,10.0,10.0;10.0,10.0,0.0,10.0::-863.1210000000095,208.97509626508258
-863.1210000000095
10.0,10.0,0.0,10.0;0.0,0.0,10.0,10.0::-1619.2290000000003,496.9400304453246
-1619.2290000000003
0.0,0.0,10.0,10.0;10.0,10.0,10.0,0.0::-2313.5230000000092,186.66209569969115
-2313.5230000000092
10.0,10.0,10.0,0.0;0.0,0.0,10.0,10.0::-2375.551000000011,404.39936189242445
-2375.551000000011
0.0,0.0,10.0,10.0;10.0,10.0,10.0,10.0::-2037.70100000001,376.4929602250228
-2037.70100000001
10.0,10.0,10.0,10.0;0.0,0.0,10.0,10.0::-2265.169000000011,498.0768269443998
-2265.169000000011
