0.0,10.0,0.0,0.0;0.0,10.0,0.0,0.0::-1165.6060000000014,268.9302927600402
-1165.6060000000014
0.0,10.0,0.0,0.0;0.0,10.0,0.0,0.0::-1149.2780000000018,289.13999570450466
-1149.2780000000018
0.0,10.0,0.0,0.0;0.0,10.0,0.0,10.0::-766.3000000000018,302.96296209273004
-766.3000000000018
0.0,10.0,0.0,10.0;0.0,10.0,0.0,0.0::-847.3120000000008,279.5173773775097
-847.3120000000008
0.0,10.0,0.0,0.0;0.0,10.0,10.0,0.0::-2152.0960000000014,471.3648769095984
-2152.0960000000014
0.0,10.0,10.0,0.0;0.0,10.0,0.0,0.0::-1361.1800000000103,241.81501359510338
-1361.1800000000103
0.0,10.0,0.0,0.0;0.0,10.0,10.0,10.0::-2192.796000000002,379.25067987282665
-2192.796000000002
0.0,10.0,10.0,10.0;0.0,10.0,0.0,0.0::-1355.6840000000113,247.68802624269182
-1355.6840000000113
0.0,10.0,0.0,0.0;10.0,0.0,0.0,0.0::-1253.0260000000044,212.7316124227897
-1253.0260000000044
10.0,0.0,0.0,0.0;0.0,10.0,0.0,0.0::-1686.014000000002,281.9443423869346
-1686.014000000002
0.0,10.0,0.0,0.0;10.0,0.0,0.0,10.0::-855.9810000000045,279.43133886341377
-855.9810000000045
10.0,0.0,0.0,10.0;0.0,10.0,0.0,0.0::-1337.873000000001,257.93344213382056
-1337.873000000001
0.0,10.0,0.0,0.0;10.0,0.0,10.0,0.0::-2245.8410000000044,386.03548544013415
-2245.8410000000044
10.0,0.0,10.0,0.0;0.0,10.0,0.0,0.0::-1798.2250000000097,248.96131481617792
-1798.2250000000097
0.0,10.0,0.0,0.0;10.0,0.0,10.0,10.0::-2180.0090000000055,326.45843413672134
-2180.0090000000055
10.0,0.0,10.0,10.0;0.0,10.0,0.0,0.0::-1878.4610000000105,217.64522686932574
-1878.4610000000105
0.0,10.0,0.0,0.0;10.0,10.0,0.0,0.0::-1330.653000000005,217.067092142038
-1330.653000000005
10.0,10.0,0.0,0.0;0.0,10.0,0.0,0.0::-1459.3290000000018,303.14339355988125
-1459.3290000000018
0.0,10.0,0.0,0.0;10.0,10.0,0.0,10.0::-952.4370000000052,339.640685329364
-952.4370000000052
10.0,10.0,0.0,10.0;0.0,10.0,0.0,0.0::-1171.6850000000013,273.8910171491593
-1171.6850000000013
0.0,10.0,0.0,0.0;10.0,10.0,10.0,0.0::-2270.943000000005,437.5731464006905
-2270.943000000005
10.0,10.0,10.0,0.0;0.0,10.0,0.0,0.0::-1679.6790000000103,220.39652415362625
-1679.6790000000103
0.0,10.0,0.0,0.0;10.0,10.0,10.0,10.0::-2298.7610000000045,294.02445166856455
-2298.7610000000045
10.0,10.0,10.0,10.0;0.0,10.0,0.0,0.0::-1722.4770000000115,266.6018847851616
-1722.4770000000115
