0.0,10.0,0.0,10.0;0.0,10.0,0.0,10.0::-509.86400000000094,414.797148620867
-509.86400000000094
0.0,10.0,0.0,10.0;0.0,10.0,0.0,10.0::-493.3200000000013,383.44003259962557
-493.3200000000013
0.0,10.0,0.0,10.0;0.0,10.0,10.0,0.0::-1754.698000000001,547.8798353617348
-1754.698000000001
0.0,10.0,10.0,0.0;0.0,10.0,0.0,10.0::-985.8060000000095,305.454429275465
-985.8060000000095
0.0,10.0,0.0,10.0;0.0,10.0,10.0,10.0::-1807.3860000000013,393.4479858939443
-1807.3860000000013
0.0,10.0,10.0,10.0;0.0,10.0,0.0,10.0::-1014.9140000000111,330.22338621605894
-1014.9140000000111
0.0,10.0,0.0,10.0;10.0,0.0,0.0,0.0::-1236.061000000006,177.157305181017
-1236.061000000006
10.0,0.0,0.0,0.0;0.0,10.0,0.0,10.0::-1242.7530000000017,232.9719233963634
-1242.7530000000017
0.0,10.0,0.0,10.0;10.0,0.0,0.0,10.0::-852.5720000000052,303.68079592888324
-852.5720000000052
10.0,0.0,0.0,10.0;0.0,10.0,0.0,10.0::-894.6800000000007,183.72796684228828
-894.6800000000007
0.0,10.0,0.0,10.0;10.0,0.0,10.0,0.0::-2288.6440000000057,308.55610261992877
-2288.6440000000057
10.0,0.0,10.0,0.0;0.0,10.0,0.0,10.0::-1379.5400000000095,123.15640300041244
-1379.5400000000095
0.0,10.0,0.0,10.0;10.0,0.0,10.0,10.0::-2212.2070000000044,310.223215525531
-2212.2070000000044
10.0,0.0,10.0,10.0;0.0,10.0,0.0,10.0::-1445.6550000000107,207.41526673560077
-1445.6550000000107
0.0,10.0,0.0,10.0;10.0,10.0,0.0,0.0::-1246.0900000000058,186.84069230229298
-1246.0900000000058
10.0,10.0,0.0,0.0;0.0,10.0,0.0,10.0::-1220.1140000000016,205.28850382815082
-1220.1140000000016
0.0,10.0,0.0,10.0;10.0,10.0,0.0,10.0::-913.0620000000054,341.98659674905406
-913.0620000000054
10.0,10.0,0.0,10.0;0.0,10.0,0.0,10.0::-945.2100000000016,242.3630716507806
-945.2100000000016
0.0,10.0,0.0,10.0;10.0,10.0,10.0,0.0::-2153.246000000006,478.3093428775985
-2153.246000000006
10.0,10.0,10.0,0.0;0.0,10.0,0.0,10.0::-1419.62200000001,182.94132041723094
-1419.62200000001
0.0,10.0,0.0,10.0;10.0,10.0,10.0,10.0::-2225.034000000005,302.6648913303293
-2225.034000000005
10.0,10.0,10.0,10.0;0.0,10.0,0.0,10.0::-1434.5180000000107,178.48044956241088
-1434.5180000000107
