0.0,10.0,10.0,0.0;0.0,10.0,10.0,0.0::-2284.532000000011,442.6096013147478
-2284.532000000011
0.0,10.0,10.0,0.0;0.0,10.0,10.0,0.0::-2380.5440000000103,367.4416022499358
-2380.5440000000103
0.0,10.0,10.0,0.0;0.0,10.0,10.0,10.0::-2247.8710000000096,314.23471682645135
-2247.8710000000096
0.0,10.0,10.0,10.0;0.0,10.0,10.0,0.0::-2433.5070000000105,422.3271760744278
-2433.5070000000105
0.0,10.0,10.0,0.0;10.0,0.0,0.0,0.0::-1503.3560000000114,200.7954742119457
-1503.3560000000114
10.0,0.0,0.0,0.0;0.0,10.0,10.0,0.0::-2099.7760000000017,232.37049860944305
-2099.7760000000017
0.0,10.0,10.0,0.0;10.0,0.0,0.0,10.0::-1131.8200000000113,384.3139409389153
-1131.8200000000113
10.0,0.0,0.0,10.0;0.0,10.0,10.0,0.0::-1839.4600000000014,228.25267139729482
-1839.4600000000014
0.0,10.0,10.0,0.0;10.0,0.0,10.0,0.0::-2454.3040000000115,439.6807155016013
-2454.3040000000115
10.0,0.0,10.0,0.0;0.0,10.0,10.0,0.0::-2309.2600000000107,153.9671406502046
-2309.2600000000107
0.0,10.0,10.0,0.0;10.0,0.0,10.0,10.0::-2388.4290000000124,314.205618121319
-2388.4290000000124
10.0,0.0,10.0,10.0;0.0,10.0,10.0,0.0::-2368.973000000012,180.63721590801964
-2368.973000000012
0.0,10.0,10.0,0.0;10.0,10.0,0.0,0.0::-1348.8280000000104,239.1751045071375
-1348.8280000000104
10.0,10.0,0.0,0.0;0.0,10.0,10.0,0.0::-2249.2080000000014,299.3506147246087
-2249.2080000000014
0.0,10.0,10.0,0.0;10.0,10.0,0.0,10.0::-1013.9210000000098,412.2903972432539
-1013.9210000000098
10.0,10.0,0.0,10.0;0.0,10.0,10.0,0.0::-1987.5970000000018,353.81233032640654
-1987.5970000000018
0.0,10.0,10.0,0.0;10.0,10.0,10.0,0.0::-2316.6300000000106,437.09134594498676
-2316.6300000000106
10.0,10.0,10.0,0.0;0.0,10.0,10.0,0.0::-2389.7860000000105,301.5555136355493
-2389.7860000000105
0.0,10.0,10.0,0.0;10.0,10.0,10.0,10.0::-2304.0510000000104,319.36201010608653
-2304.0510000000104
10.0,10.0,10.0,10.0;0.0,10.0,10.0,0.0::-2480.8070000000107,298.36945160488614
-2480.8070000000107
