0.0,10.0,10.0,10.0;0.0,10.0,10.0,10.0::-2376.919000000012,302.9104926195202
-2376.919000000012
0.0,10.0,10.0,10.0;0.0,10.0,10.0,10.0::-2362.543000000012,320.1621605546171
-2362.543000000012
0.0,10.0,10.0,10.0;10.0,0.0,0.0,0.0::-1476.3750000000102,210.48188871017058
-1476.3750000000102
10.0,0.0,0.0,0.0;0.0,10.0,10.0,10.0::-1874.6870000000024,429.46420913855087
-1874.6870000000024
0.0,10.0,10.0,10.0;10.0,0.0,0.0,10.0::-1021.3170000000099,286.78754507649154
-1021.3170000000099
10.0,0.0,0.0,10.0;0.0,10.0,10.0,10.0::-1518.5450000000012,446.0231436540046
-1518.5450000000012
0.0,10.0,10.0,10.0;10.0,0.0,10.0,0.0::-2387.48700000001,452.2118907448153
-2387.48700000001
10.0,0.0,10.0,0.0;0.0,10.0,10.0,10.0::-2117.4030000000103,395.453018310646
-2117.4030000000103
0.0,10.0,10.0,10.0;10.0,0.0,10.0,10.0::-2338.120000000011,350.23391326369415
-2338.120000000011
10.0,0.0,10.0,10.0;0.0,10.0,10.0,10.0::-2177.8720000000117,394.6061145192766
-2177.8720000000117
0.0,10.0,10.0,10.0;10.0,10.0,0.0,0.0::-1334.6560000000093,216.21114694668356
-1334.6560000000093
10.0,10.0,0.0,0.0;0.0,10.0,10.0,10.0::-1965.7320000000013,531.806601854472
-1965.7320000000013
0.0,10.0,10.0,10.0;10.0,10.0,0.0,10.0::-939.098000000009,327.2440844324006
-939.098000000009
10.0,10.0,0.0,10.0;0.0,10.0,10.0,10.0::-1668.9620000000023,545.580733307181
-1668.9620000000023
0.0,10.0,10.0,10.0;10.0,10.0,10.0,0.0::-2229.098000000011,504.2020846803398
-2229.098000000011
10.0,10.0,10.0,0.0;0.0,10.0,10.0,10.0::-2240.562000000009,501.67537706768115
-2240.562000000009
0.0,10.0,10.0,10.0;10.0,10.0,10.0,10.0::-2209.5530000000094,328.5858379343213
-2209.5530000000094
10.0,10.0,10.0,10.0;0.0,10.0,10.0,10.0::-2133.4090000000097,571.6449767285641
-2133.4090000000097
