10.0,0.0,0.0,0.0;10.0,0.0,0.0,0.0::-1752.3320000000042,208.15705939506367
-1752.3320000000042
10.0,0.0,0.0,0.0;10.0,0.0,0.0,0.0::-1717.212000000005,178.7634488814759
-1717.212000000005
10.0,0.0,0.0,0.0;10.0,0.0,0.0,10.0::-1321.4620000000045,128.72304360913787
-1321.4620000000045
10.0,0.0,0.0,10.0;10.0,0.0,0.0,0.0::-1714.1420000000062,201.43510130064226
-1714.1420000000062
10.0,0.0,0.0,0.0;10.0,0.0,10.0,0.0::-2218.680000000005,103.9207919523329
-2218.680000000005
10.0,0.0,10.0,0.0;10.0,0.0,0.0,0.0::-1971.0120000000118,174.2496222549711
-1971.0120000000118
10.0,0.0,0.0,0.0;10.0,0.0,10.0,10.0::-2013.6250000000045,363.323670127615
-2013.6250000000045
10.0,0.0,10.0,10.0;10.0,0.0,0.0,0.0::-1952.0250000000117,209.81324380267498
-1952.0250000000117
10.0,0.0,0.0,0.0;10.0,10.0,0.0,0.0::-1781.6140000000057,204.1186978304538
-1781.6140000000057
10.0,10.0,0.0,0.0;10.0,0.0,0.0,0.0::-1571.7100000000046,230.18983926316147
-1571.7100000000046
10.0,0.0,0.0,0.0;10.0,10.0,0.0,10.0::-1361.422000000005,93.37218384508336
-1361.422000000005
10.0,10.0,0.0,10.0;10.0,0.0,0.0,0.0::-1586.9260000000054,181.0711101307992
-1586.9260000000054
10.0,0.0,0.0,0.0;10.0,10.0,10.0,0.0::-2291.752000000006,119.78536845541706
-2291.752000000006
10.0,10.0,10.0,0.0;10.0,0.0,0.0,0.0::-1783.124000000012,239.2760661328253
-1783.124000000012
10.0,0.0,0.0,0.0;10.0,10.0,10.0,10.0::-2061.7140000000054,372.1955281891495
-2061.7140000000054
10.0,10.0,10.0,10.0;10.0,0.0,0.0,0.0::-1801.1580000000097,203.98809385844177
-1801.1580000000097
