10.0,0.0,0.0,10.0;10.0,0.0,0.0,10.0::-1305.3990000000058,43.849655631487856
-1305.3990000000058
10.0,0.0,0.0,10.0;10.0,0.0,0.0,10.0::-1318.4950000000056,130.1661663989533
-1318.4950000000056
10.0,0.0,0.0,10.0;10.0,0.0,10.0,0.0::-2208.674000000006,65.59019990821801
-2208.674000000006
10.0,0.0,10.0,0.0;10.0,0.0,0.0,10.0::-1543.7500000000118,78.40053379920397
-1543.7500000000118
10.0,0.0,0.0,10.0;10.0,0.0,10.0,10.0::-1949.1860000000058,399.03972985656463
-1949.1860000000058
10.0,0.0,10.0,10.0;10.0,0.0,0.0,10.0::-1493.73400000001,156.13053591146354
-1493.73400000001
10.0,0.0,0.0,10.0;10.0,10.0,0.0,0.0::-1697.227000000005,156.4890167743411
-1697.227000000005
10.0,10.0,0.0,0.0;10.0,0.0,0.0,10.0::-1328.4190000000049,133.47320007776855
-1328.4190000000049
10.0,0.0,0.0,10.0;10.0,10.0,0.0,10.0::-1303.4560000000054,55.97713161640287
-1303.4560000000054
10.0,10.0,0.0,10.0;10.0,0.0,0.0,10.0::-1314.3280000000059,126.15807392315406
-1314.3280000000059
10.0,0.0,0.0,10.0;10.0,10.0,10.0,0.0::-2213.228000000006,86.46906623758593
-2213.228000000006
10.0,10.0,10.0,0.0;10.0,0.0,0.0,10.0::-1541.2240000000113,134.58435430613818
-1541.2240000000113
10.0,0.0,0.0,10.0;10.0,10.0,10.0,10.0::-1978.1920000000068,381.1683220520825
-1978.1920000000068
10.0,10.0,10.0,10.0;10.0,0.0,0.0,10.0::-1526.8680000000104,235.23138475977407
-1526.8680000000104
