0.0,0.0,0.0,0.0;0.0,0.0,0.0,0.0::-1281.8520000000012,217.80653868972905
-1281.8520000000012
0.0,0.0,0.0,0.0;0.0,0.0,0.0,0.0::-1297.6080000000009,201.32924610200152
-1297.6080000000009
0.0,0.0,0.0,0.0;0.0,0.0,0.0,10.0::-729.9680000000013,218.52512618918772
-729.9680000000013
0.0,0.0,0.0,10.0;0.0,0.0,0.0,0.0::-910.0080000000003,202.11263527053447
-910.0080000000003
0.0,0.0,0.0,0.0;0.0,0.0,10.0,0.0::-2138.647000000001,157.92272379553356
-2138.647000000001
0.0,0.0,10.0,0.0;0.0,0.0,0.0,0.0::-1585.3070000000118,204.91056451779156
-1585.3070000000118
0.0,0.0,0.0,0.0;0.0,0.0,10.0,10.0::-1982.5110000000009,345.9322554764159
-1982.5110000000009
0.0,0.0,10.0,10.0;0.0,0.0,0.0,0.0::-1538.6430000000096,218.27596718603886
-1538.6430000000096
0.0,0.0,0.0,0.0;0.0,10.0,0.0,0.0::-1327.5820000000015,279.69611272951397
-1327.5820000000015
0.0,10.0,0.0,0.0;0.0,0.0,0.0,0.0::-1129.3660000000011,213.53912485537694
-1129.3660000000011
0.0,0.0,0.0,0.0;0.0,10.0,0.0,10.0::-713.4540000000019,284.2062052172701
-713.4540000000019
0.0,10.0,0.0,10.0;0.0,0.0,0.0,0.0::-793.1940000000004,196.6576445602869
-793.1940000000004
0.0,0.0,0.0,0.0;0.0,10.0,10.0,0.0::-2146.4650000000015,203.1917731479328
-2146.4650000000015
0.0,10.0,10.0,0.0;0.0,0.0,0.0,0.0::-1469.5890000000106,205.21510465606593
-1469.5890000000106
0.0,0.0,0.0,0.0;0.0,10.0,10.0,10.0::-1996.912000000002,357.58618661240376
-1996.912000000002
0.0,10.0,10.0,10.0;0.0,0.0,0.0,0.0::-1414.5480000000111,247.2999997897311
-1414.5480000000111
0.0,0.0,0.0,0.0;10.0,0.0,0.0,0.0::-1418.1160000000048,203.0157169876264
-1418.1160000000048
10.0,0.0,0.0,0.0;0.0,0.0,0.0,0.0::-1653.9400000000003,225.9011376686719
-1653.9400000000003
0.0,0.0,0.0,0.0;10.0,0.0,0.0,10.0::-810.3510000000047,195.06542825165096
-810.3510000000047
10.0,0.0,0.0,10.0;0.0,0.0,0.0,0.0::-1262.6029999999998,198.8014972051273
-1262.6029999999998
0.0,0.0,0.0,0.0;10.0,0.0,10.0,0.0::-2218.2860000000055,113.88374863868906
-2218.2860000000055
10.0,0.0,10.0,0.0;0.0,0.0,0.0,0.0::-1941.7140000000115,166.76996673262252
-1941.7140000000115
0.0,0.0,0.0,0.0;10.0,0.0,10.0,10.0::-1994.931000000005,367.05556709986047
-1994.931000000005
10.0,0.0,10.0,10.0;0.0,0.0,0.0,0.0::-1865.8350000000087,212.1217557795541
-1865.8350000000087
0.0,0.0,0.0,0.0;10.0,10.0,0.0,0.0::-1494.4320000000052,237.5713151371606
-1494.4320000000052
10.0,10.0,0.0,0.0;0.0,0.0,0.0,0.0::-1420.6360000000018,259.4172945352725
-1420.6360000000018
0.0,0.0,0.0,0.0;10.0,10.0,0.0,10.0::-855.4830000000057,175.63773231000238
-855.4830000000057
10.0,10.0,0.0,10.0;0.0,0.0,0.0,0.0::-1108.583,220.1975794848803
-1108.583
0.0,0.0,0.0,0.0;10.0,10.0,10.0,0.0::-2293.344000000005,133.23874610637876
-2293.344000000005
10.0,10.0,10.0,0.0;0.0,0.0,0.0,0.0::-1759.0160000000117,223.2928228671939
-1759.0160000000117
0.0,0.0,0.0,0.0;10.0,10.0,10.0,10.0::-2119.680000000005,317.6724460824388
-2119.680000000005
10.0,10.0,10.0,10.0;0.0,0.0,0.0,0.0::-1698.8360000000093,249.4028999510648
-1698.8360000000093
0.0,0.0,0.0,10.0;0.0,0.0,0.0,10.0::-327.16900000000004,171.65970913117624
-327.16900000000004
0.0,0.0,0.0,10.0;0.0,0.0,0.0,10.0::-317.08500000000015,111.53495718831921
-317.08500000000015
0.0,0.0,0.0,10.0;0.0,0.0,10.0,0.0::-1752.1630000000005,108.95728672741494
-1752.1630000000005
0.0,0.0,10.0,0.0;0.0,0.0,0.0,10.0::-989.4070000000115,127.92189981000153
-989.4070000000115
0.0,0.0,0.0,10.0;0.0,0.0,10.0,10.0::-1564.2360000000003,367.86239914402796
-1564.2360000000003
0.0,0.0,10.0,10.0;0.0,0.0,0.0,10.0::-937.4840000000098,211.99807485918583
-937.4840000000098
0.0,0.0,0.0,10.0;0.0,10.0,0.0,0.0::-1000.0270000000005,276.0672710971028
-1000.0270000000005
0.0,10.0,0.0,0.0;0.0,0.0,0.0,10.0::-793.3750000000014,333.9628258878528
-793.3750000000014
0.0,0.0,0.0,10.0;0.0,10.0,0.0,10.0::-464.3660000000013,362.3523865576183
-464.3660000000013
0.0,10.0,0.0,10.0;0.0,0.0,0.0,10.0::-470.12600000000026,408.077016902448
-470.12600000000026
0.0,0.0,0.0,10.0;0.0,10.0,10.0,0.0::-1839.555000000001,244.71763825887496
-1839.555000000001
0.0,10.0,10.0,0.0;0.0,0.0,0.0,10.0::-1094.675000000012,370.847208530683
-1094.675000000012
0.0,0.0,0.0,10.0;0.0,10.0,10.0,10.0::-1691.7940000000008,386.65586606697383
-1691.7940000000008
0.0,10.0,10.0,10.0;0.0,0.0,0.0,10.0::-1019.1220000000103,291.29323767640153
-1019.1220000000103
0.0,0.0,0.0,10.0;10.0,0.0,0.0,0.0::-1372.2860000000062,187.73633053833805
-1372.2860000000062
10.0,0.0,0.0,0.0;0.0,0.0,0.0,10.0::-1252.0500000000015,198.33685764375792
-1252.0500000000015
0.0,0.0,0.0,10.0;10.0,0.0,0.0,10.0::-780.2200000000054,140.82857948584174
-780.2200000000054
10.0,0.0,0.0,10.0;0.0,0.0,0.0,10.0::-851.5920000000001,109.95272227644092
-851.5920000000001
0.0,0.0,0.0,10.0;10.0,0.0,10.0,0.0::-2216.3550000000046,68.37199774030302
-2216.3550000000046
10.0,0.0,10.0,0.0;0.0,0.0,0.0,10.0::-1505.779000000011,44.998000611138856
-1505.779000000011
0.0,0.0,0.0,10.0;10.0,0.0,10.0,10.0::-2081.996000000006,303.21614466251623
-2081.996000000006
10.0,0.0,10.0,10.0;0.0,0.0,0.0,10.0::-1465.1840000000097,116.7414225714277
-1465.1840000000097
0.0,0.0,0.0,10.0;10.0,10.0,0.0,0.0::-1413.6470000000056,179.43194668452998
-1413.6470000000056
10.0,10.0,0.0,0.0;0.0,0.0,0.0,10.0::-1252.4710000000007,257.3304083449921
-1252.4710000000007
0.0,0.0,0.0,10.0;10.0,10.0,0.0,10.0::-808.0020000000056,167.34506325553815
-808.0020000000056
10.0,10.0,0.0,10.0;0.0,0.0,0.0,10.0::-872.5340000000003,152.67343267248629
-872.5340000000003
0.0,0.0,0.0,10.0;10.0,10.0,10.0,0.0::-2224.4840000000063,64.57050986324954
-2224.4840000000063
10.0,10.0,10.0,0.0;0.0,0.0,0.0,10.0::-1503.0840000000112,46.0274129622776
-1503.0840000000112
0.0,0.0,0.0,10.0;10.0,10.0,10.0,10.0::-2067.640000000006,327.0695256363699
-2067.640000000006
10.0,10.0,10.0,10.0;0.0,0.0,0.0,10.0::-1475.9520000000089,206.34870558353595
-1475.9520000000089
0.0,0.0,10.0,0.0;0.0,0.0,10.0,0.0::-2418.5380000000114,108.04547540734896
-2418.5380000000114
0.0,0.0,10.0,0.0;0.0,0.0,10.0,0.0::-2412.0540000000096,80.17510389142052
-2412.0540000000096
0.0,0.0,10.0,0.0;0.0,0.0,10.0,10.0::-2201.042000000011,360.42038654326973
-2201.042000000011
0.0,0.0,10.0,10.0;0.0,0.0,10.0,0.0::-2351.0900000000092,149.61987535083983
-2351.0900000000092
0.0,0.0,10.0,0.0;0.0,10.0,0.0,0.0::-1505.304000000009,216.17399701166653
-1505.304000000009
0.0,10.0,0.0,0.0;0.0,0.0,10.0,0.0::-2137.452000000001,397.8117789809653
-2137.452000000001
0.0,0.0,10.0,0.0;0.0,10.0,0.0,10.0::-892.5740000000103,212.9122329130008
-892.5740000000103
0.0,10.0,0.0,10.0;0.0,0.0,10.0,0.0::-1790.9900000000002,407.9014188501927
-1790.9900000000002
0.0,0.0,10.0,0.0;0.0,10.0,10.0,0.0::-2301.0410000000106,148.9475431787981
-2301.0410000000106
0.0,10.0,10.0,0.0;0.0,0.0,10.0,0.0::-2425.109000000011,420.95759646192397
-2425.109000000011
0.0,0.0,10.0,0.0;0.0,10.0,10.0,10.0::-2122.67900000001,337.2254665042368
-2122.67900000001
0.0,10.0,10.0,10.0;0.0,0.0,10.0,0.0::-2361.1510000000103,464.0436672329462
-2361.1510000000103
0.0,0.0,10.0,0.0;10.0,0.0,0.0,0.0::-1614.1550000000107,202.00718570140037
-1614.1550000000107
10.0,0.0,0.0,0.0;0.0,0.0,10.0,0.0::-2110.0590000000016,149.51170529092465
-2110.0590000000016
0.0,0.0,10.0,0.0;10.0,0.0,0.0,10.0::-1009.9390000000117,84.9152705878049
-1009.9390000000117
10.0,0.0,0.0,10.0;0.0,0.0,10.0,0.0::-1731.8909999999992,97.58046433072553
-1731.8909999999992
0.0,0.0,10.0,0.0;10.0,0.0,10.0,0.0::-2453.6290000000113,100.55187745139418
-2453.6290000000113
10.0,0.0,10.0,0.0;0.0,0.0,10.0,0.0::-2418.7970000000114,68.52936955058051
-2418.7970000000114
0.0,0.0,10.0,0.0;10.0,0.0,10.0,10.0::-2304.439000000012,327.5801648131338
-2304.439000000012
10.0,0.0,10.0,10.0;0.0,0.0,10.0,0.0::-2357.6990000000105,135.86312266027446
-2357.6990000000105
0.0,0.0,10.0,0.0;10.0,10.0,0.0,0.0::-1466.42300000001,212.0420004881111
-1466.42300000001
10.0,10.0,0.0,0.0;0.0,0.0,10.0,0.0::-2268.919000000001,237.06646059491456
-2268.919000000001
0.0,0.0,10.0,0.0;10.0,10.0,0.0,10.0::-899.2050000000102,278.7075852484107
-899.2050000000102
10.0,10.0,0.0,10.0;0.0,0.0,10.0,0.0::-1862.0730000000005,297.0006558427112
-1862.0730000000005
0.0,0.0,10.0,0.0;10.0,10.0,10.0,0.0::-2312.3500000000113,141.61444170705255
-2312.3500000000113
10.0,10.0,10.0,0.0;0.0,0.0,10.0,0.0::-2525.1580000000117,242.9457067659359
-2525.1580000000117
0.0,0.0,10.0,0.0;10.0,10.0,10.0,10.0::-2105.9580000000105,391.3364264108315
-2105.9580000000105
10.0,10.0,10.0,10.0;0.0,0.0,10.0,0.0::-2432.2380000000094,273.421113588546
-2432.2380000000094
0.0,0.0,10.0,10.0;0.0,0.0,10.0,10.0::-2159.0240000000085,365.96908124047974
-2159.0240000000085
0.0,0.0,10.0,10.0;0.0,0.0,10.0,10.0::-2144.0800000000095,368.24572366831455
-2144.0800000000095
0.0,0.0,10.0,10.0;0.0,10.0,0.0,0.0::-1571.3740000000116,259.371883449229
-1571.3740000000116
0.0,10.0,0.0,0.0;0.0,0.0,10.0,10.0::-2109.498,313.9690994285907
-2109.498
0.0,0.0,10.0,10.0;0.0,10.0,0.0,10.0::-914.8710000000101,221.59620723063006
-914.8710000000101
0.0,10.0,0.0,10.0;0.0,0.0,10.0,10.0::-1802.0510000000006,303.3986168376519
-1802.0510000000006
0.0,0.0,10.0,10.0;0.0,10.0,10.0,0.0::-2345.15000000001,177.18647042029028
-2345.15000000001
0.0,10.0,10.0,0.0;0.0,0.0,10.0,10.0::-2449.302000000012,281.8669285247918
-2449.302000000012
0.0,0.0,10.0,10.0;0.0,10.0,10.0,10.0::-2184.29200000001,364.75683233628456
-2184.29200000001
0.0,10.0,10.0,10.0;0.0,0.0,10.0,10.0::-2347.456000000011,333.899903659765
-2347.456000000011
0.0,0.0,10.0,10.0;10.0,0.0,0.0,0.0::-1603.68800000001,216.51476960244676
-1603.68800000001
10.0,0.0,0.0,0.0;0.0,0.0,10.0,10.0::-1886.7080000000014,430.8060620929104
-1886.7080000000014
0.0,0.0,10.0,10.0;10.0,0.0,0.0,10.0::-1013.1750000000101,261.2541446082737
-1013.1750000000101
10.0,0.0,0.0,10.0;0.0,0.0,10.0,10.0::-1518.3150000000003,394.5306201994978
-1518.3150000000003
0.0,0.0,10.0,10.0;10.0,0.0,10.0,0.0::-2419.20300000001,146.57877503581759
-2419.20300000001
10.0,0.0,10.0,0.0;0.0,0.0,10.0,10.0::-2143.5110000000113,387.664235878163
-2143.5110000000113
0.0,0.0,10.0,10.0;10.0,0.0,10.0,10.0::-2216.5930000000094,352.4869813922219
-2216.5930000000094
10.0,0.0,10.0,10.0;0.0,0.0,10.0,10.0::-2089.241000000009,407.39603976843046
-2089.241000000009
0.0,0.0,10.0,10.0;10.0,10.0,0.0,0.0::-1457.0600000000093,201.60556787946217
-1457.0600000000093
10.0,10.0,0.0,0.0;0.0,0.0,10.0,10.0::-1988.7200000000012,496.1461468156338
-1988.7200000000012
0.0,0.0,10.0,10.0;10.0,10.0,0.0,10.0::-863.1210000000095,208.97509626508258
-863.1210000000095
10.0,10.0,0.0,10.0;0.0,0.0,10.0,10.0::-1619.2290000000003,496.9400304453246
-1619.2290000000003
0.0,0.0,10.0,10.0;10.0,10.0,10.0,0.0::-2313.5230000000092,186.66209569969115
-2313.5230000000092
10.0,10.0,10.0,0.0;0.0,0.0,10.0,10.0::-2375.551000000011,404.39936189242445
-2375.551000000011
0.0,0.0,10.0,10.0;10.0,10.0,10.0,10.0::-2037.70100000001,376.4929602250228
-2037.70100000001
10.0,10.0,10.0,10.0;0.0,0.0,10.0,10.0::-2265.169000000011,498.0768269443998
-2265.169000000011
0.0,10.0,0.0,0.0;0.0,10.0,0.0,0.0::-1165.6060000000014,268.9302927600402
-1165.6060000000014
0.0,10.0,0.0,0.0;0.0,10.0,0.0,0.0::-1149.2780000000018,289.13999570450466
-1149.2780000000018
0.0,10.0,0.0,0.0;0.0,10.0,0.0,10.0::-766.3000000000018,302.96296209273004
-766.3000000000018
0.0,10.0,0.0,10.0;0.0,10.0,0.0,0.0::-847.3120000000008,279.5173773775097
-847.3120000000008
0.0,10.0,0.0,0.0;0.0,10.0,10.0,0.0::-2152.0960000000014,471.3648769095984
-2152.0960000000014
0.0,10.0,10.0,0.0;0.0,10.0,0.0,0.0::-1361.1800000000103,241.81501359510338
-1361.1800000000103
0.0,10.0,0.0,0.0;0.0,10.0,10.0,10.0::-2192.796000000002,379.25067987282665
-2192.796000000002
0.0,10.0,10.0,10.0;0.0,10.0,0.0,0.0::-1355.6840000000113,247.68802624269182
-1355.6840000000113
0.0,10.0,0.0,0.0;10.0,0.0,0.0,0.0::-1253.0260000000044,212.7316124227897
-1253.0260000000044
10.0,0.0,0.0,0.0;0.0,10.0,0.0,0.0::-1686.014000000002,281.9443423869346
-1686.014000000002
0.0,10.0,0.0,0.0;10.0,0.0,0.0,10.0::-855.9810000000045,279.43133886341377
-855.9810000000045
10.0,0.0,0.0,10.0;0.0,10.0,0.0,0.0::-1337.873000000001,257.93344213382056
-1337.873000000001
0.0,10.0,0.0,0.0;10.0,0.0,10.0,0.0::-2245.8410000000044,386.03548544013415
-2245.8410000000044
10.0,0.0,10.0,0.0;0.0,10.0,0.0,0.0::-1798.2250000000097,248.96131481617792
-1798.2250000000097
0.0,10.0,0.0,0.0;10.0,0.0,10.0,10.0::-2180.0090000000055,326.45843413672134
-2180.0090000000055
10.0,0.0,10.0,10.0;0.0,10.0,0.0,0.0::-1878.4610000000105,217.64522686932574
-1878.4610000000105
0.0,10.0,0.0,0.0;10.0,10.0,0.0,0.0::-1330.653000000005,217.067092142038
-1330.653000000005
10.0,10.0,0.0,0.0;0.0,10.0,0.0,0.0::-1459.3290000000018,303.14339355988125
-1459.3290000000018
0.0,10.0,0.0,0.0;10.0,10.0,0.0,10.0::-952.4370000000052,339.640685329364
-952.4370000000052
10.0,10.0,0.0,10.0;0.0,10.0,0.0,0.0::-1171.6850000000013,273.8910171491593
-1171.6850000000013
0.0,10.0,0.0,0.0;10.0,10.0,10.0,0.0::-2270.943000000005,437.5731464006905
-2270.943000000005
10.0,10.0,10.0,0.0;0.0,10.0,0.0,0.0::-1679.6790000000103,220.39652415362625
-1679.6790000000103
0.0,10.0,0.0,0.0;10.0,10.0,10.0,10.0::-2298.7610000000045,294.02445166856455
-2298.7610000000045
10.0,10.0,10.0,10.0;0.0,10.0,0.0,0.0::-1722.4770000000115,266.6018847851616
-1722.4770000000115
0.0,10.0,0.0,10.0;0.0,10.0,0.0,10.0::-509.86400000000094,414.797148620867
-509.86400000000094
0.0,10.0,0.0,10.0;0.0,10.0,0.0,10.0::-493.3200000000013,383.44003259962557
-493.3200000000013
0.0,10.0,0.0,10.0;0.0,10.0,10.0,0.0::-1754.698000000001,547.8798353617348
-1754.698000000001
0.0,10.0,10.0,0.0;0.0,10.0,0.0,10.0::-985.8060000000095,305.454429275465
-985.8060000000095
0.0,10.0,0.0,10.0;0.0,10.0,10.0,10.0::-1807.3860000000013,393.4479858939443
-1807.3860000000013
0.0,10.0,10.0,10.0;0.0,10.0,0.0,10.0::-1014.9140000000111,330.22338621605894
-1014.9140000000111
0.0,10.0,0.0,10.0;10.0,0.0,0.0,0.0::-1236.061000000006,177.157305181017
-1236.061000000006
10.0,0.0,0.0,0.0;0.0,10.0,0.0,10.0::-1242.7530000000017,232.9719233963634
-1242.7530000000017
0.0,10.0,0.0,10.0;10.0,0.0,0.0,10.0::-852.5720000000052,303.68079592888324
-852.5720000000052
10.0,0.0,0.0,10.0;0.0,10.0,0.0,10.0::-894.6800000000007,183.72796684228828
-894.6800000000007
0.0,10.0,0.0,10.0;10.0,0.0,10.0,0.0::-2288.6440000000057,308.55610261992877
-2288.6440000000057
10.0,0.0,10.0,0.0;0.0,10.0,0.0,10.0::-1379.5400000000095,123.15640300041244
-1379.5400000000095
0.0,10.0,0.0,10.0;10.0,0.0,10.0,10.0::-2212.2070000000044,310.223215525531
-2212.2070000000044
10.0,0.0,10.0,10.0;0.0,10.0,0.0,10.0::-1445.6550000000107,207.41526673560077
-1445.6550000000107
0.0,10.0,0.0,10.0;10.0,10.0,0.0,0.0::-1246.0900000000058,186.84069230229298
-1246.0900000000058
10.0,10.0,0.0,0.0;0.0,10.0,0.0,10.0::-1220.1140000000016,205.28850382815082
-1220.1140000000016
0.0,10.0,0.0,10.0;10.0,10.0,0.0,10.0::-913.0620000000054,341.98659674905406
-913.0620000000054
10.0,10.0,0.0,10.0;0.0,10.0,0.0,10.0::-945.2100000000016,242.3630716507806
-945.2100000000016
0.0,10.0,0.0,10.0;10.0,10.0,10.0,0.0::-2153.246000000006,478.3093428775985
-2153.246000000006
10.0,10.0,10.0,0.0;0.0,10.0,0.0,10.0::-1419.62200000001,182.94132041723094
-1419.62200000001
0.0,10.0,0.0,10.0;10.0,10.0,10.0,10.0::-2225.034000000005,302.6648913303293
-2225.034000000005
10.0,10.0,10.0,10.0;0.0,10.0,0.0,10.0::-1434.5180000000107,178.48044956241088
-1434.5180000000107
0.0,10.0,10.0,0.0;0.0,10.0,10.0,0.0::-2284.532000000011,442.6096013147478
-2284.532000000011
0.0,10.0,10.0,0.0;0.0,10.0,10.0,0.0::-2380.5440000000103,367.4416022499358
-2380.5440000000103
0.0,10.0,10.0,0.0;0.0,10.0,10.0,10.0::-2247.8710000000096,314.23471682645135
-2247.8710000000096
0.0,10.0,10.0,10.0;0.0,10.0,10.0,0.0::-2433.5070000000105,422.3271760744278
-2433.5070000000105
0.0,10.0,10.0,0.0;10.0,0.0,0.0,0.0::-1503.3560000000114,200.7954742119457
-1503.3560000000114
10.0,0.0,0.0,0.0;0.0,10.0,10.0,0.0::-2099.7760000000017,232.37049860944305
-2099.7760000000017
0.0,10.0,10.0,0.0;10.0,0.0,0.0,10.0::-1131.8200000000113,384.3139409389153
-1131.8200000000113
10.0,0.0,0.0,10.0;0.0,10.0,10.0,0.0::-1839.4600000000014,228.25267139729482
-1839.4600000000014
0.0,10.0,10.0,0.0;10.0,0.0,10.0,0.0::-2454.3040000000115,439.6807155016013
-2454.3040000000115
10.0,0.0,10.0,0.0;0.0,10.0,10.0,0.0::-2309.2600000000107,153.9671406502046
-2309.2600000000107
0.0,10.0,10.0,0.0;10.0,0.0,10.0,10.0::-2388.4290000000124,314.205618121319
-2388.4290000000124
10.0,0.0,10.0,10.0;0.0,10.0,10.0,0.0::-2368.973000000012,180.63721590801964
-2368.973000000012
0.0,10.0,10.0,0.0;10.0,10.0,0.0,0.0::-1348.8280000000104,239.1751045071375
-1348.8280000000104
10.0,10.0,0.0,0.0;0.0,10.0,10.0,0.0::-2249.2080000000014,299.3506147246087
-2249.2080000000014
0.0,10.0,10.0,0.0;10.0,10.0,0.0,10.0::-1013.9210000000098,412.2903972432539
-1013.9210000000098
10.0,10.0,0.0,10.0;0.0,10.0,10.0,0.0::-1987.5970000000018,353.81233032640654
-1987.5970000000018
0.0,10.0,10.0,0.0;10.0,10.0,10.0,0.0::-2316.6300000000106,437.09134594498676
-2316.6300000000106
10.0,10.0,10.0,0.0;0.0,10.0,10.0,0.0::-2389.7860000000105,301.5555136355493
-2389.7860000000105
0.0,10.0,10.0,0.0;10.0,10.0,10.0,10.0::-2304.0510000000104,319.36201010608653
-2304.0510000000104
10.0,10.0,10.0,10.0;0.0,10.0,10.0,0.0::-2480.8070000000107,298.36945160488614
-2480.8070000000107
0.0,10.0,10.0,10.0;0.0,10.0,10.0,10.0::-2376.919000000012,302.9104926195202
-2376.919000000012
0.0,10.0,10.0,10.0;0.0,10.0,10.0,10.0::-2362.543000000012,320.1621605546171
-2362.543000000012
0.0,10.0,10.0,10.0;10.0,0.0,0.0,0.0::-1476.3750000000102,210.48188871017058
-1476.3750000000102
10.0,0.0,0.0,0.0;0.0,10.0,10.0,10.0::-1874.6870000000024,429.46420913855087
-1874.6870000000024
0.0,10.0,10.0,10.0;10.0,0.0,0.0,10.0::-1021.3170000000099,286.78754507649154
-1021.3170000000099
10.0,0.0,0.0,10.0;0.0,10.0,10.0,10.0::-1518.5450000000012,446.0231436540046
-1518.5450000000012
0.0,10.0,10.0,10.0;10.0,0.0,10.0,0.0::-2387.48700000001,452.2118907448153
-2387.48700000001
10.0,0.0,10.0,0.0;0.0,10.0,10.0,10.0::-2117.4030000000103,395.453018310646
-2117.4030000000103
0.0,10.0,10.0,10.0;10.0,0.0,10.0,10.0::-2338.120000000011,350.23391326369415
-2338.120000000011
10.0,0.0,10.0,10.0;0.0,10.0,10.0,10.0::-2177.8720000000117,394.6061145192766
-2177.8720000000117
0.0,10.0,10.0,10.0;10.0,10.0,0.0,0.0::-1334.6560000000093,216.21114694668356
-1334.6560000000093
10.0,10.0,0.0,0.0;0.0,10.0,10.0,10.0::-1965.7320000000013,531.806601854472
-1965.7320000000013
0.0,10.0,10.0,10.0;10.0,10.0,0.0,10.0::-939.098000000009,327.2440844324006
-939.098000000009
10.0,10.0,0.0,10.0;0.0,10.0,10.0,10.0::-1668.9620000000023,545.580733307181
-1668.9620000000023
0.0,10.0,10.0,10.0;10.0,10.0,10.0,0.0::-2229.098000000011,504.2020846803398
-2229.098000000011
10.0,10.0,10.0,0.0;0.0,10.0,10.0,10.0::-2240.562000000009,501.67537706768115
-2240.562000000009
0.0,10.0,10.0,10.0;10.0,10.0,10.0,10.0::-2209.5530000000094,328.5858379343213
-2209.5530000000094
10.0,10.0,10.0,10.0;0.0,10.0,10.0,10.0::-2133.4090000000097,571.6449767285641
-2133.4090000000097
10.0,0.0,0.0,0.0;10.0,0.0,0.0,0.0::-1752.3320000000042,208.15705939506367
-1752.3320000000042
10.0,0.0,0.0,0.0;10.0,0.0,0.0,0.0::-1717.212000000005,178.7634488814759
-1717.212000000005
10.0,0.0,0.0,0.0;10.0,0.0,0.0,10.0::-1321.4620000000045,128.72304360913787
-1321.4620000000045
10.0,0.0,0.0,10.0;10.0,0.0,0.0,0.0::-1714.1420000000062,201.43510130064226
-1714.1420000000062
10.0,0.0,0.0,0.0;10.0,0.0,10.0,0.0::-2218.680000000005,103.9207919523329
-2218.680000000005
10.0,0.0,10.0,0.0;10.0,0.0,0.0,0.0::-1971.0120000000118,174.2496222549711
-1971.0120000000118
10.0,0.0,0.0,0.0;10.0,0.0,10.0,10.0::-2013.6250000000045,363.323670127615
-2013.6250000000045
10.0,0.0,10.0,10.0;10.0,0.0,0.0,0.0::-1952.0250000000117,209.81324380267498
-1952.0250000000117
10.0,0.0,0.0,0.0;10.0,10.0,0.0,0.0::-1781.6140000000057,204.1186978304538
-1781.6140000000057
10.0,10.0,0.0,0.0;10.0,0.0,0.0,0.0::-1571.7100000000046,230.18983926316147
-1571.7100000000046
10.0,0.0,0.0,0.0;10.0,10.0,0.0,10.0::-1361.422000000005,93.37218384508336
-1361.422000000005
10.0,10.0,0.0,10.0;10.0,0.0,0.0,0.0::-1586.9260000000054,181.0711101307992
-1586.9260000000054
10.0,0.0,0.0,0.0;10.0,10.0,10.0,0.0::-2291.752000000006,119.78536845541706
-2291.752000000006
10.0,10.0,10.0,0.0;10.0,0.0,0.0,0.0::-1783.124000000012,239.2760661328253
-1783.124000000012
10.0,0.0,0.0,0.0;10.0,10.0,10.0,10.0::-2061.7140000000054,372.1955281891495
-2061.7140000000054
10.0,10.0,10.0,10.0;10.0,0.0,0.0,0.0::-1801.1580000000097,203.98809385844177
-1801.1580000000097
10.0,0.0,0.0,10.0;10.0,0.0,0.0,10.0::-1305.3990000000058,43.849655631487856
-1305.3990000000058
10.0,0.0,0.0,10.0;10.0,0.0,0.0,10.0::-1318.4950000000056,130.1661663989533
-1318.4950000000056
10.0,0.0,0.0,10.0;10.0,0.0,10.0,0.0::-2208.674000000006,65.59019990821801
-2208.674000000006
10.0,0.0,10.0,0.0;10.0,0.0,0.0,10.0::-1543.7500000000118,78.40053379920397
-1543.7500000000118
10.0,0.0,0.0,10.0;10.0,0.0,10.0,10.0::-1949.1860000000058,399.03972985656463
-1949.1860000000058
10.0,0.0,10.0,10.0;10.0,0.0,0.0,10.0::-1493.73400000001,156.13053591146354
-1493.73400000001
10.0,0.0,0.0,10.0;10.0,10.0,0.0,0.0::-1697.227000000005,156.4890167743411
-1697.227000000005
10.0,10.0,0.0,0.0;10.0,0.0,0.0,10.0::-1328.4190000000049,133.47320007776855
-1328.4190000000049
10.0,0.0,0.0,10.0;10.0,10.0,0.0,10.0::-1303.4560000000054,55.97713161640287
-1303.4560000000054
10.0,10.0,0.0,10.0;10.0,0.0,0.0,10.0::-1314.3280000000059,126.15807392315406
-1314.3280000000059
10.0,0.0,0.0,10.0;10.0,10.0,10.0,0.0::-2213.228000000006,86.46906623758593
-2213.228000000006
10.0,10.0,10.0,0.0;10.0,0.0,0.0,10.0::-1541.2240000000113,134.58435430613818
-1541.2240000000113
10.0,0.0,0.0,10.0;10.0,10.0,10.0,10.0::-1978.1920000000068,381.1683220520825
-1978.1920000000068
10.0,10.0,10.0,10.0;10.0,0.0,0.0,10.0::-1526.8680000000104,235.23138475977407
-1526.8680000000104
10.0,0.0,10.0,0.0;10.0,0.0,10.0,0.0::-2433.9680000000117,111.07911133962213
-2433.9680000000117
10.0,0.0,10.0,0.0;10.0,0.0,10.0,0.0::-2447.3240000000123,108.78098098473
-2447.3240000000123
10.0,0.0,10.0,0.0;10.0,0.0,10.0,10.0::-2227.5420000000113,369.993910539079
-2227.5420000000113
10.0,0.0,10.0,10.0;10.0,0.0,10.0,0.0::-2413.9780000000105,145.30822384160066
-2413.9780000000105
10.0,0.0,10.0,0.0;10.0,10.0,0.0,0.0::-1822.5240000000094,233.31741131771585
-1822.5240000000094
10.0,10.0,0.0,0.0;10.0,0.0,10.0,0.0::-2301.180000000005,284.80913433385535
-2301.180000000005
10.0,0.0,10.0,0.0;10.0,10.0,0.0,10.0::-1389.5630000000103,157.35188696358256
-1389.5630000000103
10.0,10.0,0.0,10.0;10.0,0.0,10.0,0.0::-2342.7630000000054,231.21143641913582
-2342.7630000000054
10.0,0.0,10.0,0.0;10.0,10.0,10.0,0.0::-2279.965000000011,123.90910973370801
-2279.965000000011
10.0,10.0,10.0,0.0;10.0,0.0,10.0,0.0::-2571.8170000000123,231.04544836676632
-2571.8170000000123
10.0,0.0,10.0,0.0;10.0,10.0,10.0,10.0::-2081.3020000000106,388.09783791719343
-2081.3020000000106
10.0,10.0,10.0,10.0;10.0,0.0,10.0,0.0::-2519.0340000000106,270.8638688418978
-2519.0340000000106
10.0,0.0,10.0,10.0;10.0,0.0,10.0,10.0::-2134.2290000000094,413.02114069258084
-2134.2290000000094
10.0,0.0,10.0,10.0;10.0,0.0,10.0,10.0::-2150.0770000000102,418.4369902040219
-2150.0770000000102
10.0,0.0,10.0,10.0;10.0,10.0,0.0,0.0::-1826.9320000000102,232.54487131734467
-1826.9320000000102
10.0,10.0,0.0,0.0;10.0,0.0,10.0,10.0::-2105.412000000006,471.65790490142314
-2105.412000000006
10.0,0.0,10.0,10.0;10.0,10.0,0.0,10.0::-1390.22900000001,185.6207533090004
-1390.22900000001
10.0,10.0,0.0,10.0;10.0,0.0,10.0,10.0::-2037.2730000000056,484.5994560159968
-2037.2730000000056
10.0,0.0,10.0,10.0;10.0,10.0,10.0,0.0::-2290.079000000009,143.66758388377153
-2290.079000000009
10.0,10.0,10.0,0.0;10.0,0.0,10.0,10.0::-2326.9750000000113,479.83847269159276
-2326.9750000000113
10.0,0.0,10.0,10.0;10.0,10.0,10.0,10.0::-1967.58400000001,386.6864548235428
-1967.58400000001
10.0,10.0,10.0,10.0;10.0,0.0,10.0,10.0::-2199.17600000001,528.1471177844298
-2199.17600000001
10.0,10.0,0.0,0.0;10.0,10.0,0.0,0.0::-1641.3670000000047,228.60556994745343
-1641.3670000000047
10.0,10.0,0.0,0.0;10.0,10.0,0.0,0.0::-1621.9710000000048,240.8397509943075
-1621.9710000000048
10.0,10.0,0.0,0.0;10.0,10.0,0.0,10.0::-1392.7550000000056,113.42014404416894
-1392.7550000000056
10.0,10.0,0.0,10.0;10.0,10.0,0.0,0.0::-1543.5550000000064,224.81612280928607
-1543.5550000000064
10.0,10.0,0.0,0.0;10.0,10.0,10.0,0.0::-2402.8750000000055,268.79536021851277
-2402.8750000000055
10.0,10.0,10.0,0.0;10.0,10.0,0.0,0.0::-1621.951000000011,234.96889687573557
-1621.951000000011
10.0,10.0,0.0,0.0;10.0,10.0,10.0,10.0::-2182.9510000000046,504.7615978845854
-2182.9510000000046
10.0,10.0,10.0,10.0;10.0,10.0,0.0,0.0::-1578.1830000000095,252.2486725653881
-1578.1830000000095
10.0,10.0,0.0,10.0;10.0,10.0,0.0,10.0::-1299.619000000006,19.986488911262175
-1299.619000000006
10.0,10.0,0.0,10.0;10.0,10.0,0.0,10.0::-1311.5350000000055,109.28842516479041
-1311.5350000000055
10.0,10.0,0.0,10.0;10.0,10.0,10.0,0.0::-2350.4890000000064,202.44806044761214
-2350.4890000000064
10.0,10.0,10.0,0.0;10.0,10.0,0.0,10.0::-1383.6570000000108,152.44969875667223
-1383.6570000000108
10.0,10.0,0.0,10.0;10.0,10.0,10.0,10.0::-2208.3500000000054,407.69001079251376
-2208.3500000000054
10.0,10.0,10.0,10.0;10.0,10.0,0.0,10.0::-1379.9620000000095,159.9349228780269
-1379.9620000000095
10.0,10.0,10.0,0.0;10.0,10.0,10.0,0.0::-2433.020000000012,262.46432214683983
-2433.020000000012
10.0,10.0,10.0,0.0;10.0,10.0,10.0,0.0::-2372.664000000011,298.81499143115315
-2372.664000000011
10.0,10.0,10.0,0.0;10.0,10.0,10.0,10.0::-2158.427000000011,471.2226528627418
-2158.427000000011
10.0,10.0,10.0,10.0;10.0,10.0,10.0,0.0::-2424.41100000001,263.9244596072912
-2424.41100000001
10.0,10.0,10.0,10.0;10.0,10.0,10.0,10.0::-2135.7460000000096,529.0188736557523
-2135.7460000000096
10.0,10.0,10.0,10.0;10.0,10.0,10.0,10.0::-2159.246000000009,473.19706073051674
-2159.246000000009
