0.0,0.0;0.0,0.0::-2000.0,0.0
-2000.0
0.0,0.0;0.0,0.0::-2000.0,0.0
-2000.0
0.0,0.0;0.0,1.0::-2000.0,0.0
-2000.0
0.0,1.0;0.0,0.0::-2000.0,0.0
-2000.0
0.0,0.0;0.0,2.0::-500.0,0.0
-500.0
0.0,2.0;0.0,0.0::-1500.0,0.0
-1500.0
0.0,0.0;0.0,3.0::-500.0,0.0
-500.0
0.0,3.0;0.0,0.0::-1500.0,0.0
-1500.0
0.0,0.0;0.0,4.0::-507.5,0.0
-507.5
0.0,4.0;0.0,0.0::-1502.5,0.0
-1502.5
0.0,0.0;1.0,0.0::-2000.0,0.0
-2000.0
1.0,0.0;0.0,0.0::-2000.0,0.0
-2000.0
0.0,0.0;1.0,1.0::-2000.0,0.0
-2000.0
1.0,1.0;0.0,0.0::-2000.0,0.0
-2000.0
0.0,0.0;1.0,2.0::-500.0,0.0
-500.0
1.0,2.0;0.0,0.0::-1500.0,0.0
-1500.0
0.0,0.0;1.0,3.0::-500.0,0.0
-500.0
1.0,3.0;0.0,0.0::-1500.0,0.0
-1500.0
0.0,0.0;1.0,4.0::-507.5,0.0
-507.5
1.0,4.0;0.0,0.0::-1502.5,0.0
-1502.5
0.0,0.0;2.0,0.0::-1000.0,0.0
-1000.0
2.0,0.0;0.0,0.0::-3000.0,0.0
-3000.0
0.0,0.0;2.0,1.0::-1000.0,0.0
-1000.0
2.0,1.0;0.0,0.0::-3000.0,0.0
-3000.0
0.0,0.0;2.0,2.0::500.0,0.0
500.0
2.0,2.0;0.0,0.0::-2500.0,0.0
-2500.0
0.0,0.0;2.0,3.0::500.0,0.0
500.0
2.0,3.0;0.0,0.0::-2500.0,0.0
-2500.0
0.0,0.0;2.0,4.0::492.5,0.0
492.5
2.0,4.0;0.0,0.0::-2502.5,0.0
-2502.5
0.0,0.0;3.0,0.0::-1000.0,0.0
-1000.0
3.0,0.0;0.0,0.0::-3000.0,0.0
-3000.0
0.0,0.0;3.0,1.0::-1000.0,0.0
-1000.0
3.0,1.0;0.0,0.0::-3000.0,0.0
-3000.0
0.0,0.0;3.0,2.0::500.0,0.0
500.0
3.0,2.0;0.0,0.0::-2500.0,0.0
-2500.0
0.0,0.0;3.0,3.0::500.0,0.0
500.0
3.0,3.0;0.0,0.0::-2500.0,0.0
-2500.0
0.0,0.0;3.0,4.0::492.5,0.0
492.5
3.0,4.0;0.0,0.0::-2502.5,0.0
-2502.5
0.0,0.0;4.0,0.0::-515.0,0.0
-515.0
4.0,0.0;0.0,0.0::-1505.0,0.0
-1505.0
0.0,0.0;4.0,1.0::-515.0,0.0
-515.0
4.0,1.0;0.0,0.0::-1505.0,0.0
-1505.0
0.0,0.0;4.0,2.0::985.0,0.0
985.0
4.0,2.0;0.0,0.0::-1005.0,0.0
-1005.0
0.0,0.0;4.0,3.0::985.0,0.0
985.0
4.0,3.0;0.0,0.0::-1005.0,0.0
-1005.0
0.0,0.0;4.0,4.0::977.5,0.0
977.5
4.0,4.0;0.0,0.0::-1007.5,0.0
-1007.5
