2.0,1.0;2.0,1.0::-1000.0,0.0
-1000.0
2.0,1.0;2.0,1.0::-1000.0,0.0
-1000.0
2.0,1.0;2.0,2.0::-1000.0,0.0
-1000.0
2.0,2.0;2.0,1.0::-1000.0,0.0
-1000.0
2.0,1.0;2.0,3.0::250.0,0.0
250.0
2.0,3.0;2.0,1.0::-1250.0,0.0
-1250.0
2.0,1.0;2.0,4.0::-2250.0,0.0
-2250.0
2.0,4.0;2.0,1.0::-750.0,0.0
-750.0
2.0,1.0;3.0,0.0::-1500.0,0.0
-1500.0
3.0,0.0;2.0,1.0::-500.0,0.0
-500.0
2.0,1.0;3.0,1.0::-250.0,0.0
-250.0
3.0,1.0;2.0,1.0::-750.0,0.0
-750.0
2.0,1.0;3.0,2.0::-250.0,0.0
-250.0
3.0,2.0;2.0,1.0::-750.0,0.0
-750.0
2.0,1.0;3.0,3.0::1000.0,0.0
1000.0
3.0,3.0;2.0,1.0::-1000.0,0.0
-1000.0
2.0,1.0;3.0,4.0::-1500.0,0.0
-1500.0
3.0,4.0;2.0,1.0::-500.0,0.0
-500.0
2.0,1.0;4.0,0.0::-1515.0,0.0
-1515.0
4.0,0.0;2.0,1.0::-505.0,0.0
-505.0
2.0,1.0;4.0,1.0::-265.0,0.0
-265.0
4.0,1.0;2.0,1.0::-755.0,0.0
-755.0
2.0,1.0;4.0,2.0::-265.0,0.0
-265.0
4.0,2.0;2.0,1.0::-755.0,0.0
-755.0
2.0,1.0;4.0,3.0::985.0,0.0
985.0
4.0,3.0;2.0,1.0::-1005.0,0.0
-1005.0
2.0,1.0;4.0,4.0::-1515.0,0.0
-1515.0
4.0,4.0;2.0,1.0::-505.0,0.0
-505.0
