2.0,4.0;2.0,4.0::-2000.0,0.0
-2000.0
2.0,4.0;2.0,4.0::-2000.0,0.0
-2000.0
2.0,4.0;3.0,0.0::-1507.5,0.0
-1507.5
3.0,0.0;2.0,4.0::-502.5,0.0
-502.5
2.0,4.0;3.0,1.0::-257.5,0.0
-257.5
3.0,1.0;2.0,4.0::-752.5,0.0
-752.5
2.0,4.0;3.0,2.0::-257.5,0.0
-257.5
3.0,2.0;2.0,4.0::-752.5,0.0
-752.5
2.0,4.0;3.0,3.0::992.5,0.0
992.5
3.0,3.0;2.0,4.0::-1002.5,0.0
-1002.5
2.0,4.0;3.0,4.0::-1507.5,0.0
-1507.5
3.0,4.0;2.0,4.0::-502.5,0.0
-502.5
2.0,4.0;4.0,0.0::-2502.5,0.0
-2502.5
4.0,0.0;2.0,4.0::492.5,0.0
492.5
2.0,4.0;4.0,1.0::-1252.5,0.0
-1252.5
4.0,1.0;2.0,4.0::242.5,0.0
242.5
2.0,4.0;4.0,2.0::-1252.5,0.0
-1252.5
4.0,2.0;2.0,4.0::242.5,0.0
242.5
2.0,4.0;4.0,3.0::-2.5,0.0
-2.5
4.0,3.0;2.0,4.0::-7.5,0.0
-7.5
2.0,4.0;4.0,4.0::-2502.5,0.0
-2502.5
4.0,4.0;2.0,4.0::492.5,0.0
492.5
