1.0,4.0;1.0,4.0::-10.0,0.0
-10.0
1.0,4.0;1.0,4.0::-10.0,0.0
-10.0
1.0,4.0;2.0,0.0::-1000.0,0.0
-1000.0
2.0,0.0;1.0,4.0::-3000.0,0.0
-3000.0
1.0,4.0;2.0,1.0::-750.0,0.0
-750.0
2.0,1.0;1.0,4.0::-2250.0,0.0
-2250.0
1.0,4.0;2.0,2.0::-750.0,0.0
-750.0
2.0,2.0;1.0,4.0::-2250.0,0.0
-2250.0
1.0,4.0;2.0,3.0::-500.0,0.0
-500.0
2.0,3.0;1.0,4.0::-1500.0,0.0
-1500.0
1.0,4.0;2.0,4.0::-502.5,0.0
-502.5
2.0,4.0;1.0,4.0::-1507.5,0.0
-1507.5
1.0,4.0;3.0,0.0::-507.5,0.0
-507.5
3.0,0.0;1.0,4.0::-1502.5,0.0
-1502.5
1.0,4.0;3.0,1.0::-257.5,0.0
-257.5
3.0,1.0;1.0,4.0::-752.5,0.0
-752.5
1.0,4.0;3.0,2.0::-257.5,0.0
-257.5
3.0,2.0;1.0,4.0::-752.5,0.0
-752.5
1.0,4.0;3.0,3.0::-7.5,0.0
-7.5
3.0,3.0;1.0,4.0::-2.5,0.0
-2.5
1.0,4.0;3.0,4.0::-10.0,0.0
-10.0
3.0,4.0;1.0,4.0::-10.0,0.0
-10.0
1.0,4.0;4.0,0.0::-1502.5,0.0
-1502.5
4.0,0.0;1.0,4.0::-507.5,0.0
-507.5
1.0,4.0;4.0,1.0::-1252.5,0.0
-1252.5
4.0,1.0;1.0,4.0::242.5,0.0
242.5
1.0,4.0;4.0,2.0::-1252.5,0.0
-1252.5
4.0,2.0;1.0,4.0::242.5,0.0
242.5
1.0,4.0;4.0,3.0::-1002.5,0.0
-1002.5
4.0,3.0;1.0,4.0::992.5,0.0
992.5
1.0,4.0;4.0,4.0::-1005.0,0.0
-1005.0
4.0,4.0;1.0,4.0::985.0,0.0
985.0
