0.0,0.0;0.0,0.0::-1081.015,54.44402882777873
-1081.015
0.0,0.0;0.0,0.0::-1089.035,53.23299047583181
-1089.035
0.0,0.0;0.0,10.0::-1424.135,182.4357127182066
-1424.135
0.0,10.0;0.0,0.0::-188.755,147.48260058393325
-188.755
0.0,0.0;10.0,0.0::-1079.585,66.17696181451669
-1079.585
10.0,0.0;0.0,0.0::-1107.565,139.04255922198786
-1107.565
0.0,0.0;10.0,10.0::-1444.845,272.6450228318867
-1444.845
10.0,10.0;0.0,0.0::-239.025,221.25539965162432
-239.025
0.0,10.0;0.0,10.0::-610.555,379.9111862988507
-610.555
0.0,10.0;0.0,10.0::-604.895,356.13645766054333
-604.895
0.0,10.0;10.0,0.0::-1319.8,143.65505560195226
-1319.8
10.0,0.0;0.0,10.0::-2392.4,187.2037259244591
-2392.4
0.0,10.0;10.0,10.0::-1707.265,331.71944060455667
-1707.265
10.0,10.0;0.0,10.0::-1498.265,327.24363595798167
-1498.265
10.0,0.0;10.0,0.0::-1107.625,150.6677034901641
-1107.625
10.0,0.0;10.0,0.0::-1104.665,139.4294634394037
-1104.665
10.0,0.0;10.0,10.0::-2396.62,163.97737831786432
-2396.62
10.0,10.0;10.0,0.0::-1361.48,192.56727292040048
-1361.48
10.0,10.0;10.0,10.0::-2605.205,263.35571092155953
-2605.205
10.0,10.0;10.0,10.0::-2625.385,228.5504414237698
-2625.385
