0.0,0.0;0.0,0.0::-5000.0,0.0
-5000.0
0.0,0.0;0.0,0.0::-5000.0,0.0
-5000.0
0.0,0.0;0.0,1.0::-5000.0,0.0
-5000.0
0.0,1.0;0.0,0.0::-5000.0,0.0
-5000.0
0.0,0.0;0.0,2.0::-2500.0,0.0
-2500.0
0.0,2.0;0.0,0.0::-2500.0,0.0
-2500.0
0.0,0.0;0.0,3.0::-2500.0,0.0
-2500.0
0.0,3.0;0.0,0.0::-2500.0,0.0
-2500.0
0.0,0.0;0.0,4.0::-2512.5,0.0
-2512.5
0.0,4.0;0.0,0.0::-2512.5,0.0
-2512.5
0.0,0.0;1.0,0.0::-5000.0,0.0
-5000.0
1.0,0.0;0.0,0.0::-5000.0,0.0
-5000.0
0.0,0.0;1.0,1.0::-5000.0,0.0
-5000.0
1.0,1.0;0.0,0.0::-5000.0,0.0
-5000.0
0.0,0.0;1.0,2.0::-2500.0,0.0
-2500.0
1.0,2.0;0.0,0.0::-2500.0,0.0
-2500.0
0.0,0.0;1.0,3.0::-2500.0,0.0
-2500.0
1.0,3.0;0.0,0.0::-2500.0,0.0
-2500.0
0.0,0.0;1.0,4.0::-2512.5,0.0
-2512.5
1.0,4.0;0.0,0.0::-2512.5,0.0
-2512.5
0.0,0.0;2.0,0.0::-4000.0,0.0
-4000.0
2.0,0.0;0.0,0.0::-6000.0,0.0
-6000.0
0.0,0.0;2.0,1.0::-4000.0,0.0
-4000.0
2.0,1.0;0.0,0.0::-6000.0,0.0
-6000.0
0.0,0.0;2.0,2.0::-1500.0,0.0
-1500.0
2.0,2.0;0.0,0.0::-3500.0,0.0
-3500.0
0.0,0.0;2.0,3.0::-1500.0,0.0
-1500.0
2.0,3.0;0.0,0.0::-3500.0,0.0
-3500.0
0.0,0.0;2.0,4.0::-1512.5,0.0
-1512.5
2.0,4.0;0.0,0.0::-3512.5,0.0
-3512.5
0.0,0.0;3.0,0.0::-4000.0,0.0
-4000.0
3.0,0.0;0.0,0.0::-6000.0,0.0
-6000.0
0.0,0.0;3.0,1.0::-4000.0,0.0
-4000.0
3.0,1.0;0.0,0.0::-6000.0,0.0
-6000.0
0.0,0.0;3.0,2.0::-1500.0,0.0
-1500.0
3.0,2.0;0.0,0.0::-3500.0,0.0
-3500.0
0.0,0.0;3.0,3.0::-1500.0,0.0
-1500.0
3.0,3.0;0.0,0.0::-3500.0,0.0
-3500.0
0.0,0.0;3.0,4.0::-1512.5,0.0
-1512.5
3.0,4.0;0.0,0.0::-3512.5,0.0
-3512.5
0.0,0.0;4.0,0.0::-1535.0,0.0
-1535.0
4.0,0.0;0.0,0.0::-3515.0,0.0
-3515.0
0.0,0.0;4.0,1.0::-1535.0,0.0
-1535.0
4.0,1.0;0.0,0.0::-3515.0,0.0
-3515.0
0.0,0.0;4.0,2.0::965.0,0.0
965.0
4.0,2.0;0.0,0.0::-1015.0,0.0
-1015.0
0.0,0.0;4.0,3.0::965.0,0.0
965.0
4.0,3.0;0.0,0.0::-1015.0,0.0
-1015.0
0.0,0.0;4.0,4.0::952.5,0.0
952.5
4.0,4.0;0.0,0.0::-1027.5,0.0
-1027.5
