2.0,0.0;2.0,0.0::-5000.0,0.0
-5000.0
2.0,0.0;2.0,0.0::-5000.0,0.0
-5000.0
2.0,0.0;2.0,1.0::-3250.0,0.0
-3250.0
2.0,1.0;2.0,0.0::-4250.0,0.0
-4250.0
2.0,0.0;2.0,2.0::-3250.0,0.0
-3250.0
2.0,2.0;2.0,0.0::-4250.0,0.0
-4250.0
2.0,0.0;2.0,3.0::-1500.0,0.0
-1500.0
2.0,3.0;2.0,0.0::-3500.0,0.0
-3500.0
2.0,0.0;2.0,4.0::-1500.0,0.0
-1500.0
2.0,4.0;2.0,0.0::-3500.0,0.0
-3500.0
2.0,0.0;3.0,0.0::-5000.0,0.0
-5000.0
3.0,0.0;2.0,0.0::-5000.0,0.0
-5000.0
2.0,0.0;3.0,1.0::-3250.0,0.0
-3250.0
3.0,1.0;2.0,0.0::-4250.0,0.0
-4250.0
2.0,0.0;3.0,2.0::-3250.0,0.0
-3250.0
3.0,2.0;2.0,0.0::-4250.0,0.0
-4250.0
2.0,0.0;3.0,3.0::-1500.0,0.0
-1500.0
3.0,3.0;2.0,0.0::-3500.0,0.0
-3500.0
2.0,0.0;3.0,4.0::-1500.0,0.0
-1500.0
3.0,4.0;2.0,0.0::-3500.0,0.0
-3500.0
2.0,0.0;4.0,0.0::-2535.0,0.0
-2535.0
4.0,0.0;2.0,0.0::-2515.0,0.0
-2515.0
2.0,0.0;4.0,1.0::-785.0,0.0
-785.0
4.0,1.0;2.0,0.0::-1765.0,0.0
-1765.0
2.0,0.0;4.0,2.0::-785.0,0.0
-785.0
4.0,2.0;2.0,0.0::-1765.0,0.0
-1765.0
2.0,0.0;4.0,3.0::965.0,0.0
965.0
4.0,3.0;2.0,0.0::-1015.0,0.0
-1015.0
2.0,0.0;4.0,4.0::965.0,0.0
965.0
4.0,4.0;2.0,0.0::-1015.0,0.0
-1015.0
