2.0,4.0;2.0,4.0::0.0,0.0
0.0
2.0,4.0;2.0,4.0::0.0,0.0
0.0
2.0,4.0;3.0,0.0::-2517.5,0.0
-2517.5
3.0,0.0;2.0,4.0::-2507.5,0.0
-2507.5
2.0,4.0;3.0,1.0::-767.5,0.0
-767.5
3.0,1.0;2.0,4.0::-1757.5,0.0
-1757.5
2.0,4.0;3.0,2.0::-767.5,0.0
-767.5
3.0,2.0;2.0,4.0::-1757.5,0.0
-1757.5
2.0,4.0;3.0,3.0::982.5,0.0
982.5
3.0,3.0;2.0,4.0::-1007.5,0.0
-1007.5
2.0,4.0;3.0,4.0::982.5,0.0
982.5
3.0,4.0;2.0,4.0::-1007.5,0.0
-1007.5
2.0,4.0;4.0,0.0::-3512.5,0.0
-3512.5
4.0,0.0;2.0,4.0::-1512.5,0.0
-1512.5
2.0,4.0;4.0,1.0::-1762.5,0.0
-1762.5
4.0,1.0;2.0,4.0::-762.5,0.0
-762.5
2.0,4.0;4.0,2.0::-1762.5,0.0
-1762.5
4.0,2.0;2.0,4.0::-762.5,0.0
-762.5
2.0,4.0;4.0,3.0::-12.5,0.0
-12.5
4.0,3.0;2.0,4.0::-12.5,0.0
-12.5
2.0,4.0;4.0,4.0::-12.5,0.0
-12.5
4.0,4.0;2.0,4.0::-12.5,0.0
-12.5
