3.0,1.0;3.0,1.0::0.0,0.0
0.0
3.0,1.0;3.0,1.0::0.0,0.0
0.0
3.0,1.0;3.0,2.0::-2500.0,0.0
-2500.0
3.0,2.0;3.0,1.0::-2500.0,0.0
-2500.0
3.0,1.0;3.0,3.0::0.0,0.0
0.0
3.0,3.0;3.0,1.0::0.0,0.0
0.0
3.0,1.0;3.0,4.0::-7.5,0.0
-7.5
3.0,4.0;3.0,1.0::-17.5,0.0
-17.5
3.0,1.0;4.0,0.0::-2535.0,0.0
-2535.0
4.0,0.0;3.0,1.0::-2515.0,0.0
-2515.0
3.0,1.0;4.0,1.0::-35.0,0.0
-35.0
4.0,1.0;3.0,1.0::-15.0,0.0
-15.0
3.0,1.0;4.0,2.0::-2535.0,0.0
-2535.0
4.0,2.0;3.0,1.0::-2515.0,0.0
-2515.0
3.0,1.0;4.0,3.0::-35.0,0.0
-35.0
4.0,3.0;3.0,1.0::-15.0,0.0
-15.0
3.0,1.0;4.0,4.0::-42.5,0.0
-42.5
4.0,4.0;3.0,1.0::-32.5,0.0
-32.5
