0.0,4.0;0.0,4.0::-25.0,0.0
-25.0
0.0,4.0;0.0,4.0::-25.0,0.0
-25.0
0.0,4.0;1.0,0.0::-1517.5,0.0
-1517.5
1.0,0.0;0.0,4.0::-3507.5,0.0
-3507.5
0.0,4.0;1.0,1.0::-1517.5,0.0
-1517.5
1.0,1.0;0.0,4.0::-3507.5,0.0
-3507.5
0.0,4.0;1.0,2.0::982.5,0.0
982.5
1.0,2.0;0.0,4.0::-1007.5,0.0
-1007.5
0.0,4.0;1.0,3.0::982.5,0.0
982.5
1.0,3.0;0.0,4.0::-1007.5,0.0
-1007.5
0.0,4.0;1.0,4.0::970.0,0.0
970.0
1.0,4.0;0.0,4.0::-1020.0,0.0
-1020.0
0.0,4.0;2.0,0.0::-2500.0,0.0
-2500.0
2.0,0.0;0.0,4.0::-2500.0,0.0
-2500.0
0.0,4.0;2.0,1.0::-2500.0,0.0
-2500.0
2.0,1.0;0.0,4.0::-2500.0,0.0
-2500.0
0.0,4.0;2.0,2.0::0.0,0.0
0.0
2.0,2.0;0.0,4.0::0.0,0.0
0.0
0.0,4.0;2.0,3.0::0.0,0.0
0.0
2.0,3.0;0.0,4.0::0.0,0.0
0.0
0.0,4.0;2.0,4.0::-12.5,0.0
-12.5
2.0,4.0;0.0,4.0::-12.5,0.0
-12.5
0.0,4.0;3.0,0.0::-1517.5,0.0
-1517.5
3.0,0.0;0.0,4.0::-3507.5,0.0
-3507.5
0.0,4.0;3.0,1.0::-1517.5,0.0
-1517.5
3.0,1.0;0.0,4.0::-3507.5,0.0
-3507.5
0.0,4.0;3.0,2.0::982.5,0.0
982.5
3.0,2.0;0.0,4.0::-1007.5,0.0
-1007.5
0.0,4.0;3.0,3.0::982.5,0.0
982.5
3.0,3.0;0.0,4.0::-1007.5,0.0
-1007.5
0.0,4.0;3.0,4.0::970.0,0.0
970.0
3.0,4.0;0.0,4.0::-1020.0,0.0
-1020.0
0.0,4.0;4.0,0.0::-2512.5,0.0
-2512.5
4.0,0.0;0.0,4.0::-2512.5,0.0
-2512.5
0.0,4.0;4.0,1.0::-2512.5,0.0
-2512.5
4.0,1.0;0.0,4.0::-2512.5,0.0
-2512.5
0.0,4.0;4.0,2.0::-12.5,0.0
-12.5
4.0,2.0;0.0,4.0::-12.5,0.0
-12.5
0.0,4.0;4.0,3.0::-12.5,0.0
-12.5
4.0,3.0;0.0,4.0::-12.5,0.0
-12.5
0.0,4.0;4.0,4.0::-25.0,0.0
-25.0
4.0,4.0;0.0,4.0::-25.0,0.0
-25.0
