1.0,1.0;1.0,1.0::-2500.0,0.0
-2500.0
1.0,1.0;1.0,1.0::-2500.0,0.0
-2500.0
1.0,1.0;1.0,2.0::-2500.0,0.0
-2500.0
1.0,2.0;1.0,1.0::-2500.0,0.0
-2500.0
1.0,1.0;1.0,3.0::-1750.0,0.0
-1750.0
1.0,3.0;1.0,1.0::-750.0,0.0
-750.0
1.0,1.0;1.0,4.0::-1757.5,0.0
-1757.5
1.0,4.0;1.0,1.0::-767.5,0.0
-767.5
1.0,1.0;2.0,0.0::-3250.0,0.0
-3250.0
2.0,0.0;1.0,1.0::-4250.0,0.0
-4250.0
1.0,1.0;2.0,1.0::-2500.0,0.0
-2500.0
2.0,1.0;1.0,1.0::-2500.0,0.0
-2500.0
1.0,1.0;2.0,2.0::-2500.0,0.0
-2500.0
2.0,2.0;1.0,1.0::-2500.0,0.0
-2500.0
1.0,1.0;2.0,3.0::-1750.0,0.0
-1750.0
2.0,3.0;1.0,1.0::-750.0,0.0
-750.0
1.0,1.0;2.0,4.0::-1757.5,0.0
-1757.5
2.0,4.0;1.0,1.0::-767.5,0.0
-767.5
1.0,1.0;3.0,0.0::-1500.0,0.0
-1500.0
3.0,0.0;1.0,1.0::-3500.0,0.0
-3500.0
1.0,1.0;3.0,1.0::-750.0,0.0
-750.0
3.0,1.0;1.0,1.0::-1750.0,0.0
-1750.0
1.0,1.0;3.0,2.0::-750.0,0.0
-750.0
3.0,2.0;1.0,1.0::-1750.0,0.0
-1750.0
1.0,1.0;3.0,3.0::0.0,0.0
0.0
3.0,3.0;1.0,1.0::0.0,0.0
0.0
1.0,1.0;3.0,4.0::-7.5,0.0
-7.5
3.0,4.0;1.0,1.0::-17.5,0.0
-17.5
1.0,1.0;4.0,0.0::-1535.0,0.0
-1535.0
4.0,0.0;1.0,1.0::-3515.0,0.0
-3515.0
1.0,1.0;4.0,1.0::-785.0,0.0
-785.0
4.0,1.0;1.0,1.0::-1765.0,0.0
-1765.0
1.0,1.0;4.0,2.0::-785.0,0.0
-785.0
4.0,2.0;1.0,1.0::-1765.0,0.0
-1765.0
1.0,1.0;4.0,3.0::-35.0,0.0
-35.0
4.0,3.0;1.0,1.0::-15.0,0.0
-15.0
1.0,1.0;4.0,4.0::-42.5,0.0
-42.5
4.0,4.0;1.0,1.0::-32.5,0.0
-32.5
