1.0,2.0;1.0,2.0::-2500.0,0.0
-2500.0
1.0,2.0;1.0,2.0::-2500.0,0.0
-2500.0
1.0,2.0;1.0,3.0::-1750.0,0.0
-1750.0
1.0,3.0;1.0,2.0::-750.0,0.0
-750.0
1.0,2.0;1.0,4.0::-1757.5,0.0
-1757.5
1.0,4.0;1.0,2.0::-767.5,0.0
-767.5
1.0,2.0;2.0,0.0::-3250.0,0.0
-3250.0
2.0,0.0;1.0,2.0::-4250.0,0.0
-4250.0
1.0,2.0;2.0,1.0::-2500.0,0.0
-2500.0
2.0,1.0;1.0,2.0::-2500.0,0.0
-2500.0
1.0,2.0;2.0,2.0::-2500.0,0.0
-2500.0
2.0,2.0;1.0,2.0::-2500.0,0.0
-2500.0
1.0,2.0;2.0,3.0::-1750.0,0.0
-1750.0
2.0,3.0;1.0,2.0::-750.0,0.0
-750.0
1.0,2.0;2.0,4.0::-1757.5,0.0
-1757.5
2.0,4.0;1.0,2.0::-767.5,0.0
-767.5
1.0,2.0;3.0,0.0::-4000.0,0.0
-4000.0
3.0,0.0;1.0,2.0::-6000.0,0.0
-6000.0
1.0,2.0;3.0,1.0::-3250.0,0.0
-3250.0
3.0,1.0;1.0,2.0::-4250.0,0.0
-4250.0
1.0,2.0;3.0,2.0::-3250.0,0.0
-3250.0
3.0,2.0;1.0,2.0::-4250.0,0.0
-4250.0
1.0,2.0;3.0,3.0::-2500.0,0.0
-2500.0
3.0,3.0;1.0,2.0::-2500.0,0.0
-2500.0
1.0,2.0;3.0,4.0::-2507.5,0.0
-2507.5
3.0,4.0;1.0,2.0::-2517.5,0.0
-2517.5
1.0,2.0;4.0,0.0::-2500.0,0.0
-2500.0
4.0,0.0;1.0,2.0::-2500.0,0.0
-2500.0
1.0,2.0;4.0,1.0::-1750.0,0.0
-1750.0
4.0,1.0;1.0,2.0::-750.0,0.0
-750.0
1.0,2.0;4.0,2.0::-1750.0,0.0
-1750.0
4.0,2.0;1.0,2.0::-750.0,0.0
-750.0
1.0,2.0;4.0,3.0::-1000.0,0.0
-1000.0
4.0,3.0;1.0,2.0::1000.0,0.0
1000.0
1.0,2.0;4.0,4.0::-1007.5,0.0
-1007.5
4.0,4.0;1.0,2.0::982.5,0.0
982.5
