1.0,4.0;1.0,4.0::-25.0,0.0
-25.0
1.0,4.0;1.0,4.0::-25.0,0.0
-25.0
1.0,4.0;2.0,0.0::-2500.0,0.0
-2500.0
2.0,0.0;1.0,4.0::-2500.0,0.0
-2500.0
1.0,4.0;2.0,1.0::-1750.0,0.0
-1750.0
2.0,1.0;1.0,4.0::-750.0,0.0
-750.0
1.0,4.0;2.0,2.0::-1750.0,0.0
-1750.0
2.0,2.0;1.0,4.0::-750.0,0.0
-750.0
1.0,4.0;2.0,3.0::-1000.0,0.0
-1000.0
2.0,3.0;1.0,4.0::1000.0,0.0
1000.0
1.0,4.0;2.0,4.0::-1007.5,0.0
-1007.5
2.0,4.0;1.0,4.0::982.5,0.0
982.5
1.0,4.0;3.0,0.0::-1517.5,0.0
-1517.5
3.0,0.0;1.0,4.0::-3507.5,0.0
-3507.5
1.0,4.0;3.0,1.0::-767.5,0.0
-767.5
3.0,1.0;1.0,4.0::-1757.5,0.0
-1757.5
1.0,4.0;3.0,2.0::-767.5,0.0
-767.5
3.0,2.0;1.0,4.0::-1757.5,0.0
-1757.5
1.0,4.0;3.0,3.0::-17.5,0.0
-17.5
3.0,3.0;1.0,4.0::-7.5,0.0
-7.5
1.0,4.0;3.0,4.0::-25.0,0.0
-25.0
3.0,4.0;1.0,4.0::-25.0,0.0
-25.0
1.0,4.0;4.0,0.0::-2512.5,0.0
-2512.5
4.0,0.0;1.0,4.0::-2512.5,0.0
-2512.5
1.0,4.0;4.0,1.0::-1762.5,0.0
-1762.5
4.0,1.0;1.0,4.0::-762.5,0.0
-762.5
1.0,4.0;4.0,2.0::-1762.5,0.0
-1762.5
4.0,2.0;1.0,4.0::-762.5,0.0
-762.5
1.0,4.0;4.0,3.0::-1012.5,0.0
-1012.5
4.0,3.0;1.0,4.0::987.5,0.0
987.5
1.0,4.0;4.0,4.0::-1020.0,0.0
-1020.0
4.0,4.0;1.0,4.0::970.0,0.0
970.0
