0.0,0.0;0.0,0.0::-5000.0,0.0
-5000.0
0.0,0.0;0.0,0.0::-5000.0,0.0
-5000.0
0.0,0.0;0.0,1.0::-5000.0,0.0
-5000.0
0.0,1.0;0.0,0.0::-5000.0,0.0
-5000.0
0.0,0.0;0.0,2.0::-2500.0,0.0
-2500.0
0.0,2.0;0.0,0.0::-2500.0,0.0
-2500.0
0.0,0.0;0.0,3.0::-2500.0,0.0
-2500.0
0.0,3.0;0.0,0.0::-2500.0,0.0
-2500.0
0.0,0.0;0.0,4.0::-2512.5,0.0
-2512.5
0.0,4.0;0.0,0.0::-2512.5,0.0
-2512.5
0.0,0.0;1.0,0.0::-5000.0,0.0
-5000.0
1.0,0.0;0.0,0.0::-5000.0,0.0
-5000.0
0.0,0.0;1.0,1.0::-5000.0,0.0
-5000.0
1.0,1.0;0.0,0.0::-5000.0,0.0
-5000.0
0.0,0.0;1.0,2.0::-2500.0,0.0
-2500.0
1.0,2.0;0.0,0.0::-2500.0,0.0
-2500.0
0.0,0.0;1.0,3.0::-2500.0,0.0
-2500.0
1.0,3.0;0.0,0.0::-2500.0,0.0
-2500.0
0.0,0.0;1.0,4.0::-2512.5,0.0
-2512.5
1.0,4.0;0.0,0.0::-2512.5,0.0
-2512.5
0.0,0.0;2.0,0.0::-4000.0,0.0
-4000.0
2.0,0.0;0.0,0.0::-6000.0,0.0
-6000.0
0.0,0.0;2.0,1.0::-4000.0,0.0
-4000.0
2.0,1.0;0.0,0.0::-6000.0,0.0
-6000.0
0.0,0.0;2.0,2.0::-1500.0,0.0
-1500.0
2.0,2.0;0.0,0.0::-3500.0,0.0
-3500.0
0.0,0.0;2.0,3.0::-1500.0,0.0
-1500.0
2.0,3.0;0.0,0.0::-3500.0,0.0
-3500.0
0.0,0.0;2.0,4.0::-1512.5,0.0
-1512.5
2.0,4.0;0.0,0.0::-3512.5,0.0
-3512.5
0.0,0.0;3.0,0.0::-4000.0,0.0
-4000.0
3.0,0.0;0.0,0.0::-6000.0,0.0
-6000.0
0.0,0.0;3.0,1.0::-4000.0,0.0
-4000.0
3.0,1.0;0.0,0.0::-6000.0,0.0
-6000.0
0.0,0.0;3.0,2.0::-1500.0,0.0
-1500.0
3.0,2.0;0.0,0.0::-3500.0,0.0
-3500.0
0.0,0.0;3.0,3.0::-1500.0,0.0
-1500.0
3.0,3.0;0.0,0.0::-3500.0,0.0
-3500.0
0.0,0.0;3.0,4.0::-1512.5,0.0
-1512.5
3.0,4.0;0.0,0.0::-3512.5,0.0
-3512.5
0.0,0.0;4.0,0.0::-1535.0,0.0
-1535.0
4.0,0.0;0.0,0.0::-3515.0,0.0
-3515.0
0.0,0.0;4.0,1.0::-1535.0,0.0
-1535.0
4.0,1.0;0.0,0.0::-3515.0,0.0
-3515.0
0.0,0.0;4.0,2.0::965.0,0.0
965.0
4.0,2.0;0.0,0.0::-1015.0,0.0
-1015.0
0.0,0.0;4.0,3.0::965.0,0.0
965.0
4.0,3.0;0.0,0.0::-1015.0,0.0
-1015.0
0.0,0.0;4.0,4.0::952.5,0.0
952.5
4.0,4.0;0.0,0.0::-1027.5,0.0
-1027.5
0.0,1.0;0.0,1.0::-5000.0,0.0
-5000.0
0.0,1.0;0.0,1.0::-5000.0,0.0
-5000.0
0.0,1.0;0.0,2.0::-2500.0,0.0
-2500.0
0.0,2.0;0.0,1.0::-2500.0,0.0
-2500.0
0.0,1.0;0.0,3.0::-2500.0,0.0
-2500.0
0.0,3.0;0.0,1.0::-2500.0,0.0
-2500.0
0.0,1.0;0.0,4.0::-2512.5,0.0
-2512.5
0.0,4.0;0.0,1.0::-2512.5,0.0
-2512.5
0.0,1.0;1.0,0.0::-3250.0,0.0
-3250.0
1.0,0.0;0.0,1.0::-4250.0,0.0
-4250.0
0.0,1.0;1.0,1.0::-3250.0,0.0
-3250.0
1.0,1.0;0.0,1.0::-4250.0,0.0
-4250.0
0.0,1.0;1.0,2.0::-750.0,0.0
-750.0
1.0,2.0;0.0,1.0::-1750.0,0.0
-1750.0
0.0,1.0;1.0,3.0::-750.0,0.0
-750.0
1.0,3.0;0.0,1.0::-1750.0,0.0
-1750.0
0.0,1.0;1.0,4.0::-762.5,0.0
-762.5
1.0,4.0;0.0,1.0::-1762.5,0.0
-1762.5
0.0,1.0;2.0,0.0::-3250.0,0.0
-3250.0
2.0,0.0;0.0,1.0::-4250.0,0.0
-4250.0
0.0,1.0;2.0,1.0::-3250.0,0.0
-3250.0
2.0,1.0;0.0,1.0::-4250.0,0.0
-4250.0
0.0,1.0;2.0,2.0::-750.0,0.0
-750.0
2.0,2.0;0.0,1.0::-1750.0,0.0
-1750.0
0.0,1.0;2.0,3.0::-750.0,0.0
-750.0
2.0,3.0;0.0,1.0::-1750.0,0.0
-1750.0
0.0,1.0;2.0,4.0::-762.5,0.0
-762.5
2.0,4.0;0.0,1.0::-1762.5,0.0
-1762.5
0.0,1.0;3.0,0.0::-1500.0,0.0
-1500.0
3.0,0.0;0.0,1.0::-3500.0,0.0
-3500.0
0.0,1.0;3.0,1.0::-1500.0,0.0
-1500.0
3.0,1.0;0.0,1.0::-3500.0,0.0
-3500.0
0.0,1.0;3.0,2.0::1000.0,0.0
1000.0
3.0,2.0;0.0,1.0::-1000.0,0.0
-1000.0
0.0,1.0;3.0,3.0::1000.0,0.0
1000.0
3.0,3.0;0.0,1.0::-1000.0,0.0
-1000.0
0.0,1.0;3.0,4.0::987.5,0.0
987.5
3.0,4.0;0.0,1.0::-1012.5,0.0
-1012.5
0.0,1.0;4.0,0.0::-1535.0,0.0
-1535.0
4.0,0.0;0.0,1.0::-3515.0,0.0
-3515.0
0.0,1.0;4.0,1.0::-1535.0,0.0
-1535.0
4.0,1.0;0.0,1.0::-3515.0,0.0
-3515.0
0.0,1.0;4.0,2.0::965.0,0.0
965.0
4.0,2.0;0.0,1.0::-1015.0,0.0
-1015.0
0.0,1.0;4.0,3.0::965.0,0.0
965.0
4.0,3.0;0.0,1.0::-1015.0,0.0
-1015.0
0.0,1.0;4.0,4.0::952.5,0.0
952.5
4.0,4.0;0.0,1.0::-1027.5,0.0
-1027.5
0.0,2.0;0.0,2.0::0.0,0.0
0.0
0.0,2.0;0.0,2.0::0.0,0.0
0.0
0.0,2.0;0.0,3.0::0.0,0.0
0.0
0.0,3.0;0.0,2.0::0.0,0.0
0.0
0.0,2.0;0.0,4.0::-12.5,0.0
-12.5
0.0,4.0;0.0,2.0::-12.5,0.0
-12.5
0.0,2.0;1.0,0.0::-3250.0,0.0
-3250.0
1.0,0.0;0.0,2.0::-4250.0,0.0
-4250.0
0.0,2.0;1.0,1.0::-3250.0,0.0
-3250.0
1.0,1.0;0.0,2.0::-4250.0,0.0
-4250.0
0.0,2.0;1.0,2.0::-750.0,0.0
-750.0
1.0,2.0;0.0,2.0::-1750.0,0.0
-1750.0
0.0,2.0;1.0,3.0::-750.0,0.0
-750.0
1.0,3.0;0.0,2.0::-1750.0,0.0
-1750.0
0.0,2.0;1.0,4.0::-762.5,0.0
-762.5
1.0,4.0;0.0,2.0::-1762.5,0.0
-1762.5
0.0,2.0;2.0,0.0::-3250.0,0.0
-3250.0
2.0,0.0;0.0,2.0::-4250.0,0.0
-4250.0
0.0,2.0;2.0,1.0::-3250.0,0.0
-3250.0
2.0,1.0;0.0,2.0::-4250.0,0.0
-4250.0
0.0,2.0;2.0,2.0::-750.0,0.0
-750.0
2.0,2.0;0.0,2.0::-1750.0,0.0
-1750.0
0.0,2.0;2.0,3.0::-750.0,0.0
-750.0
2.0,3.0;0.0,2.0::-1750.0,0.0
-1750.0
0.0,2.0;2.0,4.0::-762.5,0.0
-762.5
2.0,4.0;0.0,2.0::-1762.5,0.0
-1762.5
0.0,2.0;3.0,0.0::-4000.0,0.0
-4000.0
3.0,0.0;0.0,2.0::-6000.0,0.0
-6000.0
0.0,2.0;3.0,1.0::-4000.0,0.0
-4000.0
3.0,1.0;0.0,2.0::-6000.0,0.0
-6000.0
0.0,2.0;3.0,2.0::-1500.0,0.0
-1500.0
3.0,2.0;0.0,2.0::-3500.0,0.0
-3500.0
0.0,2.0;3.0,3.0::-1500.0,0.0
-1500.0
3.0,3.0;0.0,2.0::-3500.0,0.0
-3500.0
0.0,2.0;3.0,4.0::-1512.5,0.0
-1512.5
3.0,4.0;0.0,2.0::-3512.5,0.0
-3512.5
0.0,2.0;4.0,0.0::-2500.0,0.0
-2500.0
4.0,0.0;0.0,2.0::-2500.0,0.0
-2500.0
0.0,2.0;4.0,1.0::-2500.0,0.0
-2500.0
4.0,1.0;0.0,2.0::-2500.0,0.0
-2500.0
0.0,2.0;4.0,2.0::0.0,0.0
0.0
4.0,2.0;0.0,2.0::0.0,0.0
0.0
0.0,2.0;4.0,3.0::0.0,0.0
0.0
4.0,3.0;0.0,2.0::0.0,0.0
0.0
0.0,2.0;4.0,4.0::-12.5,0.0
-12.5
4.0,4.0;0.0,2.0::-12.5,0.0
-12.5
0.0,3.0;0.0,3.0::0.0,0.0
0.0
0.0,3.0;0.0,3.0::0.0,0.0
0.0
0.0,3.0;0.0,4.0::-12.5,0.0
-12.5
0.0,4.0;0.0,3.0::-12.5,0.0
-12.5
0.0,3.0;1.0,0.0::-1500.0,0.0
-1500.0
1.0,0.0;0.0,3.0::-3500.0,0.0
-3500.0
0.0,3.0;1.0,1.0::-1500.0,0.0
-1500.0
1.0,1.0;0.0,3.0::-3500.0,0.0
-3500.0
0.0,3.0;1.0,2.0::1000.0,0.0
1000.0
1.0,2.0;0.0,3.0::-1000.0,0.0
-1000.0
0.0,3.0;1.0,3.0::1000.0,0.0
1000.0
1.0,3.0;0.0,3.0::-1000.0,0.0
-1000.0
0.0,3.0;1.0,4.0::987.5,0.0
987.5
1.0,4.0;0.0,3.0::-1012.5,0.0
-1012.5
0.0,3.0;2.0,0.0::-2500.0,0.0
-2500.0
2.0,0.0;0.0,3.0::-2500.0,0.0
-2500.0
0.0,3.0;2.0,1.0::-2500.0,0.0
-2500.0
2.0,1.0;0.0,3.0::-2500.0,0.0
-2500.0
0.0,3.0;2.0,2.0::0.0,0.0
0.0
2.0,2.0;0.0,3.0::0.0,0.0
0.0
0.0,3.0;2.0,3.0::0.0,0.0
0.0
2.0,3.0;0.0,3.0::0.0,0.0
0.0
0.0,3.0;2.0,4.0::-12.5,0.0
-12.5
2.0,4.0;0.0,3.0::-12.5,0.0
-12.5
0.0,3.0;3.0,0.0::-1500.0,0.0
-1500.0
3.0,0.0;0.0,3.0::-3500.0,0.0
-3500.0
0.0,3.0;3.0,1.0::-1500.0,0.0
-1500.0
3.0,1.0;0.0,3.0::-3500.0,0.0
-3500.0
0.0,3.0;3.0,2.0::1000.0,0.0
1000.0
3.0,2.0;0.0,3.0::-1000.0,0.0
-1000.0
0.0,3.0;3.0,3.0::1000.0,0.0
1000.0
3.0,3.0;0.0,3.0::-1000.0,0.0
-1000.0
0.0,3.0;3.0,4.0::987.5,0.0
987.5
3.0,4.0;0.0,3.0::-1012.5,0.0
-1012.5
0.0,3.0;4.0,0.0::-2500.0,0.0
-2500.0
4.0,0.0;0.0,3.0::-2500.0,0.0
-2500.0
0.0,3.0;4.0,1.0::-2500.0,0.0
-2500.0
4.0,1.0;0.0,3.0::-2500.0,0.0
-2500.0
0.0,3.0;4.0,2.0::0.0,0.0
0.0
4.0,2.0;0.0,3.0::0.0,0.0
0.0
0.0,3.0;4.0,3.0::0.0,0.0
0.0
4.0,3.0;0.0,3.0::0.0,0.0
0.0
0.0,3.0;4.0,4.0::-12.5,0.0
-12.5
4.0,4.0;0.0,3.0::-12.5,0.0
-12.5
0.0,4.0;0.0,4.0::-25.0,0.0
-25.0
0.0,4.0;0.0,4.0::-25.0,0.0
-25.0
0.0,4.0;1.0,0.0::-1517.5,0.0
-1517.5
1.0,0.0;0.0,4.0::-3507.5,0.0
-3507.5
0.0,4.0;1.0,1.0::-1517.5,0.0
-1517.5
1.0,1.0;0.0,4.0::-3507.5,0.0
-3507.5
0.0,4.0;1.0,2.0::982.5,0.0
982.5
1.0,2.0;0.0,4.0::-1007.5,0.0
-1007.5
0.0,4.0;1.0,3.0::982.5,0.0
982.5
1.0,3.0;0.0,4.0::-1007.5,0.0
-1007.5
0.0,4.0;1.0,4.0::970.0,0.0
970.0
1.0,4.0;0.0,4.0::-1020.0,0.0
-1020.0
0.0,4.0;2.0,0.0::-2500.0,0.0
-2500.0
2.0,0.0;0.0,4.0::-2500.0,0.0
-2500.0
0.0,4.0;2.0,1.0::-2500.0,0.0
-2500.0
2.0,1.0;0.0,4.0::-2500.0,0.0
-2500.0
0.0,4.0;2.0,2.0::0.0,0.0
0.0
2.0,2.0;0.0,4.0::0.0,0.0
0.0
0.0,4.0;2.0,3.0::0.0,0.0
0.0
2.0,3.0;0.0,4.0::0.0,0.0
0.0
0.0,4.0;2.0,4.0::-12.5,0.0
-12.5
2.0,4.0;0.0,4.0::-12.5,0.0
-12.5
0.0,4.0;3.0,0.0::-1517.5,0.0
-1517.5
3.0,0.0;0.0,4.0::-3507.5,0.0
-3507.5
0.0,4.0;3.0,1.0::-1517.5,0.0
-1517.5
3.0,1.0;0.0,4.0::-3507.5,0.0
-3507.5
0.0,4.0;3.0,2.0::982.5,0.0
982.5
3.0,2.0;0.0,4.0::-1007.5,0.0
-1007.5
0.0,4.0;3.0,3.0::982.5,0.0
982.5
3.0,3.0;0.0,4.0::-1007.5,0.0
-1007.5
0.0,4.0;3.0,4.0::970.0,0.0
970.0
3.0,4.0;0.0,4.0::-1020.0,0.0
-1020.0
0.0,4.0;4.0,0.0::-2512.5,0.0
-2512.5
4.0,0.0;0.0,4.0::-2512.5,0.0
-2512.5
0.0,4.0;4.0,1.0::-2512.5,0.0
-2512.5
4.0,1.0;0.0,4.0::-2512.5,0.0
-2512.5
0.0,4.0;4.0,2.0::-12.5,0.0
-12.5
4.0,2.0;0.0,4.0::-12.5,0.0
-12.5
0.0,4.0;4.0,3.0::-12.5,0.0
-12.5
4.0,3.0;0.0,4.0::-12.5,0.0
-12.5
0.0,4.0;4.0,4.0::-25.0,0.0
-25.0
4.0,4.0;0.0,4.0::-25.0,0.0
-25.0
1.0,0.0;1.0,0.0::-5000.0,0.0
-5000.0
1.0,0.0;1.0,0.0::-5000.0,0.0
-5000.0
1.0,0.0;1.0,1.0::-4250.0,0.0
-4250.0
1.0,1.0;1.0,0.0::-3250.0,0.0
-3250.0
1.0,0.0;1.0,2.0::-4250.0,0.0
-4250.0
1.0,2.0;1.0,0.0::-3250.0,0.0
-3250.0
1.0,0.0;1.0,3.0::-3500.0,0.0
-3500.0
1.0,3.0;1.0,0.0::-1500.0,0.0
-1500.0
1.0,0.0;1.0,4.0::-3507.5,0.0
-3507.5
1.0,4.0;1.0,0.0::-1517.5,0.0
-1517.5
1.0,0.0;2.0,0.0::-4000.0,0.0
-4000.0
2.0,0.0;1.0,0.0::-6000.0,0.0
-6000.0
1.0,0.0;2.0,1.0::-3250.0,0.0
-3250.0
2.0,1.0;1.0,0.0::-4250.0,0.0
-4250.0
1.0,0.0;2.0,2.0::-3250.0,0.0
-3250.0
2.0,2.0;1.0,0.0::-4250.0,0.0
-4250.0
1.0,0.0;2.0,3.0::-2500.0,0.0
-2500.0
2.0,3.0;1.0,0.0::-2500.0,0.0
-2500.0
1.0,0.0;2.0,4.0::-2507.5,0.0
-2507.5
2.0,4.0;1.0,0.0::-2517.5,0.0
-2517.5
1.0,0.0;3.0,0.0::-4000.0,0.0
-4000.0
3.0,0.0;1.0,0.0::-6000.0,0.0
-6000.0
1.0,0.0;3.0,1.0::-3250.0,0.0
-3250.0
3.0,1.0;1.0,0.0::-4250.0,0.0
-4250.0
1.0,0.0;3.0,2.0::-3250.0,0.0
-3250.0
3.0,2.0;1.0,0.0::-4250.0,0.0
-4250.0
1.0,0.0;3.0,3.0::-2500.0,0.0
-2500.0
3.0,3.0;1.0,0.0::-2500.0,0.0
-2500.0
1.0,0.0;3.0,4.0::-2507.5,0.0
-2507.5
3.0,4.0;1.0,0.0::-2517.5,0.0
-2517.5
1.0,0.0;4.0,0.0::-1535.0,0.0
-1535.0
4.0,0.0;1.0,0.0::-3515.0,0.0
-3515.0
1.0,0.0;4.0,1.0::-785.0,0.0
-785.0
4.0,1.0;1.0,0.0::-1765.0,0.0
-1765.0
1.0,0.0;4.0,2.0::-785.0,0.0
-785.0
4.0,2.0;1.0,0.0::-1765.0,0.0
-1765.0
1.0,0.0;4.0,3.0::-35.0,0.0
-35.0
4.0,3.0;1.0,0.0::-15.0,0.0
-15.0
1.0,0.0;4.0,4.0::-42.5,0.0
-42.5
4.0,4.0;1.0,0.0::-32.5,0.0
-32.5
1.0,1.0;1.0,1.0::-2500.0,0.0
-2500.0
1.0,1.0;1.0,1.0::-2500.0,0.0
-2500.0
1.0,1.0;1.0,2.0::-2500.0,0.0
-2500.0
1.0,2.0;1.0,1.0::-2500.0,0.0
-2500.0
1.0,1.0;1.0,3.0::-1750.0,0.0
-1750.0
1.0,3.0;1.0,1.0::-750.0,0.0
-750.0
1.0,1.0;1.0,4.0::-1757.5,0.0
-1757.5
1.0,4.0;1.0,1.0::-767.5,0.0
-767.5
1.0,1.0;2.0,0.0::-3250.0,0.0
-3250.0
2.0,0.0;1.0,1.0::-4250.0,0.0
-4250.0
1.0,1.0;2.0,1.0::-2500.0,0.0
-2500.0
2.0,1.0;1.0,1.0::-2500.0,0.0
-2500.0
1.0,1.0;2.0,2.0::-2500.0,0.0
-2500.0
2.0,2.0;1.0,1.0::-2500.0,0.0
-2500.0
1.0,1.0;2.0,3.0::-1750.0,0.0
-1750.0
2.0,3.0;1.0,1.0::-750.0,0.0
-750.0
1.0,1.0;2.0,4.0::-1757.5,0.0
-1757.5
2.0,4.0;1.0,1.0::-767.5,0.0
-767.5
1.0,1.0;3.0,0.0::-1500.0,0.0
-1500.0
3.0,0.0;1.0,1.0::-3500.0,0.0
-3500.0
1.0,1.0;3.0,1.0::-750.0,0.0
-750.0
3.0,1.0;1.0,1.0::-1750.0,0.0
-1750.0
1.0,1.0;3.0,2.0::-750.0,0.0
-750.0
3.0,2.0;1.0,1.0::-1750.0,0.0
-1750.0
1.0,1.0;3.0,3.0::0.0,0.0
0.0
3.0,3.0;1.0,1.0::0.0,0.0
0.0
1.0,1.0;3.0,4.0::-7.5,0.0
-7.5
3.0,4.0;1.0,1.0::-17.5,0.0
-17.5
1.0,1.0;4.0,0.0::-1535.0,0.0
-1535.0
4.0,0.0;1.0,1.0::-3515.0,0.0
-3515.0
1.0,1.0;4.0,1.0::-785.0,0.0
-785.0
4.0,1.0;1.0,1.0::-1765.0,0.0
-1765.0
1.0,1.0;4.0,2.0::-785.0,0.0
-785.0
4.0,2.0;1.0,1.0::-1765.0,0.0
-1765.0
1.0,1.0;4.0,3.0::-35.0,0.0
-35.0
4.0,3.0;1.0,1.0::-15.0,0.0
-15.0
1.0,1.0;4.0,4.0::-42.5,0.0
-42.5
4.0,4.0;1.0,1.0::-32.5,0.0
-32.5
1.0,2.0;1.0,2.0::-2500.0,0.0
-2500.0
1.0,2.0;1.0,2.0::-2500.0,0.0
-2500.0
1.0,2.0;1.0,3.0::-1750.0,0.0
-1750.0
1.0,3.0;1.0,2.0::-750.0,0.0
-750.0
1.0,2.0;1.0,4.0::-1757.5,0.0
-1757.5
1.0,4.0;1.0,2.0::-767.5,0.0
-767.5
1.0,2.0;2.0,0.0::-3250.0,0.0
-3250.0
2.0,0.0;1.0,2.0::-4250.0,0.0
-4250.0
1.0,2.0;2.0,1.0::-2500.0,0.0
-2500.0
2.0,1.0;1.0,2.0::-2500.0,0.0
-2500.0
1.0,2.0;2.0,2.0::-2500.0,0.0
-2500.0
2.0,2.0;1.0,2.0::-2500.0,0.0
-2500.0
1.0,2.0;2.0,3.0::-1750.0,0.0
-1750.0
2.0,3.0;1.0,2.0::-750.0,0.0
-750.0
1.0,2.0;2.0,4.0::-1757.5,0.0
-1757.5
2.0,4.0;1.0,2.0::-767.5,0.0
-767.5
1.0,2.0;3.0,0.0::-4000.0,0.0
-4000.0
3.0,0.0;1.0,2.0::-6000.0,0.0
-6000.0
1.0,2.0;3.0,1.0::-3250.0,0.0
-3250.0
3.0,1.0;1.0,2.0::-4250.0,0.0
-4250.0
1.0,2.0;3.0,2.0::-3250.0,0.0
-3250.0
3.0,2.0;1.0,2.0::-4250.0,0.0
-4250.0
1.0,2.0;3.0,3.0::-2500.0,0.0
-2500.0
3.0,3.0;1.0,2.0::-2500.0,0.0
-2500.0
1.0,2.0;3.0,4.0::-2507.5,0.0
-2507.5
3.0,4.0;1.0,2.0::-2517.5,0.0
-2517.5
1.0,2.0;4.0,0.0::-2500.0,0.0
-2500.0
4.0,0.0;1.0,2.0::-2500.0,0.0
-2500.0
1.0,2.0;4.0,1.0::-1750.0,0.0
-1750.0
4.0,1.0;1.0,2.0::-750.0,0.0
-750.0
1.0,2.0;4.0,2.0::-1750.0,0.0
-1750.0
4.0,2.0;1.0,2.0::-750.0,0.0
-750.0
1.0,2.0;4.0,3.0::-1000.0,0.0
-1000.0
4.0,3.0;1.0,2.0::1000.0,0.0
1000.0
1.0,2.0;4.0,4.0::-1007.5,0.0
-1007.5
4.0,4.0;1.0,2.0::982.5,0.0
982.5
1.0,3.0;1.0,3.0::0.0,0.0
0.0
1.0,3.0;1.0,3.0::0.0,0.0
0.0
1.0,3.0;1.0,4.0::-7.5,0.0
-7.5
1.0,4.0;1.0,3.0::-17.5,0.0
-17.5
1.0,3.0;2.0,0.0::-2500.0,0.0
-2500.0
2.0,0.0;1.0,3.0::-2500.0,0.0
-2500.0
1.0,3.0;2.0,1.0::-1750.0,0.0
-1750.0
2.0,1.0;1.0,3.0::-750.0,0.0
-750.0
1.0,3.0;2.0,2.0::-1750.0,0.0
-1750.0
2.0,2.0;1.0,3.0::-750.0,0.0
-750.0
1.0,3.0;2.0,3.0::-1000.0,0.0
-1000.0
2.0,3.0;1.0,3.0::1000.0,0.0
1000.0
1.0,3.0;2.0,4.0::-1007.5,0.0
-1007.5
2.0,4.0;1.0,3.0::982.5,0.0
982.5
1.0,3.0;3.0,0.0::-1500.0,0.0
-1500.0
3.0,0.0;1.0,3.0::-3500.0,0.0
-3500.0
1.0,3.0;3.0,1.0::-750.0,0.0
-750.0
3.0,1.0;1.0,3.0::-1750.0,0.0
-1750.0
1.0,3.0;3.0,2.0::-750.0,0.0
-750.0
3.0,2.0;1.0,3.0::-1750.0,0.0
-1750.0
1.0,3.0;3.0,3.0::0.0,0.0
0.0
3.0,3.0;1.0,3.0::0.0,0.0
0.0
1.0,3.0;3.0,4.0::-7.5,0.0
-7.5
3.0,4.0;1.0,3.0::-17.5,0.0
-17.5
1.0,3.0;4.0,0.0::-2500.0,0.0
-2500.0
4.0,0.0;1.0,3.0::-2500.0,0.0
-2500.0
1.0,3.0;4.0,1.0::-1750.0,0.0
-1750.0
4.0,1.0;1.0,3.0::-750.0,0.0
-750.0
1.0,3.0;4.0,2.0::-1750.0,0.0
-1750.0
4.0,2.0;1.0,3.0::-750.0,0.0
-750.0
1.0,3.0;4.0,3.0::-1000.0,0.0
-1000.0
4.0,3.0;1.0,3.0::1000.0,0.0
1000.0
1.0,3.0;4.0,4.0::-1007.5,0.0
-1007.5
4.0,4.0;1.0,3.0::982.5,0.0
982.5
1.0,4.0;1.0,4.0::-25.0,0.0
-25.0
1.0,4.0;1.0,4.0::-25.0,0.0
-25.0
1.0,4.0;2.0,0.0::-2500.0,0.0
-2500.0
2.0,0.0;1.0,4.0::-2500.0,0.0
-2500.0
1.0,4.0;2.0,1.0::-1750.0,0.0
-1750.0
2.0,1.0;1.0,4.0::-750.0,0.0
-750.0
1.0,4.0;2.0,2.0::-1750.0,0.0
-1750.0
2.0,2.0;1.0,4.0::-750.0,0.0
-750.0
1.0,4.0;2.0,3.0::-1000.0,0.0
-1000.0
2.0,3.0;1.0,4.0::1000.0,0.0
1000.0
1.0,4.0;2.0,4.0::-1007.5,0.0
-1007.5
2.0,4.0;1.0,4.0::982.5,0.0
982.5
1.0,4.0;3.0,0.0::-1517.5,0.0
-1517.5
3.0,0.0;1.0,4.0::-3507.5,0.0
-3507.5
1.0,4.0;3.0,1.0::-767.5,0.0
-767.5
3.0,1.0;1.0,4.0::-1757.5,0.0
-1757.5
1.0,4.0;3.0,2.0::-767.5,0.0
-767.5
3.0,2.0;1.0,4.0::-1757.5,0.0
-1757.5
1.0,4.0;3.0,3.0::-17.5,0.0
-17.5
3.0,3.0;1.0,4.0::-7.5,0.0
-7.5
1.0,4.0;3.0,4.0::-25.0,0.0
-25.0
3.0,4.0;1.0,4.0::-25.0,0.0
-25.0
1.0,4.0;4.0,0.0::-2512.5,0.0
-2512.5
4.0,0.0;1.0,4.0::-2512.5,0.0
-2512.5
1.0,4.0;4.0,1.0::-1762.5,0.0
-1762.5
4.0,1.0;1.0,4.0::-762.5,0.0
-762.5
1.0,4.0;4.0,2.0::-1762.5,0.0
-1762.5
4.0,2.0;1.0,4.0::-762.5,0.0
-762.5
1.0,4.0;4.0,3.0::-1012.5,0.0
-1012.5
4.0,3.0;1.0,4.0::987.5,0.0
987.5
1.0,4.0;4.0,4.0::-1020.0,0.0
-1020.0
4.0,4.0;1.0,4.0::970.0,0.0
970.0
2.0,0.0;2.0,0.0::-5000.0,0.0
-5000.0
2.0,0.0;2.0,0.0::-5000.0,0.0
-5000.0
2.0,0.0;2.0,1.0::-3250.0,0.0
-3250.0
2.0,1.0;2.0,0.0::-4250.0,0.0
-4250.0
2.0,0.0;2.0,2.0::-3250.0,0.0
-3250.0
2.0,2.0;2.0,0.0::-4250.0,0.0
-4250.0
2.0,0.0;2.0,3.0::-1500.0,0.0
-1500.0
2.0,3.0;2.0,0.0::-3500.0,0.0
-3500.0
2.0,0.0;2.0,4.0::-1500.0,0.0
-1500.0
2.0,4.0;2.0,0.0::-3500.0,0.0
-3500.0
2.0,0.0;3.0,0.0::-5000.0,0.0
-5000.0
3.0,0.0;2.0,0.0::-5000.0,0.0
-5000.0
2.0,0.0;3.0,1.0::-3250.0,0.0
-3250.0
3.0,1.0;2.0,0.0::-4250.0,0.0
-4250.0
2.0,0.0;3.0,2.0::-3250.0,0.0
-3250.0
3.0,2.0;2.0,0.0::-4250.0,0.0
-4250.0
2.0,0.0;3.0,3.0::-1500.0,0.0
-1500.0
3.0,3.0;2.0,0.0::-3500.0,0.0
-3500.0
2.0,0.0;3.0,4.0::-1500.0,0.0
-1500.0
3.0,4.0;2.0,0.0::-3500.0,0.0
-3500.0
2.0,0.0;4.0,0.0::-2535.0,0.0
-2535.0
4.0,0.0;2.0,0.0::-2515.0,0.0
-2515.0
2.0,0.0;4.0,1.0::-785.0,0.0
-785.0
4.0,1.0;2.0,0.0::-1765.0,0.0
-1765.0
2.0,0.0;4.0,2.0::-785.0,0.0
-785.0
4.0,2.0;2.0,0.0::-1765.0,0.0
-1765.0
2.0,0.0;4.0,3.0::965.0,0.0
965.0
4.0,3.0;2.0,0.0::-1015.0,0.0
-1015.0
2.0,0.0;4.0,4.0::965.0,0.0
965.0
4.0,4.0;2.0,0.0::-1015.0,0.0
-1015.0
2.0,1.0;2.0,1.0::-2500.0,0.0
-2500.0
2.0,1.0;2.0,1.0::-2500.0,0.0
-2500.0
2.0,1.0;2.0,2.0::-2500.0,0.0
-2500.0
2.0,2.0;2.0,1.0::-2500.0,0.0
-2500.0
2.0,1.0;2.0,3.0::-750.0,0.0
-750.0
2.0,3.0;2.0,1.0::-1750.0,0.0
-1750.0
2.0,1.0;2.0,4.0::-750.0,0.0
-750.0
2.0,4.0;2.0,1.0::-1750.0,0.0
-1750.0
2.0,1.0;3.0,0.0::-2500.0,0.0
-2500.0
3.0,0.0;2.0,1.0::-2500.0,0.0
-2500.0
2.0,1.0;3.0,1.0::-750.0,0.0
-750.0
3.0,1.0;2.0,1.0::-1750.0,0.0
-1750.0
2.0,1.0;3.0,2.0::-750.0,0.0
-750.0
3.0,2.0;2.0,1.0::-1750.0,0.0
-1750.0
2.0,1.0;3.0,3.0::1000.0,0.0
1000.0
3.0,3.0;2.0,1.0::-1000.0,0.0
-1000.0
2.0,1.0;3.0,4.0::1000.0,0.0
1000.0
3.0,4.0;2.0,1.0::-1000.0,0.0
-1000.0
2.0,1.0;4.0,0.0::-2535.0,0.0
-2535.0
4.0,0.0;2.0,1.0::-2515.0,0.0
-2515.0
2.0,1.0;4.0,1.0::-785.0,0.0
-785.0
4.0,1.0;2.0,1.0::-1765.0,0.0
-1765.0
2.0,1.0;4.0,2.0::-785.0,0.0
-785.0
4.0,2.0;2.0,1.0::-1765.0,0.0
-1765.0
2.0,1.0;4.0,3.0::965.0,0.0
965.0
4.0,3.0;2.0,1.0::-1015.0,0.0
-1015.0
2.0,1.0;4.0,4.0::965.0,0.0
965.0
4.0,4.0;2.0,1.0::-1015.0,0.0
-1015.0
2.0,2.0;2.0,2.0::-2500.0,0.0
-2500.0
2.0,2.0;2.0,2.0::-2500.0,0.0
-2500.0
2.0,2.0;2.0,3.0::-750.0,0.0
-750.0
2.0,3.0;2.0,2.0::-1750.0,0.0
-1750.0
2.0,2.0;2.0,4.0::-750.0,0.0
-750.0
2.0,4.0;2.0,2.0::-1750.0,0.0
-1750.0
2.0,2.0;3.0,0.0::-5000.0,0.0
-5000.0
3.0,0.0;2.0,2.0::-5000.0,0.0
-5000.0
2.0,2.0;3.0,1.0::-3250.0,0.0
-3250.0
3.0,1.0;2.0,2.0::-4250.0,0.0
-4250.0
2.0,2.0;3.0,2.0::-3250.0,0.0
-3250.0
3.0,2.0;2.0,2.0::-4250.0,0.0
-4250.0
2.0,2.0;3.0,3.0::-1500.0,0.0
-1500.0
3.0,3.0;2.0,2.0::-3500.0,0.0
-3500.0
2.0,2.0;3.0,4.0::-1500.0,0.0
-1500.0
3.0,4.0;2.0,2.0::-3500.0,0.0
-3500.0
2.0,2.0;4.0,0.0::-3500.0,0.0
-3500.0
4.0,0.0;2.0,2.0::-1500.0,0.0
-1500.0
2.0,2.0;4.0,1.0::-1750.0,0.0
-1750.0
4.0,1.0;2.0,2.0::-750.0,0.0
-750.0
2.0,2.0;4.0,2.0::-1750.0,0.0
-1750.0
4.0,2.0;2.0,2.0::-750.0,0.0
-750.0
2.0,2.0;4.0,3.0::0.0,0.0
0.0
4.0,3.0;2.0,2.0::0.0,0.0
0.0
2.0,2.0;4.0,4.0::0.0,0.0
0.0
4.0,4.0;2.0,2.0::0.0,0.0
0.0
2.0,3.0;2.0,3.0::0.0,0.0
0.0
2.0,3.0;2.0,3.0::0.0,0.0
0.0
2.0,3.0;2.0,4.0::0.0,0.0
0.0
2.0,4.0;2.0,3.0::0.0,0.0
0.0
2.0,3.0;3.0,0.0::-2500.0,0.0
-2500.0
3.0,0.0;2.0,3.0::-2500.0,0.0
-2500.0
2.0,3.0;3.0,1.0::-750.0,0.0
-750.0
3.0,1.0;2.0,3.0::-1750.0,0.0
-1750.0
2.0,3.0;3.0,2.0::-750.0,0.0
-750.0
3.0,2.0;2.0,3.0::-1750.0,0.0
-1750.0
2.0,3.0;3.0,3.0::1000.0,0.0
1000.0
3.0,3.0;2.0,3.0::-1000.0,0.0
-1000.0
2.0,3.0;3.0,4.0::1000.0,0.0
1000.0
3.0,4.0;2.0,3.0::-1000.0,0.0
-1000.0
2.0,3.0;4.0,0.0::-3500.0,0.0
-3500.0
4.0,0.0;2.0,3.0::-1500.0,0.0
-1500.0
2.0,3.0;4.0,1.0::-1750.0,0.0
-1750.0
4.0,1.0;2.0,3.0::-750.0,0.0
-750.0
2.0,3.0;4.0,2.0::-1750.0,0.0
-1750.0
4.0,2.0;2.0,3.0::-750.0,0.0
-750.0
2.0,3.0;4.0,3.0::0.0,0.0
0.0
4.0,3.0;2.0,3.0::0.0,0.0
0.0
2.0,3.0;4.0,4.0::0.0,0.0
0.0
4.0,4.0;2.0,3.0::0.0,0.0
0.0
2.0,4.0;2.0,4.0::0.0,0.0
0.0
2.0,4.0;2.0,4.0::0.0,0.0
0.0
2.0,4.0;3.0,0.0::-2517.5,0.0
-2517.5
3.0,0.0;2.0,4.0::-2507.5,0.0
-2507.5
2.0,4.0;3.0,1.0::-767.5,0.0
-767.5
3.0,1.0;2.0,4.0::-1757.5,0.0
-1757.5
2.0,4.0;3.0,2.0::-767.5,0.0
-767.5
3.0,2.0;2.0,4.0::-1757.5,0.0
-1757.5
2.0,4.0;3.0,3.0::982.5,0.0
982.5
3.0,3.0;2.0,4.0::-1007.5,0.0
-1007.5
2.0,4.0;3.0,4.0::982.5,0.0
982.5
3.0,4.0;2.0,4.0::-1007.5,0.0
-1007.5
2.0,4.0;4.0,0.0::-3512.5,0.0
-3512.5
4.0,0.0;2.0,4.0::-1512.5,0.0
-1512.5
2.0,4.0;4.0,1.0::-1762.5,0.0
-1762.5
4.0,1.0;2.0,4.0::-762.5,0.0
-762.5
2.0,4.0;4.0,2.0::-1762.5,0.0
-1762.5
4.0,2.0;2.0,4.0::-762.5,0.0
-762.5
2.0,4.0;4.0,3.0::-12.5,0.0
-12.5
4.0,3.0;2.0,4.0::-12.5,0.0
-12.5
2.0,4.0;4.0,4.0::-12.5,0.0
-12.5
4.0,4.0;2.0,4.0::-12.5,0.0
-12.5
3.0,0.0;3.0,0.0::-5000.0,0.0
-5000.0
3.0,0.0;3.0,0.0::-5000.0,0.0
-5000.0
3.0,0.0;3.0,1.0::-2500.0,0.0
-2500.0
3.0,1.0;3.0,0.0::-2500.0,0.0
-2500.0
3.0,0.0;3.0,2.0::-5000.0,0.0
-5000.0
3.0,2.0;3.0,0.0::-5000.0,0.0
-5000.0
3.0,0.0;3.0,3.0::-2500.0,0.0
-2500.0
3.0,3.0;3.0,0.0::-2500.0,0.0
-2500.0
3.0,0.0;3.0,4.0::-2507.5,0.0
-2507.5
3.0,4.0;3.0,0.0::-2517.5,0.0
-2517.5
3.0,0.0;4.0,0.0::-2535.0,0.0
-2535.0
4.0,0.0;3.0,0.0::-2515.0,0.0
-2515.0
3.0,0.0;4.0,1.0::-35.0,0.0
-35.0
4.0,1.0;3.0,0.0::-15.0,0.0
-15.0
3.0,0.0;4.0,2.0::-2535.0,0.0
-2535.0
4.0,2.0;3.0,0.0::-2515.0,0.0
-2515.0
3.0,0.0;4.0,3.0::-35.0,0.0
-35.0
4.0,3.0;3.0,0.0::-15.0,0.0
-15.0
3.0,0.0;4.0,4.0::-42.5,0.0
-42.5
4.0,4.0;3.0,0.0::-32.5,0.0
-32.5
3.0,1.0;3.0,1.0::0.0,0.0
0.0
3.0,1.0;3.0,1.0::0.0,0.0
0.0
3.0,1.0;3.0,2.0::-2500.0,0.0
-2500.0
3.0,2.0;3.0,1.0::-2500.0,0.0
-2500.0
3.0,1.0;3.0,3.0::0.0,0.0
0.0
3.0,3.0;3.0,1.0::0.0,0.0
0.0
3.0,1.0;3.0,4.0::-7.5,0.0
-7.5
3.0,4.0;3.0,1.0::-17.5,0.0
-17.5
3.0,1.0;4.0,0.0::-2535.0,0.0
-2535.0
4.0,0.0;3.0,1.0::-2515.0,0.0
-2515.0
3.0,1.0;4.0,1.0::-35.0,0.0
-35.0
4.0,1.0;3.0,1.0::-15.0,0.0
-15.0
3.0,1.0;4.0,2.0::-2535.0,0.0
-2535.0
4.0,2.0;3.0,1.0::-2515.0,0.0
-2515.0
3.0,1.0;4.0,3.0::-35.0,0.0
-35.0
4.0,3.0;3.0,1.0::-15.0,0.0
-15.0
3.0,1.0;4.0,4.0::-42.5,0.0
-42.5
4.0,4.0;3.0,1.0::-32.5,0.0
-32.5
3.0,2.0;3.0,2.0::-5000.0,0.0
-5000.0
3.0,2.0;3.0,2.0::-5000.0,0.0
-5000.0
3.0,2.0;3.0,3.0::-2500.0,0.0
-2500.0
3.0,3.0;3.0,2.0::-2500.0,0.0
-2500.0
3.0,2.0;3.0,4.0::-2507.5,0.0
-2507.5
3.0,4.0;3.0,2.0::-2517.5,0.0
-2517.5
3.0,2.0;4.0,0.0::-3500.0,0.0
-3500.0
4.0,0.0;3.0,2.0::-1500.0,0.0
-1500.0
3.0,2.0;4.0,1.0::-1000.0,0.0
-1000.0
4.0,1.0;3.0,2.0::1000.0,0.0
1000.0
3.0,2.0;4.0,2.0::-3500.0,0.0
-3500.0
4.0,2.0;3.0,2.0::-1500.0,0.0
-1500.0
3.0,2.0;4.0,3.0::-1000.0,0.0
-1000.0
4.0,3.0;3.0,2.0::1000.0,0.0
1000.0
3.0,2.0;4.0,4.0::-1007.5,0.0
-1007.5
4.0,4.0;3.0,2.0::982.5,0.0
982.5
3.0,3.0;3.0,3.0::0.0,0.0
0.0
3.0,3.0;3.0,3.0::0.0,0.0
0.0
3.0,3.0;3.0,4.0::-7.5,0.0
-7.5
3.0,4.0;3.0,3.0::-17.5,0.0
-17.5
3.0,3.0;4.0,0.0::-3500.0,0.0
-3500.0
4.0,0.0;3.0,3.0::-1500.0,0.0
-1500.0
3.0,3.0;4.0,1.0::-1000.0,0.0
-1000.0
4.0,1.0;3.0,3.0::1000.0,0.0
1000.0
3.0,3.0;4.0,2.0::-3500.0,0.0
-3500.0
4.0,2.0;3.0,3.0::-1500.0,0.0
-1500.0
3.0,3.0;4.0,3.0::-1000.0,0.0
-1000.0
4.0,3.0;3.0,3.0::1000.0,0.0
1000.0
3.0,3.0;4.0,4.0::-1007.5,0.0
-1007.5
4.0,4.0;3.0,3.0::982.5,0.0
982.5
3.0,4.0;3.0,4.0::-25.0,0.0
-25.0
3.0,4.0;3.0,4.0::-25.0,0.0
-25.0
3.0,4.0;4.0,0.0::-3512.5,0.0
-3512.5
4.0,0.0;3.0,4.0::-1512.5,0.0
-1512.5
3.0,4.0;4.0,1.0::-1012.5,0.0
-1012.5
4.0,1.0;3.0,4.0::987.5,0.0
987.5
3.0,4.0;4.0,2.0::-3512.5,0.0
-3512.5
4.0,2.0;3.0,4.0::-1512.5,0.0
-1512.5
3.0,4.0;4.0,3.0::-1012.5,0.0
-1012.5
4.0,3.0;3.0,4.0::987.5,0.0
987.5
3.0,4.0;4.0,4.0::-1020.0,0.0
-1020.0
4.0,4.0;3.0,4.0::970.0,0.0
970.0
4.0,0.0;4.0,0.0::-50.0,0.0
-50.0
4.0,0.0;4.0,0.0::-50.0,0.0
-50.0
4.0,0.0;4.0,1.0::-50.0,0.0
-50.0
4.0,1.0;4.0,0.0::-50.0,0.0
-50.0
4.0,0.0;4.0,2.0::965.0,0.0
965.0
4.0,2.0;4.0,0.0::-1015.0,0.0
-1015.0
4.0,0.0;4.0,3.0::965.0,0.0
965.0
4.0,3.0;4.0,0.0::-1015.0,0.0
-1015.0
4.0,0.0;4.0,4.0::952.5,0.0
952.5
4.0,4.0;4.0,0.0::-1027.5,0.0
-1027.5
4.0,1.0;4.0,1.0::-50.0,0.0
-50.0
4.0,1.0;4.0,1.0::-50.0,0.0
-50.0
4.0,1.0;4.0,2.0::965.0,0.0
965.0
4.0,2.0;4.0,1.0::-1015.0,0.0
-1015.0
4.0,1.0;4.0,3.0::965.0,0.0
965.0
4.0,3.0;4.0,1.0::-1015.0,0.0
-1015.0
4.0,1.0;4.0,4.0::952.5,0.0
952.5
4.0,4.0;4.0,1.0::-1027.5,0.0
-1027.5
4.0,2.0;4.0,2.0::0.0,0.0
0.0
4.0,2.0;4.0,2.0::0.0,0.0
0.0
4.0,2.0;4.0,3.0::0.0,0.0
0.0
4.0,3.0;4.0,2.0::0.0,0.0
0.0
4.0,2.0;4.0,4.0::-12.5,0.0
-12.5
4.0,4.0;4.0,2.0::-12.5,0.0
-12.5
4.0,3.0;4.0,3.0::0.0,0.0
0.0
4.0,3.0;4.0,3.0::0.0,0.0
0.0
4.0,3.0;4.0,4.0::-12.5,0.0
-12.5
4.0,4.0;4.0,3.0::-12.5,0.0
-12.5
4.0,4.0;4.0,4.0::-25.0,0.0
-25.0
4.0,4.0;4.0,4.0::-25.0,0.0
-25.0
