0.0,0.0;0.0,0.0::-4000.0,0.0
-4000.0
0.0,0.0;0.0,0.0::-4000.0,0.0
-4000.0
0.0,0.0;0.0,1.0::-4000.0,0.0
-4000.0
0.0,1.0;0.0,0.0::-4000.0,0.0
-4000.0
0.0,0.0;0.0,2.0::-500.0,0.0
-500.0
0.0,2.0;0.0,0.0::-3500.0,0.0
-3500.0
0.0,0.0;0.0,3.0::-500.0,0.0
-500.0
0.0,3.0;0.0,0.0::-3500.0,0.0
-3500.0
0.0,0.0;0.0,4.0::-517.5,0.0
-517.5
0.0,4.0;0.0,0.0::-3502.5,0.0
-3502.5
0.0,0.0;1.0,0.0::-4000.0,0.0
-4000.0
1.0,0.0;0.0,0.0::-4000.0,0.0
-4000.0
0.0,0.0;1.0,1.0::-4000.0,0.0
-4000.0
1.0,1.0;0.0,0.0::-4000.0,0.0
-4000.0
0.0,0.0;1.0,2.0::-500.0,0.0
-500.0
1.0,2.0;0.0,0.0::-3500.0,0.0
-3500.0
0.0,0.0;1.0,3.0::-500.0,0.0
-500.0
1.0,3.0;0.0,0.0::-3500.0,0.0
-3500.0
0.0,0.0;1.0,4.0::-517.5,0.0
-517.5
1.0,4.0;0.0,0.0::-3502.5,0.0
-3502.5
0.0,0.0;2.0,0.0::-3000.0,0.0
-3000.0
2.0,0.0;0.0,0.0::-5000.0,0.0
-5000.0
0.0,0.0;2.0,1.0::-3000.0,0.0
-3000.0
2.0,1.0;0.0,0.0::-5000.0,0.0
-5000.0
0.0,0.0;2.0,2.0::500.0,0.0
500.0
2.0,2.0;0.0,0.0::-4500.0,0.0
-4500.0
0.0,0.0;2.0,3.0::500.0,0.0
500.0
2.0,3.0;0.0,0.0::-4500.0,0.0
-4500.0
0.0,0.0;2.0,4.0::482.5,0.0
482.5
2.0,4.0;0.0,0.0::-4502.5,0.0
-4502.5
0.0,0.0;3.0,0.0::-3000.0,0.0
-3000.0
3.0,0.0;0.0,0.0::-5000.0,0.0
-5000.0
0.0,0.0;3.0,1.0::-3000.0,0.0
-3000.0
3.0,1.0;0.0,0.0::-5000.0,0.0
-5000.0
0.0,0.0;3.0,2.0::500.0,0.0
500.0
3.0,2.0;0.0,0.0::-4500.0,0.0
-4500.0
0.0,0.0;3.0,3.0::500.0,0.0
500.0
3.0,3.0;0.0,0.0::-4500.0,0.0
-4500.0
0.0,0.0;3.0,4.0::482.5,0.0
482.5
3.0,4.0;0.0,0.0::-4502.5,0.0
-4502.5
0.0,0.0;4.0,0.0::-2515.0,0.0
-2515.0
4.0,0.0;0.0,0.0::-1525.0,0.0
-1525.0
0.0,0.0;4.0,1.0::-2515.0,0.0
-2515.0
4.0,1.0;0.0,0.0::-1525.0,0.0
-1525.0
0.0,0.0;4.0,2.0::985.0,0.0
985.0
4.0,2.0;0.0,0.0::-1025.0,0.0
-1025.0
0.0,0.0;4.0,3.0::985.0,0.0
985.0
4.0,3.0;0.0,0.0::-1025.0,0.0
-1025.0
0.0,0.0;4.0,4.0::967.5,0.0
967.5
4.0,4.0;0.0,0.0::-1027.5,0.0
-1027.5
