0.0,1.0;0.0,1.0::-4000.0,0.0
-4000.0
0.0,1.0;0.0,1.0::-4000.0,0.0
-4000.0
0.0,1.0;0.0,2.0::-500.0,0.0
-500.0
0.0,2.0;0.0,1.0::-3500.0,0.0
-3500.0
0.0,1.0;0.0,3.0::-500.0,0.0
-500.0
0.0,3.0;0.0,1.0::-3500.0,0.0
-3500.0
0.0,1.0;0.0,4.0::-517.5,0.0
-517.5
0.0,4.0;0.0,1.0::-3502.5,0.0
-3502.5
0.0,1.0;1.0,0.0::-3250.0,0.0
-3250.0
1.0,0.0;0.0,1.0::-2750.0,0.0
-2750.0
0.0,1.0;1.0,1.0::-3250.0,0.0
-3250.0
1.0,1.0;0.0,1.0::-2750.0,0.0
-2750.0
0.0,1.0;1.0,2.0::250.0,0.0
250.0
1.0,2.0;0.0,1.0::-2250.0,0.0
-2250.0
0.0,1.0;1.0,3.0::250.0,0.0
250.0
1.0,3.0;0.0,1.0::-2250.0,0.0
-2250.0
0.0,1.0;1.0,4.0::232.5,0.0
232.5
1.0,4.0;0.0,1.0::-2252.5,0.0
-2252.5
0.0,1.0;2.0,0.0::-3250.0,0.0
-3250.0
2.0,0.0;0.0,1.0::-2750.0,0.0
-2750.0
0.0,1.0;2.0,1.0::-3250.0,0.0
-3250.0
2.0,1.0;0.0,1.0::-2750.0,0.0
-2750.0
0.0,1.0;2.0,2.0::250.0,0.0
250.0
2.0,2.0;0.0,1.0::-2250.0,0.0
-2250.0
0.0,1.0;2.0,3.0::250.0,0.0
250.0
2.0,3.0;0.0,1.0::-2250.0,0.0
-2250.0
0.0,1.0;2.0,4.0::232.5,0.0
232.5
2.0,4.0;0.0,1.0::-2252.5,0.0
-2252.5
0.0,1.0;3.0,0.0::-2500.0,0.0
-2500.0
3.0,0.0;0.0,1.0::-1500.0,0.0
-1500.0
0.0,1.0;3.0,1.0::-2500.0,0.0
-2500.0
3.0,1.0;0.0,1.0::-1500.0,0.0
-1500.0
0.0,1.0;3.0,2.0::1000.0,0.0
1000.0
3.0,2.0;0.0,1.0::-1000.0,0.0
-1000.0
0.0,1.0;3.0,3.0::1000.0,0.0
1000.0
3.0,3.0;0.0,1.0::-1000.0,0.0
-1000.0
0.0,1.0;3.0,4.0::982.5,0.0
982.5
3.0,4.0;0.0,1.0::-1002.5,0.0
-1002.5
0.0,1.0;4.0,0.0::-2515.0,0.0
-2515.0
4.0,0.0;0.0,1.0::-1525.0,0.0
-1525.0
0.0,1.0;4.0,1.0::-2515.0,0.0
-2515.0
4.0,1.0;0.0,1.0::-1525.0,0.0
-1525.0
0.0,1.0;4.0,2.0::985.0,0.0
985.0
4.0,2.0;0.0,1.0::-1025.0,0.0
-1025.0
0.0,1.0;4.0,3.0::985.0,0.0
985.0
4.0,3.0;0.0,1.0::-1025.0,0.0
-1025.0
0.0,1.0;4.0,4.0::967.5,0.0
967.5
4.0,4.0;0.0,1.0::-1027.5,0.0
-1027.5
