2.0,0.0;2.0,0.0::-4000.0,0.0
-4000.0
2.0,0.0;2.0,0.0::-4000.0,0.0
-4000.0
2.0,0.0;2.0,1.0::-1750.0,0.0
-1750.0
2.0,1.0;2.0,0.0::-4250.0,0.0
-4250.0
2.0,0.0;2.0,2.0::-1750.0,0.0
-1750.0
2.0,2.0;2.0,0.0::-4250.0,0.0
-4250.0
2.0,0.0;2.0,3.0::500.0,0.0
500.0
2.0,3.0;2.0,0.0::-4500.0,0.0
-4500.0
2.0,0.0;2.0,4.0::-4000.0,0.0
-4000.0
2.0,4.0;2.0,0.0::-4000.0,0.0
-4000.0
2.0,0.0;3.0,0.0::-4000.0,0.0
-4000.0
3.0,0.0;2.0,0.0::-4000.0,0.0
-4000.0
2.0,0.0;3.0,1.0::-1750.0,0.0
-1750.0
3.0,1.0;2.0,0.0::-4250.0,0.0
-4250.0
2.0,0.0;3.0,2.0::-1750.0,0.0
-1750.0
3.0,2.0;2.0,0.0::-4250.0,0.0
-4250.0
2.0,0.0;3.0,3.0::500.0,0.0
500.0
3.0,3.0;2.0,0.0::-4500.0,0.0
-4500.0
2.0,0.0;3.0,4.0::-4000.0,0.0
-4000.0
3.0,4.0;2.0,0.0::-4000.0,0.0
-4000.0
2.0,0.0;4.0,0.0::-3515.0,0.0
-3515.0
4.0,0.0;2.0,0.0::-525.0,0.0
-525.0
2.0,0.0;4.0,1.0::-1265.0,0.0
-1265.0
4.0,1.0;2.0,0.0::-775.0,0.0
-775.0
2.0,0.0;4.0,2.0::-1265.0,0.0
-1265.0
4.0,2.0;2.0,0.0::-775.0,0.0
-775.0
2.0,0.0;4.0,3.0::985.0,0.0
985.0
4.0,3.0;2.0,0.0::-1025.0,0.0
-1025.0
2.0,0.0;4.0,4.0::-3515.0,0.0
-3515.0
4.0,4.0;2.0,0.0::-525.0,0.0
-525.0
