2.0,1.0;2.0,1.0::-2000.0,0.0
-2000.0
2.0,1.0;2.0,1.0::-2000.0,0.0
-2000.0
2.0,1.0;2.0,2.0::-2000.0,0.0
-2000.0
2.0,2.0;2.0,1.0::-2000.0,0.0
-2000.0
2.0,1.0;2.0,3.0::250.0,0.0
250.0
2.0,3.0;2.0,1.0::-2250.0,0.0
-2250.0
2.0,1.0;2.0,4.0::-4250.0,0.0
-4250.0
2.0,4.0;2.0,1.0::-1750.0,0.0
-1750.0
2.0,1.0;3.0,0.0::-3500.0,0.0
-3500.0
3.0,0.0;2.0,1.0::-500.0,0.0
-500.0
2.0,1.0;3.0,1.0::-1250.0,0.0
-1250.0
3.0,1.0;2.0,1.0::-750.0,0.0
-750.0
2.0,1.0;3.0,2.0::-1250.0,0.0
-1250.0
3.0,2.0;2.0,1.0::-750.0,0.0
-750.0
2.0,1.0;3.0,3.0::1000.0,0.0
1000.0
3.0,3.0;2.0,1.0::-1000.0,0.0
-1000.0
2.0,1.0;3.0,4.0::-3500.0,0.0
-3500.0
3.0,4.0;2.0,1.0::-500.0,0.0
-500.0
2.0,1.0;4.0,0.0::-3515.0,0.0
-3515.0
4.0,0.0;2.0,1.0::-525.0,0.0
-525.0
2.0,1.0;4.0,1.0::-1265.0,0.0
-1265.0
4.0,1.0;2.0,1.0::-775.0,0.0
-775.0
2.0,1.0;4.0,2.0::-1265.0,0.0
-1265.0
4.0,2.0;2.0,1.0::-775.0,0.0
-775.0
2.0,1.0;4.0,3.0::985.0,0.0
985.0
4.0,3.0;2.0,1.0::-1025.0,0.0
-1025.0
2.0,1.0;4.0,4.0::-3515.0,0.0
-3515.0
4.0,4.0;2.0,1.0::-525.0,0.0
-525.0
