2.0,4.0;2.0,4.0::-4000.0,0.0
-4000.0
2.0,4.0;2.0,4.0::-4000.0,0.0
-4000.0
2.0,4.0;3.0,0.0::-3507.5,0.0
-3507.5
3.0,0.0;2.0,4.0::-512.5,0.0
-512.5
2.0,4.0;3.0,1.0::-1257.5,0.0
-1257.5
3.0,1.0;2.0,4.0::-762.5,0.0
-762.5
2.0,4.0;3.0,2.0::-1257.5,0.0
-1257.5
3.0,2.0;2.0,4.0::-762.5,0.0
-762.5
2.0,4.0;3.0,3.0::992.5,0.0
992.5
3.0,3.0;2.0,4.0::-1012.5,0.0
-1012.5
2.0,4.0;3.0,4.0::-3507.5,0.0
-3507.5
3.0,4.0;2.0,4.0::-512.5,0.0
-512.5
2.0,4.0;4.0,0.0::-4502.5,0.0
-4502.5
4.0,0.0;2.0,4.0::482.5,0.0
482.5
2.0,4.0;4.0,1.0::-2252.5,0.0
-2252.5
4.0,1.0;2.0,4.0::232.5,0.0
232.5
2.0,4.0;4.0,2.0::-2252.5,0.0
-2252.5
4.0,2.0;2.0,4.0::232.5,0.0
232.5
2.0,4.0;4.0,3.0::-2.5,0.0
-2.5
4.0,3.0;2.0,4.0::-17.5,0.0
-17.5
2.0,4.0;4.0,4.0::-4502.5,0.0
-4502.5
4.0,4.0;2.0,4.0::482.5,0.0
482.5
