3.0,0.0;3.0,0.0::-4000.0,0.0
-4000.0
3.0,0.0;3.0,0.0::-4000.0,0.0
-4000.0
3.0,0.0;3.0,1.0::-500.0,0.0
-500.0
3.0,1.0;3.0,0.0::-3500.0,0.0
-3500.0
3.0,0.0;3.0,2.0::-4000.0,0.0
-4000.0
3.0,2.0;3.0,0.0::-4000.0,0.0
-4000.0
3.0,0.0;3.0,3.0::-500.0,0.0
-500.0
3.0,3.0;3.0,0.0::-3500.0,0.0
-3500.0
3.0,0.0;3.0,4.0::-512.5,0.0
-512.5
3.0,4.0;3.0,0.0::-3507.5,0.0
-3507.5
3.0,0.0;4.0,0.0::-3515.0,0.0
-3515.0
4.0,0.0;3.0,0.0::-525.0,0.0
-525.0
3.0,0.0;4.0,1.0::-15.0,0.0
-15.0
4.0,1.0;3.0,0.0::-25.0,0.0
-25.0
3.0,0.0;4.0,2.0::-3515.0,0.0
-3515.0
4.0,2.0;3.0,0.0::-525.0,0.0
-525.0
3.0,0.0;4.0,3.0::-15.0,0.0
-15.0
4.0,3.0;3.0,0.0::-25.0,0.0
-25.0
3.0,0.0;4.0,4.0::-27.5,0.0
-27.5
4.0,4.0;3.0,0.0::-32.5,0.0
-32.5
