3.0,2.0;3.0,2.0::-4000.0,0.0
-4000.0
3.0,2.0;3.0,2.0::-4000.0,0.0
-4000.0
3.0,2.0;3.0,3.0::-500.0,0.0
-500.0
3.0,3.0;3.0,2.0::-3500.0,0.0
-3500.0
3.0,2.0;3.0,4.0::-512.5,0.0
-512.5
3.0,4.0;3.0,2.0::-3507.5,0.0
-3507.5
3.0,2.0;4.0,0.0::-4500.0,0.0
-4500.0
4.0,0.0;3.0,2.0::500.0,0.0
500.0
3.0,2.0;4.0,1.0::-1000.0,0.0
-1000.0
4.0,1.0;3.0,2.0::1000.0,0.0
1000.0
3.0,2.0;4.0,2.0::-4500.0,0.0
-4500.0
4.0,2.0;3.0,2.0::500.0,0.0
500.0
3.0,2.0;4.0,3.0::-1000.0,0.0
-1000.0
4.0,3.0;3.0,2.0::1000.0,0.0
1000.0
3.0,2.0;4.0,4.0::-1012.5,0.0
-1012.5
4.0,4.0;3.0,2.0::992.5,0.0
992.5
