0.0,2.0;0.0,2.0::0.0,0.0
0.0
0.0,2.0;0.0,2.0::0.0,0.0
0.0
0.0,2.0;0.0,3.0::0.0,0.0
0.0
0.0,3.0;0.0,2.0::0.0,0.0
0.0
0.0,2.0;0.0,4.0::-17.5,0.0
-17.5
0.0,4.0;0.0,2.0::-2.5,0.0
-2.5
0.0,2.0;1.0,0.0::-3250.0,0.0
-3250.0
1.0,0.0;0.0,2.0::-2750.0,0.0
-2750.0
0.0,2.0;1.0,1.0::-3250.0,0.0
-3250.0
1.0,1.0;0.0,2.0::-2750.0,0.0
-2750.0
0.0,2.0;1.0,2.0::250.0,0.0
250.0
1.0,2.0;0.0,2.0::-2250.0,0.0
-2250.0
0.0,2.0;1.0,3.0::250.0,0.0
250.0
1.0,3.0;0.0,2.0::-2250.0,0.0
-2250.0
0.0,2.0;1.0,4.0::232.5,0.0
232.5
1.0,4.0;0.0,2.0::-2252.5,0.0
-2252.5
0.0,2.0;2.0,0.0::-3250.0,0.0
-3250.0
2.0,0.0;0.0,2.0::-2750.0,0.0
-2750.0
0.0,2.0;2.0,1.0::-3250.0,0.0
-3250.0
2.0,1.0;0.0,2.0::-2750.0,0.0
-2750.0
0.0,2.0;2.0,2.0::250.0,0.0
250.0
2.0,2.0;0.0,2.0::-2250.0,0.0
-2250.0
0.0,2.0;2.0,3.0::250.0,0.0
250.0
2.0,3.0;0.0,2.0::-2250.0,0.0
-2250.0
0.0,2.0;2.0,4.0::232.5,0.0
232.5
2.0,4.0;0.0,2.0::-2252.5,0.0
-2252.5
0.0,2.0;3.0,0.0::-3000.0,0.0
-3000.0
3.0,0.0;0.0,2.0::-5000.0,0.0
-5000.0
0.0,2.0;3.0,1.0::-3000.0,0.0
-3000.0
3.0,1.0;0.0,2.0::-5000.0,0.0
-5000.0
0.0,2.0;3.0,2.0::500.0,0.0
500.0
3.0,2.0;0.0,2.0::-4500.0,0.0
-4500.0
0.0,2.0;3.0,3.0::500.0,0.0
500.0
3.0,3.0;0.0,2.0::-4500.0,0.0
-4500.0
0.0,2.0;3.0,4.0::482.5,0.0
482.5
3.0,4.0;0.0,2.0::-4502.5,0.0
-4502.5
0.0,2.0;4.0,0.0::-3500.0,0.0
-3500.0
4.0,0.0;0.0,2.0::-500.0,0.0
-500.0
0.0,2.0;4.0,1.0::-3500.0,0.0
-3500.0
4.0,1.0;0.0,2.0::-500.0,0.0
-500.0
0.0,2.0;4.0,2.0::0.0,0.0
0.0
4.0,2.0;0.0,2.0::0.0,0.0
0.0
0.0,2.0;4.0,3.0::0.0,0.0
0.0
4.0,3.0;0.0,2.0::0.0,0.0
0.0
0.0,2.0;4.0,4.0::-17.5,0.0
-17.5
4.0,4.0;0.0,2.0::-2.5,0.0
-2.5
