1.0,2.0;1.0,2.0::-2000.0,0.0
-2000.0
1.0,2.0;1.0,2.0::-2000.0,0.0
-2000.0
1.0,2.0;1.0,3.0::-750.0,0.0
-750.0
1.0,3.0;1.0,2.0::-1250.0,0.0
-1250.0
1.0,2.0;1.0,4.0::-762.5,0.0
-762.5
1.0,4.0;1.0,2.0::-1257.5,0.0
-1257.5
1.0,2.0;2.0,0.0::-3250.0,0.0
-3250.0
2.0,0.0;1.0,2.0::-2750.0,0.0
-2750.0
1.0,2.0;2.0,1.0::-2000.0,0.0
-2000.0
2.0,1.0;1.0,2.0::-2000.0,0.0
-2000.0
1.0,2.0;2.0,2.0::-2000.0,0.0
-2000.0
2.0,2.0;1.0,2.0::-2000.0,0.0
-2000.0
1.0,2.0;2.0,3.0::-750.0,0.0
-750.0
2.0,3.0;1.0,2.0::-1250.0,0.0
-1250.0
1.0,2.0;2.0,4.0::-762.5,0.0
-762.5
2.0,4.0;1.0,2.0::-1257.5,0.0
-1257.5
1.0,2.0;3.0,0.0::-3000.0,0.0
-3000.0
3.0,0.0;1.0,2.0::-5000.0,0.0
-5000.0
1.0,2.0;3.0,1.0::-1750.0,0.0
-1750.0
3.0,1.0;1.0,2.0::-4250.0,0.0
-4250.0
1.0,2.0;3.0,2.0::-1750.0,0.0
-1750.0
3.0,2.0;1.0,2.0::-4250.0,0.0
-4250.0
1.0,2.0;3.0,3.0::-500.0,0.0
-500.0
3.0,3.0;1.0,2.0::-3500.0,0.0
-3500.0
1.0,2.0;3.0,4.0::-512.5,0.0
-512.5
3.0,4.0;1.0,2.0::-3507.5,0.0
-3507.5
1.0,2.0;4.0,0.0::-3500.0,0.0
-3500.0
4.0,0.0;1.0,2.0::-500.0,0.0
-500.0
1.0,2.0;4.0,1.0::-2250.0,0.0
-2250.0
4.0,1.0;1.0,2.0::250.0,0.0
250.0
1.0,2.0;4.0,2.0::-2250.0,0.0
-2250.0
4.0,2.0;1.0,2.0::250.0,0.0
250.0
1.0,2.0;4.0,3.0::-1000.0,0.0
-1000.0
4.0,3.0;1.0,2.0::1000.0,0.0
1000.0
1.0,2.0;4.0,4.0::-1012.5,0.0
-1012.5
4.0,4.0;1.0,2.0::992.5,0.0
992.5
