1.0,4.0;1.0,4.0::-20.0,0.0
-20.0
1.0,4.0;1.0,4.0::-20.0,0.0
-20.0
1.0,4.0;2.0,0.0::-3000.0,0.0
-3000.0
2.0,0.0;1.0,4.0::-5000.0,0.0
-5000.0
1.0,4.0;2.0,1.0::-1750.0,0.0
-1750.0
2.0,1.0;1.0,4.0::-4250.0,0.0
-4250.0
1.0,4.0;2.0,2.0::-1750.0,0.0
-1750.0
2.0,2.0;1.0,4.0::-4250.0,0.0
-4250.0
1.0,4.0;2.0,3.0::-500.0,0.0
-500.0
2.0,3.0;1.0,4.0::-3500.0,0.0
-3500.0
1.0,4.0;2.0,4.0::-512.5,0.0
-512.5
2.0,4.0;1.0,4.0::-3507.5,0.0
-3507.5
1.0,4.0;3.0,0.0::-2507.5,0.0
-2507.5
3.0,0.0;1.0,4.0::-1512.5,0.0
-1512.5
1.0,4.0;3.0,1.0::-1257.5,0.0
-1257.5
3.0,1.0;1.0,4.0::-762.5,0.0
-762.5
1.0,4.0;3.0,2.0::-1257.5,0.0
-1257.5
3.0,2.0;1.0,4.0::-762.5,0.0
-762.5
1.0,4.0;3.0,3.0::-7.5,0.0
-7.5
3.0,3.0;1.0,4.0::-12.5,0.0
-12.5
1.0,4.0;3.0,4.0::-20.0,0.0
-20.0
3.0,4.0;1.0,4.0::-20.0,0.0
-20.0
1.0,4.0;4.0,0.0::-3502.5,0.0
-3502.5
4.0,0.0;1.0,4.0::-517.5,0.0
-517.5
1.0,4.0;4.0,1.0::-2252.5,0.0
-2252.5
4.0,1.0;1.0,4.0::232.5,0.0
232.5
1.0,4.0;4.0,2.0::-2252.5,0.0
-2252.5
4.0,2.0;1.0,4.0::232.5,0.0
232.5
1.0,4.0;4.0,3.0::-1002.5,0.0
-1002.5
4.0,3.0;1.0,4.0::982.5,0.0
982.5
1.0,4.0;4.0,4.0::-1015.0,0.0
-1015.0
4.0,4.0;1.0,4.0::975.0,0.0
975.0
