0.0,0.0;0.0,0.0::-4000.0,0.0
-4000.0
0.0,0.0;0.0,0.0::-4000.0,0.0
-4000.0
0.0,0.0;0.0,1.0::-4000.0,0.0
-4000.0
0.0,1.0;0.0,0.0::-4000.0,0.0
-4000.0
0.0,0.0;0.0,2.0::-500.0,0.0
-500.0
0.0,2.0;0.0,0.0::-3500.0,0.0
-3500.0
0.0,0.0;0.0,3.0::-500.0,0.0
-500.0
0.0,3.0;0.0,0.0::-3500.0,0.0
-3500.0
0.0,0.0;0.0,4.0::-517.5,0.0
-517.5
0.0,4.0;0.0,0.0::-3502.5,0.0
-3502.5
0.0,0.0;1.0,0.0::-4000.0,0.0
-4000.0
1.0,0.0;0.0,0.0::-4000.0,0.0
-4000.0
0.0,0.0;1.0,1.0::-4000.0,0.0
-4000.0
1.0,1.0;0.0,0.0::-4000.0,0.0
-4000.0
0.0,0.0;1.0,2.0::-500.0,0.0
-500.0
1.0,2.0;0.0,0.0::-3500.0,0.0
-3500.0
0.0,0.0;1.0,3.0::-500.0,0.0
-500.0
1.0,3.0;0.0,0.0::-3500.0,0.0
-3500.0
0.0,0.0;1.0,4.0::-517.5,0.0
-517.5
1.0,4.0;0.0,0.0::-3502.5,0.0
-3502.5
0.0,0.0;2.0,0.0::-3000.0,0.0
-3000.0
2.0,0.0;0.0,0.0::-5000.0,0.0
-5000.0
0.0,0.0;2.0,1.0::-3000.0,0.0
-3000.0
2.0,1.0;0.0,0.0::-5000.0,0.0
-5000.0
0.0,0.0;2.0,2.0::500.0,0.0
500.0
2.0,2.0;0.0,0.0::-4500.0,0.0
-4500.0
0.0,0.0;2.0,3.0::500.0,0.0
500.0
2.0,3.0;0.0,0.0::-4500.0,0.0
-4500.0
0.0,0.0;2.0,4.0::482.5,0.0
482.5
2.0,4.0;0.0,0.0::-4502.5,0.0
-4502.5
0.0,0.0;3.0,0.0::-3000.0,0.0
-3000.0
3.0,0.0;0.0,0.0::-5000.0,0.0
-5000.0
0.0,0.0;3.0,1.0::-3000.0,0.0
-3000.0
3.0,1.0;0.0,0.0::-5000.0,0.0
-5000.0
0.0,0.0;3.0,2.0::500.0,0.0
500.0
3.0,2.0;0.0,0.0::-4500.0,0.0
-4500.0
0.0,0.0;3.0,3.0::500.0,0.0
500.0
3.0,3.0;0.0,0.0::-4500.0,0.0
-4500.0
0.0,0.0;3.0,4.0::482.5,0.0
482.5
3.0,4.0;0.0,0.0::-4502.5,0.0
-4502.5
0.0,0.0;4.0,0.0::-2515.0,0.0
-2515.0
4.0,0.0;0.0,0.0::-1525.0,0.0
-1525.0
0.0,0.0;4.0,1.0::-2515.0,0.0
-2515.0
4.0,1.0;0.0,0.0::-1525.0,0.0
-1525.0
0.0,0.0;4.0,2.0::985.0,0.0
985.0
4.0,2.0;0.0,0.0::-1025.0,0.0
-1025.0
0.0,0.0;4.0,3.0::985.0,0.0
985.0
4.0,3.0;0.0,0.0::-1025.0,0.0
-1025.0
0.0,0.0;4.0,4.0::967.5,0.0
967.5
4.0,4.0;0.0,0.0::-1027.5,0.0
-1027.5
0.0,1.0;0.0,1.0::-4000.0,0.0
-4000.0
0.0,1.0;0.0,1.0::-4000.0,0.0
-4000.0
0.0,1.0;0.0,2.0::-500.0,0.0
-500.0
0.0,2.0;0.0,1.0::-3500.0,0.0
-3500.0
0.0,1.0;0.0,3.0::-500.0,0.0
-500.0
0.0,3.0;0.0,1.0::-3500.0,0.0
-3500.0
0.0,1.0;0.0,4.0::-517.5,0.0
-517.5
0.0,4.0;0.0,1.0::-3502.5,0.0
-3502.5
0.0,1.0;1.0,0.0::-3250.0,0.0
-3250.0
1.0,0.0;0.0,1.0::-2750.0,0.0
-2750.0
0.0,1.0;1.0,1.0::-3250.0,0.0
-3250.0
1.0,1.0;0.0,1.0::-2750.0,0.0
-2750.0
0.0,1.0;1.0,2.0::250.0,0.0
250.0
1.0,2.0;0.0,1.0::-2250.0,0.0
-2250.0
0.0,1.0;1.0,3.0::250.0,0.0
250.0
1.0,3.0;0.0,1.0::-2250.0,0.0
-2250.0
0.0,1.0;1.0,4.0::232.5,0.0
232.5
1.0,4.0;0.0,1.0::-2252.5,0.0
-2252.5
0.0,1.0;2.0,0.0::-3250.0,0.0
-3250.0
2.0,0.0;0.0,1.0::-2750.0,0.0
-2750.0
0.0,1.0;2.0,1.0::-3250.0,0.0
-3250.0
2.0,1.0;0.0,1.0::-2750.0,0.0
-2750.0
0.0,1.0;2.0,2.0::250.0,0.0
250.0
2.0,2.0;0.0,1.0::-2250.0,0.0
-2250.0
0.0,1.0;2.0,3.0::250.0,0.0
250.0
2.0,3.0;0.0,1.0::-2250.0,0.0
-2250.0
0.0,1.0;2.0,4.0::232.5,0.0
232.5
2.0,4.0;0.0,1.0::-2252.5,0.0
-2252.5
0.0,1.0;3.0,0.0::-2500.0,0.0
-2500.0
3.0,0.0;0.0,1.0::-1500.0,0.0
-1500.0
0.0,1.0;3.0,1.0::-2500.0,0.0
-2500.0
3.0,1.0;0.0,1.0::-1500.0,0.0
-1500.0
0.0,1.0;3.0,2.0::1000.0,0.0
1000.0
3.0,2.0;0.0,1.0::-1000.0,0.0
-1000.0
0.0,1.0;3.0,3.0::1000.0,0.0
1000.0
3.0,3.0;0.0,1.0::-1000.0,0.0
-1000.0
0.0,1.0;3.0,4.0::982.5,0.0
982.5
3.0,4.0;0.0,1.0::-1002.5,0.0
-1002.5
0.0,1.0;4.0,0.0::-2515.0,0.0
-2515.0
4.0,0.0;0.0,1.0::-1525.0,0.0
-1525.0
0.0,1.0;4.0,1.0::-2515.0,0.0
-2515.0
4.0,1.0;0.0,1.0::-1525.0,0.0
-1525.0
0.0,1.0;4.0,2.0::985.0,0.0
985.0
4.0,2.0;0.0,1.0::-1025.0,0.0
-1025.0
0.0,1.0;4.0,3.0::985.0,0.0
985.0
4.0,3.0;0.0,1.0::-1025.0,0.0
-1025.0
0.0,1.0;4.0,4.0::967.5,0.0
967.5
4.0,4.0;0.0,1.0::-1027.5,0.0
-1027.5
0.0,2.0;0.0,2.0::0.0,0.0
0.0
0.0,2.0;0.0,2.0::0.0,0.0
0.0
0.0,2.0;0.0,3.0::0.0,0.0
0.0
0.0,3.0;0.0,2.0::0.0,0.0
0.0
0.0,2.0;0.0,4.0::-17.5,0.0
-17.5
0.0,4.0;0.0,2.0::-2.5,0.0
-2.5
0.0,2.0;1.0,0.0::-3250.0,0.0
-3250.0
1.0,0.0;0.0,2.0::-2750.0,0.0
-2750.0
0.0,2.0;1.0,1.0::-3250.0,0.0
-3250.0
1.0,1.0;0.0,2.0::-2750.0,0.0
-2750.0
0.0,2.0;1.0,2.0::250.0,0.0
250.0
1.0,2.0;0.0,2.0::-2250.0,0.0
-2250.0
0.0,2.0;1.0,3.0::250.0,0.0
250.0
1.0,3.0;0.0,2.0::-2250.0,0.0
-2250.0
0.0,2.0;1.0,4.0::232.5,0.0
232.5
1.0,4.0;0.0,2.0::-2252.5,0.0
-2252.5
0.0,2.0;2.0,0.0::-3250.0,0.0
-3250.0
2.0,0.0;0.0,2.0::-2750.0,0.0
-2750.0
0.0,2.0;2.0,1.0::-3250.0,0.0
-3250.0
2.0,1.0;0.0,2.0::-2750.0,0.0
-2750.0
0.0,2.0;2.0,2.0::250.0,0.0
250.0
2.0,2.0;0.0,2.0::-2250.0,0.0
-2250.0
0.0,2.0;2.0,3.0::250.0,0.0
250.0
2.0,3.0;0.0,2.0::-2250.0,0.0
-2250.0
0.0,2.0;2.0,4.0::232.5,0.0
232.5
2.0,4.0;0.0,2.0::-2252.5,0.0
-2252.5
0.0,2.0;3.0,0.0::-3000.0,0.0
-3000.0
3.0,0.0;0.0,2.0::-5000.0,0.0
-5000.0
0.0,2.0;3.0,1.0::-3000.0,0.0
-3000.0
3.0,1.0;0.0,2.0::-5000.0,0.0
-5000.0
0.0,2.0;3.0,2.0::500.0,0.0
500.0
3.0,2.0;0.0,2.0::-4500.0,0.0
-4500.0
0.0,2.0;3.0,3.0::500.0,0.0
500.0
3.0,3.0;0.0,2.0::-4500.0,0.0
-4500.0
0.0,2.0;3.0,4.0::482.5,0.0
482.5
3.0,4.0;0.0,2.0::-4502.5,0.0
-4502.5
0.0,2.0;4.0,0.0::-3500.0,0.0
-3500.0
4.0,0.0;0.0,2.0::-500.0,0.0
-500.0
0.0,2.0;4.0,1.0::-3500.0,0.0
-3500.0
4.0,1.0;0.0,2.0::-500.0,0.0
-500.0
0.0,2.0;4.0,2.0::0.0,0.0
0.0
4.0,2.0;0.0,2.0::0.0,0.0
0.0
0.0,2.0;4.0,3.0::0.0,0.0
0.0
4.0,3.0;0.0,2.0::0.0,0.0
0.0
0.0,2.0;4.0,4.0::-17.5,0.0
-17.5
4.0,4.0;0.0,2.0::-2.5,0.0
-2.5
0.0,3.0;0.0,3.0::0.0,0.0
0.0
0.0,3.0;0.0,3.0::0.0,0.0
0.0
0.0,3.0;0.0,4.0::-17.5,0.0
-17.5
0.0,4.0;0.0,3.0::-2.5,0.0
-2.5
0.0,3.0;1.0,0.0::-2500.0,0.0
-2500.0
1.0,0.0;0.0,3.0::-1500.0,0.0
-1500.0
0.0,3.0;1.0,1.0::-2500.0,0.0
-2500.0
1.0,1.0;0.0,3.0::-1500.0,0.0
-1500.0
0.0,3.0;1.0,2.0::1000.0,0.0
1000.0
1.0,2.0;0.0,3.0::-1000.0,0.0
-1000.0
0.0,3.0;1.0,3.0::1000.0,0.0
1000.0
1.0,3.0;0.0,3.0::-1000.0,0.0
-1000.0
0.0,3.0;1.0,4.0::982.5,0.0
982.5
1.0,4.0;0.0,3.0::-1002.5,0.0
-1002.5
0.0,3.0;2.0,0.0::-3500.0,0.0
-3500.0
2.0,0.0;0.0,3.0::-500.0,0.0
-500.0
0.0,3.0;2.0,1.0::-3500.0,0.0
-3500.0
2.0,1.0;0.0,3.0::-500.0,0.0
-500.0
0.0,3.0;2.0,2.0::0.0,0.0
0.0
2.0,2.0;0.0,3.0::0.0,0.0
0.0
0.0,3.0;2.0,3.0::0.0,0.0
0.0
2.0,3.0;0.0,3.0::0.0,0.0
0.0
0.0,3.0;2.0,4.0::-17.5,0.0
-17.5
2.0,4.0;0.0,3.0::-2.5,0.0
-2.5
0.0,3.0;3.0,0.0::-2500.0,0.0
-2500.0
3.0,0.0;0.0,3.0::-1500.0,0.0
-1500.0
0.0,3.0;3.0,1.0::-2500.0,0.0
-2500.0
3.0,1.0;0.0,3.0::-1500.0,0.0
-1500.0
0.0,3.0;3.0,2.0::1000.0,0.0
1000.0
3.0,2.0;0.0,3.0::-1000.0,0.0
-1000.0
0.0,3.0;3.0,3.0::1000.0,0.0
1000.0
3.0,3.0;0.0,3.0::-1000.0,0.0
-1000.0
0.0,3.0;3.0,4.0::982.5,0.0
982.5
3.0,4.0;0.0,3.0::-1002.5,0.0
-1002.5
0.0,3.0;4.0,0.0::-3500.0,0.0
-3500.0
4.0,0.0;0.0,3.0::-500.0,0.0
-500.0
0.0,3.0;4.0,1.0::-3500.0,0.0
-3500.0
4.0,1.0;0.0,3.0::-500.0,0.0
-500.0
0.0,3.0;4.0,2.0::0.0,0.0
0.0
4.0,2.0;0.0,3.0::0.0,0.0
0.0
0.0,3.0;4.0,3.0::0.0,0.0
0.0
4.0,3.0;0.0,3.0::0.0,0.0
0.0
0.0,3.0;4.0,4.0::-17.5,0.0
-17.5
4.0,4.0;0.0,3.0::-2.5,0.0
-2.5
0.0,4.0;0.0,4.0::-20.0,0.0
-20.0
0.0,4.0;0.0,4.0::-20.0,0.0
-20.0
0.0,4.0;1.0,0.0::-2507.5,0.0
-2507.5
1.0,0.0;0.0,4.0::-1512.5,0.0
-1512.5
0.0,4.0;1.0,1.0::-2507.5,0.0
-2507.5
1.0,1.0;0.0,4.0::-1512.5,0.0
-1512.5
0.0,4.0;1.0,2.0::992.5,0.0
992.5
1.0,2.0;0.0,4.0::-1012.5,0.0
-1012.5
0.0,4.0;1.0,3.0::992.5,0.0
992.5
1.0,3.0;0.0,4.0::-1012.5,0.0
-1012.5
0.0,4.0;1.0,4.0::975.0,0.0
975.0
1.0,4.0;0.0,4.0::-1015.0,0.0
-1015.0
0.0,4.0;2.0,0.0::-3000.0,0.0
-3000.0
2.0,0.0;0.0,4.0::-5000.0,0.0
-5000.0
0.0,4.0;2.0,1.0::-3000.0,0.0
-3000.0
2.0,1.0;0.0,4.0::-5000.0,0.0
-5000.0
0.0,4.0;2.0,2.0::500.0,0.0
500.0
2.0,2.0;0.0,4.0::-4500.0,0.0
-4500.0
0.0,4.0;2.0,3.0::500.0,0.0
500.0
2.0,3.0;0.0,4.0::-4500.0,0.0
-4500.0
0.0,4.0;2.0,4.0::482.5,0.0
482.5
2.0,4.0;0.0,4.0::-4502.5,0.0
-4502.5
0.0,4.0;3.0,0.0::-2507.5,0.0
-2507.5
3.0,0.0;0.0,4.0::-1512.5,0.0
-1512.5
0.0,4.0;3.0,1.0::-2507.5,0.0
-2507.5
3.0,1.0;0.0,4.0::-1512.5,0.0
-1512.5
0.0,4.0;3.0,2.0::992.5,0.0
992.5
3.0,2.0;0.0,4.0::-1012.5,0.0
-1012.5
0.0,4.0;3.0,3.0::992.5,0.0
992.5
3.0,3.0;0.0,4.0::-1012.5,0.0
-1012.5
0.0,4.0;3.0,4.0::975.0,0.0
975.0
3.0,4.0;0.0,4.0::-1015.0,0.0
-1015.0
0.0,4.0;4.0,0.0::-3502.5,0.0
-3502.5
4.0,0.0;0.0,4.0::-517.5,0.0
-517.5
0.0,4.0;4.0,1.0::-3502.5,0.0
-3502.5
4.0,1.0;0.0,4.0::-517.5,0.0
-517.5
0.0,4.0;4.0,2.0::-2.5,0.0
-2.5
4.0,2.0;0.0,4.0::-17.5,0.0
-17.5
0.0,4.0;4.0,3.0::-2.5,0.0
-2.5
4.0,3.0;0.0,4.0::-17.5,0.0
-17.5
0.0,4.0;4.0,4.0::-20.0,0.0
-20.0
4.0,4.0;0.0,4.0::-20.0,0.0
-20.0
1.0,0.0;1.0,0.0::-4000.0,0.0
-4000.0
1.0,0.0;1.0,0.0::-4000.0,0.0
-4000.0
1.0,0.0;1.0,1.0::-2750.0,0.0
-2750.0
1.0,1.0;1.0,0.0::-3250.0,0.0
-3250.0
1.0,0.0;1.0,2.0::-2750.0,0.0
-2750.0
1.0,2.0;1.0,0.0::-3250.0,0.0
-3250.0
1.0,0.0;1.0,3.0::-1500.0,0.0
-1500.0
1.0,3.0;1.0,0.0::-2500.0,0.0
-2500.0
1.0,0.0;1.0,4.0::-1512.5,0.0
-1512.5
1.0,4.0;1.0,0.0::-2507.5,0.0
-2507.5
1.0,0.0;2.0,0.0::-3000.0,0.0
-3000.0
2.0,0.0;1.0,0.0::-5000.0,0.0
-5000.0
1.0,0.0;2.0,1.0::-1750.0,0.0
-1750.0
2.0,1.0;1.0,0.0::-4250.0,0.0
-4250.0
1.0,0.0;2.0,2.0::-1750.0,0.0
-1750.0
2.0,2.0;1.0,0.0::-4250.0,0.0
-4250.0
1.0,0.0;2.0,3.0::-500.0,0.0
-500.0
2.0,3.0;1.0,0.0::-3500.0,0.0
-3500.0
1.0,0.0;2.0,4.0::-512.5,0.0
-512.5
2.0,4.0;1.0,0.0::-3507.5,0.0
-3507.5
1.0,0.0;3.0,0.0::-3000.0,0.0
-3000.0
3.0,0.0;1.0,0.0::-5000.0,0.0
-5000.0
1.0,0.0;3.0,1.0::-1750.0,0.0
-1750.0
3.0,1.0;1.0,0.0::-4250.0,0.0
-4250.0
1.0,0.0;3.0,2.0::-1750.0,0.0
-1750.0
3.0,2.0;1.0,0.0::-4250.0,0.0
-4250.0
1.0,0.0;3.0,3.0::-500.0,0.0
-500.0
3.0,3.0;1.0,0.0::-3500.0,0.0
-3500.0
1.0,0.0;3.0,4.0::-512.5,0.0
-512.5
3.0,4.0;1.0,0.0::-3507.5,0.0
-3507.5
1.0,0.0;4.0,0.0::-2515.0,0.0
-2515.0
4.0,0.0;1.0,0.0::-1525.0,0.0
-1525.0
1.0,0.0;4.0,1.0::-1265.0,0.0
-1265.0
4.0,1.0;1.0,0.0::-775.0,0.0
-775.0
1.0,0.0;4.0,2.0::-1265.0,0.0
-1265.0
4.0,2.0;1.0,0.0::-775.0,0.0
-775.0
1.0,0.0;4.0,3.0::-15.0,0.0
-15.0
4.0,3.0;1.0,0.0::-25.0,0.0
-25.0
1.0,0.0;4.0,4.0::-27.5,0.0
-27.5
4.0,4.0;1.0,0.0::-32.5,0.0
-32.5
1.0,1.0;1.0,1.0::-2000.0,0.0
-2000.0
1.0,1.0;1.0,1.0::-2000.0,0.0
-2000.0
1.0,1.0;1.0,2.0::-2000.0,0.0
-2000.0
1.0,2.0;1.0,1.0::-2000.0,0.0
-2000.0
1.0,1.0;1.0,3.0::-750.0,0.0
-750.0
1.0,3.0;1.0,1.0::-1250.0,0.0
-1250.0
1.0,1.0;1.0,4.0::-762.5,0.0
-762.5
1.0,4.0;1.0,1.0::-1257.5,0.0
-1257.5
1.0,1.0;2.0,0.0::-3250.0,0.0
-3250.0
2.0,0.0;1.0,1.0::-2750.0,0.0
-2750.0
1.0,1.0;2.0,1.0::-2000.0,0.0
-2000.0
2.0,1.0;1.0,1.0::-2000.0,0.0
-2000.0
1.0,1.0;2.0,2.0::-2000.0,0.0
-2000.0
2.0,2.0;1.0,1.0::-2000.0,0.0
-2000.0
1.0,1.0;2.0,3.0::-750.0,0.0
-750.0
2.0,3.0;1.0,1.0::-1250.0,0.0
-1250.0
1.0,1.0;2.0,4.0::-762.5,0.0
-762.5
2.0,4.0;1.0,1.0::-1257.5,0.0
-1257.5
1.0,1.0;3.0,0.0::-2500.0,0.0
-2500.0
3.0,0.0;1.0,1.0::-1500.0,0.0
-1500.0
1.0,1.0;3.0,1.0::-1250.0,0.0
-1250.0
3.0,1.0;1.0,1.0::-750.0,0.0
-750.0
1.0,1.0;3.0,2.0::-1250.0,0.0
-1250.0
3.0,2.0;1.0,1.0::-750.0,0.0
-750.0
1.0,1.0;3.0,3.0::0.0,0.0
0.0
3.0,3.0;1.0,1.0::0.0,0.0
0.0
1.0,1.0;3.0,4.0::-12.5,0.0
-12.5
3.0,4.0;1.0,1.0::-7.5,0.0
-7.5
1.0,1.0;4.0,0.0::-2515.0,0.0
-2515.0
4.0,0.0;1.0,1.0::-1525.0,0.0
-1525.0
1.0,1.0;4.0,1.0::-1265.0,0.0
-1265.0
4.0,1.0;1.0,1.0::-775.0,0.0
-775.0
1.0,1.0;4.0,2.0::-1265.0,0.0
-1265.0
4.0,2.0;1.0,1.0::-775.0,0.0
-775.0
1.0,1.0;4.0,3.0::-15.0,0.0
-15.0
4.0,3.0;1.0,1.0::-25.0,0.0
-25.0
1.0,1.0;4.0,4.0::-27.5,0.0
-27.5
4.0,4.0;1.0,1.0::-32.5,0.0
-32.5
1.0,2.0;1.0,2.0::-2000.0,0.0
-2000.0
1.0,2.0;1.0,2.0::-2000.0,0.0
-2000.0
1.0,2.0;1.0,3.0::-750.0,0.0
-750.0
1.0,3.0;1.0,2.0::-1250.0,0.0
-1250.0
1.0,2.0;1.0,4.0::-762.5,0.0
-762.5
1.0,4.0;1.0,2.0::-1257.5,0.0
-1257.5
1.0,2.0;2.0,0.0::-3250.0,0.0
-3250.0
2.0,0.0;1.0,2.0::-2750.0,0.0
-2750.0
1.0,2.0;2.0,1.0::-2000.0,0.0
-2000.0
2.0,1.0;1.0,2.0::-2000.0,0.0
-2000.0
1.0,2.0;2.0,2.0::-2000.0,0.0
-2000.0
2.0,2.0;1.0,2.0::-2000.0,0.0
-2000.0
1.0,2.0;2.0,3.0::-750.0,0.0
-750.0
2.0,3.0;1.0,2.0::-1250.0,0.0
-1250.0
1.0,2.0;2.0,4.0::-762.5,0.0
-762.5
2.0,4.0;1.0,2.0::-1257.5,0.0
-1257.5
1.0,2.0;3.0,0.0::-3000.0,0.0
-3000.0
3.0,0.0;1.0,2.0::-5000.0,0.0
-5000.0
1.0,2.0;3.0,1.0::-1750.0,0.0
-1750.0
3.0,1.0;1.0,2.0::-4250.0,0.0
-4250.0
1.0,2.0;3.0,2.0::-1750.0,0.0
-1750.0
3.0,2.0;1.0,2.0::-4250.0,0.0
-4250.0
1.0,2.0;3.0,3.0::-500.0,0.0
-500.0
3.0,3.0;1.0,2.0::-3500.0,0.0
-3500.0
1.0,2.0;3.0,4.0::-512.5,0.0
-512.5
3.0,4.0;1.0,2.0::-3507.5,0.0
-3507.5
1.0,2.0;4.0,0.0::-3500.0,0.0
-3500.0
4.0,0.0;1.0,2.0::-500.0,0.0
-500.0
1.0,2.0;4.0,1.0::-2250.0,0.0
-2250.0
4.0,1.0;1.0,2.0::250.0,0.0
250.0
1.0,2.0;4.0,2.0::-2250.0,0.0
-2250.0
4.0,2.0;1.0,2.0::250.0,0.0
250.0
1.0,2.0;4.0,3.0::-1000.0,0.0
-1000.0
4.0,3.0;1.0,2.0::1000.0,0.0
1000.0
1.0,2.0;4.0,4.0::-1012.5,0.0
-1012.5
4.0,4.0;1.0,2.0::992.5,0.0
992.5
1.0,3.0;1.0,3.0::0.0,0.0
0.0
1.0,3.0;1.0,3.0::0.0,0.0
0.0
1.0,3.0;1.0,4.0::-12.5,0.0
-12.5
1.0,4.0;1.0,3.0::-7.5,0.0
-7.5
1.0,3.0;2.0,0.0::-3500.0,0.0
-3500.0
2.0,0.0;1.0,3.0::-500.0,0.0
-500.0
1.0,3.0;2.0,1.0::-2250.0,0.0
-2250.0
2.0,1.0;1.0,3.0::250.0,0.0
250.0
1.0,3.0;2.0,2.0::-2250.0,0.0
-2250.0
2.0,2.0;1.0,3.0::250.0,0.0
250.0
1.0,3.0;2.0,3.0::-1000.0,0.0
-1000.0
2.0,3.0;1.0,3.0::1000.0,0.0
1000.0
1.0,3.0;2.0,4.0::-1012.5,0.0
-1012.5
2.0,4.0;1.0,3.0::992.5,0.0
992.5
1.0,3.0;3.0,0.0::-2500.0,0.0
-2500.0
3.0,0.0;1.0,3.0::-1500.0,0.0
-1500.0
1.0,3.0;3.0,1.0::-1250.0,0.0
-1250.0
3.0,1.0;1.0,3.0::-750.0,0.0
-750.0
1.0,3.0;3.0,2.0::-1250.0,0.0
-1250.0
3.0,2.0;1.0,3.0::-750.0,0.0
-750.0
1.0,3.0;3.0,3.0::0.0,0.0
0.0
3.0,3.0;1.0,3.0::0.0,0.0
0.0
1.0,3.0;3.0,4.0::-12.5,0.0
-12.5
3.0,4.0;1.0,3.0::-7.5,0.0
-7.5
1.0,3.0;4.0,0.0::-3500.0,0.0
-3500.0
4.0,0.0;1.0,3.0::-500.0,0.0
-500.0
1.0,3.0;4.0,1.0::-2250.0,0.0
-2250.0
4.0,1.0;1.0,3.0::250.0,0.0
250.0
1.0,3.0;4.0,2.0::-2250.0,0.0
-2250.0
4.0,2.0;1.0,3.0::250.0,0.0
250.0
1.0,3.0;4.0,3.0::-1000.0,0.0
-1000.0
4.0,3.0;1.0,3.0::1000.0,0.0
1000.0
1.0,3.0;4.0,4.0::-1012.5,0.0
-1012.5
4.0,4.0;1.0,3.0::992.5,0.0
992.5
1.0,4.0;1.0,4.0::-20.0,0.0
-20.0
1.0,4.0;1.0,4.0::-20.0,0.0
-20.0
1.0,4.0;2.0,0.0::-3000.0,0.0
-3000.0
2.0,0.0;1.0,4.0::-5000.0,0.0
-5000.0
1.0,4.0;2.0,1.0::-1750.0,0.0
-1750.0
2.0,1.0;1.0,4.0::-4250.0,0.0
-4250.0
1.0,4.0;2.0,2.0::-1750.0,0.0
-1750.0
2.0,2.0;1.0,4.0::-4250.0,0.0
-4250.0
1.0,4.0;2.0,3.0::-500.0,0.0
-500.0
2.0,3.0;1.0,4.0::-3500.0,0.0
-3500.0
1.0,4.0;2.0,4.0::-512.5,0.0
-512.5
2.0,4.0;1.0,4.0::-3507.5,0.0
-3507.5
1.0,4.0;3.0,0.0::-2507.5,0.0
-2507.5
3.0,0.0;1.0,4.0::-1512.5,0.0
-1512.5
1.0,4.0;3.0,1.0::-1257.5,0.0
-1257.5
3.0,1.0;1.0,4.0::-762.5,0.0
-762.5
1.0,4.0;3.0,2.0::-1257.5,0.0
-1257.5
3.0,2.0;1.0,4.0::-762.5,0.0
-762.5
1.0,4.0;3.0,3.0::-7.5,0.0
-7.5
3.0,3.0;1.0,4.0::-12.5,0.0
-12.5
1.0,4.0;3.0,4.0::-20.0,0.0
-20.0
3.0,4.0;1.0,4.0::-20.0,0.0
-20.0
1.0,4.0;4.0,0.0::-3502.5,0.0
-3502.5
4.0,0.0;1.0,4.0::-517.5,0.0
-517.5
1.0,4.0;4.0,1.0::-2252.5,0.0
-2252.5
4.0,1.0;1.0,4.0::232.5,0.0
232.5
1.0,4.0;4.0,2.0::-2252.5,0.0
-2252.5
4.0,2.0;1.0,4.0::232.5,0.0
232.5
1.0,4.0;4.0,3.0::-1002.5,0.0
-1002.5
4.0,3.0;1.0,4.0::982.5,0.0
982.5
1.0,4.0;4.0,4.0::-1015.0,0.0
-1015.0
4.0,4.0;1.0,4.0::975.0,0.0
975.0
2.0,0.0;2.0,0.0::-4000.0,0.0
-4000.0
2.0,0.0;2.0,0.0::-4000.0,0.0
-4000.0
2.0,0.0;2.0,1.0::-1750.0,0.0
-1750.0
2.0,1.0;2.0,0.0::-4250.0,0.0
-4250.0
2.0,0.0;2.0,2.0::-1750.0,0.0
-1750.0
2.0,2.0;2.0,0.0::-4250.0,0.0
-4250.0
2.0,0.0;2.0,3.0::500.0,0.0
500.0
2.0,3.0;2.0,0.0::-4500.0,0.0
-4500.0
2.0,0.0;2.0,4.0::-4000.0,0.0
-4000.0
2.0,4.0;2.0,0.0::-4000.0,0.0
-4000.0
2.0,0.0;3.0,0.0::-4000.0,0.0
-4000.0
3.0,0.0;2.0,0.0::-4000.0,0.0
-4000.0
2.0,0.0;3.0,1.0::-1750.0,0.0
-1750.0
3.0,1.0;2.0,0.0::-4250.0,0.0
-4250.0
2.0,0.0;3.0,2.0::-1750.0,0.0
-1750.0
3.0,2.0;2.0,0.0::-4250.0,0.0
-4250.0
2.0,0.0;3.0,3.0::500.0,0.0
500.0
3.0,3.0;2.0,0.0::-4500.0,0.0
-4500.0
2.0,0.0;3.0,4.0::-4000.0,0.0
-4000.0
3.0,4.0;2.0,0.0::-4000.0,0.0
-4000.0
2.0,0.0;4.0,0.0::-3515.0,0.0
-3515.0
4.0,0.0;2.0,0.0::-525.0,0.0
-525.0
2.0,0.0;4.0,1.0::-1265.0,0.0
-1265.0
4.0,1.0;2.0,0.0::-775.0,0.0
-775.0
2.0,0.0;4.0,2.0::-1265.0,0.0
-1265.0
4.0,2.0;2.0,0.0::-775.0,0.0
-775.0
2.0,0.0;4.0,3.0::985.0,0.0
985.0
4.0,3.0;2.0,0.0::-1025.0,0.0
-1025.0
2.0,0.0;4.0,4.0::-3515.0,0.0
-3515.0
4.0,4.0;2.0,0.0::-525.0,0.0
-525.0
2.0,1.0;2.0,1.0::-2000.0,0.0
-2000.0
2.0,1.0;2.0,1.0::-2000.0,0.0
-2000.0
2.0,1.0;2.0,2.0::-2000.0,0.0
-2000.0
2.0,2.0;2.0,1.0::-2000.0,0.0
-2000.0
2.0,1.0;2.0,3.0::250.0,0.0
250.0
2.0,3.0;2.0,1.0::-2250.0,0.0
-2250.0
2.0,1.0;2.0,4.0::-4250.0,0.0
-4250.0
2.0,4.0;2.0,1.0::-1750.0,0.0
-1750.0
2.0,1.0;3.0,0.0::-3500.0,0.0
-3500.0
3.0,0.0;2.0,1.0::-500.0,0.0
-500.0
2.0,1.0;3.0,1.0::-1250.0,0.0
-1250.0
3.0,1.0;2.0,1.0::-750.0,0.0
-750.0
2.0,1.0;3.0,2.0::-1250.0,0.0
-1250.0
3.0,2.0;2.0,1.0::-750.0,0.0
-750.0
2.0,1.0;3.0,3.0::1000.0,0.0
1000.0
3.0,3.0;2.0,1.0::-1000.0,0.0
-1000.0
2.0,1.0;3.0,4.0::-3500.0,0.0
-3500.0
3.0,4.0;2.0,1.0::-500.0,0.0
-500.0
2.0,1.0;4.0,0.0::-3515.0,0.0
-3515.0
4.0,0.0;2.0,1.0::-525.0,0.0
-525.0
2.0,1.0;4.0,1.0::-1265.0,0.0
-1265.0
4.0,1.0;2.0,1.0::-775.0,0.0
-775.0
2.0,1.0;4.0,2.0::-1265.0,0.0
-1265.0
4.0,2.0;2.0,1.0::-775.0,0.0
-775.0
2.0,1.0;4.0,3.0::985.0,0.0
985.0
4.0,3.0;2.0,1.0::-1025.0,0.0
-1025.0
2.0,1.0;4.0,4.0::-3515.0,0.0
-3515.0
4.0,4.0;2.0,1.0::-525.0,0.0
-525.0
2.0,2.0;2.0,2.0::-2000.0,0.0
-2000.0
2.0,2.0;2.0,2.0::-2000.0,0.0
-2000.0
2.0,2.0;2.0,3.0::250.0,0.0
250.0
2.0,3.0;2.0,2.0::-2250.0,0.0
-2250.0
2.0,2.0;2.0,4.0::-4250.0,0.0
-4250.0
2.0,4.0;2.0,2.0::-1750.0,0.0
-1750.0
2.0,2.0;3.0,0.0::-4000.0,0.0
-4000.0
3.0,0.0;2.0,2.0::-4000.0,0.0
-4000.0
2.0,2.0;3.0,1.0::-1750.0,0.0
-1750.0
3.0,1.0;2.0,2.0::-4250.0,0.0
-4250.0
2.0,2.0;3.0,2.0::-1750.0,0.0
-1750.0
3.0,2.0;2.0,2.0::-4250.0,0.0
-4250.0
2.0,2.0;3.0,3.0::500.0,0.0
500.0
3.0,3.0;2.0,2.0::-4500.0,0.0
-4500.0
2.0,2.0;3.0,4.0::-4000.0,0.0
-4000.0
3.0,4.0;2.0,2.0::-4000.0,0.0
-4000.0
2.0,2.0;4.0,0.0::-4500.0,0.0
-4500.0
4.0,0.0;2.0,2.0::500.0,0.0
500.0
2.0,2.0;4.0,1.0::-2250.0,0.0
-2250.0
4.0,1.0;2.0,2.0::250.0,0.0
250.0
2.0,2.0;4.0,2.0::-2250.0,0.0
-2250.0
4.0,2.0;2.0,2.0::250.0,0.0
250.0
2.0,2.0;4.0,3.0::0.0,0.0
0.0
4.0,3.0;2.0,2.0::0.0,0.0
0.0
2.0,2.0;4.0,4.0::-4500.0,0.0
-4500.0
4.0,4.0;2.0,2.0::500.0,0.0
500.0
2.0,3.0;2.0,3.0::0.0,0.0
0.0
2.0,3.0;2.0,3.0::0.0,0.0
0.0
2.0,3.0;2.0,4.0::-4500.0,0.0
-4500.0
2.0,4.0;2.0,3.0::500.0,0.0
500.0
2.0,3.0;3.0,0.0::-3500.0,0.0
-3500.0
3.0,0.0;2.0,3.0::-500.0,0.0
-500.0
2.0,3.0;3.0,1.0::-1250.0,0.0
-1250.0
3.0,1.0;2.0,3.0::-750.0,0.0
-750.0
2.0,3.0;3.0,2.0::-1250.0,0.0
-1250.0
3.0,2.0;2.0,3.0::-750.0,0.0
-750.0
2.0,3.0;3.0,3.0::1000.0,0.0
1000.0
3.0,3.0;2.0,3.0::-1000.0,0.0
-1000.0
2.0,3.0;3.0,4.0::-3500.0,0.0
-3500.0
3.0,4.0;2.0,3.0::-500.0,0.0
-500.0
2.0,3.0;4.0,0.0::-4500.0,0.0
-4500.0
4.0,0.0;2.0,3.0::500.0,0.0
500.0
2.0,3.0;4.0,1.0::-2250.0,0.0
-2250.0
4.0,1.0;2.0,3.0::250.0,0.0
250.0
2.0,3.0;4.0,2.0::-2250.0,0.0
-2250.0
4.0,2.0;2.0,3.0::250.0,0.0
250.0
2.0,3.0;4.0,3.0::0.0,0.0
0.0
4.0,3.0;2.0,3.0::0.0,0.0
0.0
2.0,3.0;4.0,4.0::-4500.0,0.0
-4500.0
4.0,4.0;2.0,3.0::500.0,0.0
500.0
2.0,4.0;2.0,4.0::-4000.0,0.0
-4000.0
2.0,4.0;2.0,4.0::-4000.0,0.0
-4000.0
2.0,4.0;3.0,0.0::-3507.5,0.0
-3507.5
3.0,0.0;2.0,4.0::-512.5,0.0
-512.5
2.0,4.0;3.0,1.0::-1257.5,0.0
-1257.5
3.0,1.0;2.0,4.0::-762.5,0.0
-762.5
2.0,4.0;3.0,2.0::-1257.5,0.0
-1257.5
3.0,2.0;2.0,4.0::-762.5,0.0
-762.5
2.0,4.0;3.0,3.0::992.5,0.0
992.5
3.0,3.0;2.0,4.0::-1012.5,0.0
-1012.5
2.0,4.0;3.0,4.0::-3507.5,0.0
-3507.5
3.0,4.0;2.0,4.0::-512.5,0.0
-512.5
2.0,4.0;4.0,0.0::-4502.5,0.0
-4502.5
4.0,0.0;2.0,4.0::482.5,0.0
482.5
2.0,4.0;4.0,1.0::-2252.5,0.0
-2252.5
4.0,1.0;2.0,4.0::232.5,0.0
232.5
2.0,4.0;4.0,2.0::-2252.5,0.0
-2252.5
4.0,2.0;2.0,4.0::232.5,0.0
232.5
2.0,4.0;4.0,3.0::-2.5,0.0
-2.5
4.0,3.0;2.0,4.0::-17.5,0.0
-17.5
2.0,4.0;4.0,4.0::-4502.5,0.0
-4502.5
4.0,4.0;2.0,4.0::482.5,0.0
482.5
3.0,0.0;3.0,0.0::-4000.0,0.0
-4000.0
3.0,0.0;3.0,0.0::-4000.0,0.0
-4000.0
3.0,0.0;3.0,1.0::-500.0,0.0
-500.0
3.0,1.0;3.0,0.0::-3500.0,0.0
-3500.0
3.0,0.0;3.0,2.0::-4000.0,0.0
-4000.0
3.0,2.0;3.0,0.0::-4000.0,0.0
-4000.0
3.0,0.0;3.0,3.0::-500.0,0.0
-500.0
3.0,3.0;3.0,0.0::-3500.0,0.0
-3500.0
3.0,0.0;3.0,4.0::-512.5,0.0
-512.5
3.0,4.0;3.0,0.0::-3507.5,0.0
-3507.5
3.0,0.0;4.0,0.0::-3515.0,0.0
-3515.0
4.0,0.0;3.0,0.0::-525.0,0.0
-525.0
3.0,0.0;4.0,1.0::-15.0,0.0
-15.0
4.0,1.0;3.0,0.0::-25.0,0.0
-25.0
3.0,0.0;4.0,2.0::-3515.0,0.0
-3515.0
4.0,2.0;3.0,0.0::-525.0,0.0
-525.0
3.0,0.0;4.0,3.0::-15.0,0.0
-15.0
4.0,3.0;3.0,0.0::-25.0,0.0
-25.0
3.0,0.0;4.0,4.0::-27.5,0.0
-27.5
4.0,4.0;3.0,0.0::-32.5,0.0
-32.5
3.0,1.0;3.0,1.0::0.0,0.0
0.0
3.0,1.0;3.0,1.0::0.0,0.0
0.0
3.0,1.0;3.0,2.0::-3500.0,0.0
-3500.0
3.0,2.0;3.0,1.0::-500.0,0.0
-500.0
3.0,1.0;3.0,3.0::0.0,0.0
0.0
3.0,3.0;3.0,1.0::0.0,0.0
0.0
3.0,1.0;3.0,4.0::-12.5,0.0
-12.5
3.0,4.0;3.0,1.0::-7.5,0.0
-7.5
3.0,1.0;4.0,0.0::-3515.0,0.0
-3515.0
4.0,0.0;3.0,1.0::-525.0,0.0
-525.0
3.0,1.0;4.0,1.0::-15.0,0.0
-15.0
4.0,1.0;3.0,1.0::-25.0,0.0
-25.0
3.0,1.0;4.0,2.0::-3515.0,0.0
-3515.0
4.0,2.0;3.0,1.0::-525.0,0.0
-525.0
3.0,1.0;4.0,3.0::-15.0,0.0
-15.0
4.0,3.0;3.0,1.0::-25.0,0.0
-25.0
3.0,1.0;4.0,4.0::-27.5,0.0
-27.5
4.0,4.0;3.0,1.0::-32.5,0.0
-32.5
3.0,2.0;3.0,2.0::-4000.0,0.0
-4000.0
3.0,2.0;3.0,2.0::-4000.0,0.0
-4000.0
3.0,2.0;3.0,3.0::-500.0,0.0
-500.0
3.0,3.0;3.0,2.0::-3500.0,0.0
-3500.0
3.0,2.0;3.0,4.0::-512.5,0.0
-512.5
3.0,4.0;3.0,2.0::-3507.5,0.0
-3507.5
3.0,2.0;4.0,0.0::-4500.0,0.0
-4500.0
4.0,0.0;3.0,2.0::500.0,0.0
500.0
3.0,2.0;4.0,1.0::-1000.0,0.0
-1000.0
4.0,1.0;3.0,2.0::1000.0,0.0
1000.0
3.0,2.0;4.0,2.0::-4500.0,0.0
-4500.0
4.0,2.0;3.0,2.0::500.0,0.0
500.0
3.0,2.0;4.0,3.0::-1000.0,0.0
-1000.0
4.0,3.0;3.0,2.0::1000.0,0.0
1000.0
3.0,2.0;4.0,4.0::-1012.5,0.0
-1012.5
4.0,4.0;3.0,2.0::992.5,0.0
992.5
3.0,3.0;3.0,3.0::0.0,0.0
0.0
3.0,3.0;3.0,3.0::0.0,0.0
0.0
3.0,3.0;3.0,4.0::-12.5,0.0
-12.5
3.0,4.0;3.0,3.0::-7.5,0.0
-7.5
3.0,3.0;4.0,0.0::-4500.0,0.0
-4500.0
4.0,0.0;3.0,3.0::500.0,0.0
500.0
3.0,3.0;4.0,1.0::-1000.0,0.0
-1000.0
4.0,1.0;3.0,3.0::1000.0,0.0
1000.0
3.0,3.0;4.0,2.0::-4500.0,0.0
-4500.0
4.0,2.0;3.0,3.0::500.0,0.0
500.0
3.0,3.0;4.0,3.0::-1000.0,0.0
-1000.0
4.0,3.0;3.0,3.0::1000.0,0.0
1000.0
3.0,3.0;4.0,4.0::-1012.5,0.0
-1012.5
4.0,4.0;3.0,3.0::992.5,0.0
992.5
3.0,4.0;3.0,4.0::-20.0,0.0
-20.0
3.0,4.0;3.0,4.0::-20.0,0.0
-20.0
3.0,4.0;4.0,0.0::-4502.5,0.0
-4502.5
4.0,0.0;3.0,4.0::482.5,0.0
482.5
3.0,4.0;4.0,1.0::-1002.5,0.0
-1002.5
4.0,1.0;3.0,4.0::982.5,0.0
982.5
3.0,4.0;4.0,2.0::-4502.5,0.0
-4502.5
4.0,2.0;3.0,4.0::482.5,0.0
482.5
3.0,4.0;4.0,3.0::-1002.5,0.0
-1002.5
4.0,3.0;3.0,4.0::982.5,0.0
982.5
3.0,4.0;4.0,4.0::-1015.0,0.0
-1015.0
4.0,4.0;3.0,4.0::975.0,0.0
975.0
4.0,0.0;4.0,0.0::-40.0,0.0
-40.0
4.0,0.0;4.0,0.0::-40.0,0.0
-40.0
4.0,0.0;4.0,1.0::-40.0,0.0
-40.0
4.0,1.0;4.0,0.0::-40.0,0.0
-40.0
4.0,0.0;4.0,2.0::985.0,0.0
985.0
4.0,2.0;4.0,0.0::-1025.0,0.0
-1025.0
4.0,0.0;4.0,3.0::985.0,0.0
985.0
4.0,3.0;4.0,0.0::-1025.0,0.0
-1025.0
4.0,0.0;4.0,4.0::967.5,0.0
967.5
4.0,4.0;4.0,0.0::-1027.5,0.0
-1027.5
4.0,1.0;4.0,1.0::-40.0,0.0
-40.0
4.0,1.0;4.0,1.0::-40.0,0.0
-40.0
4.0,1.0;4.0,2.0::985.0,0.0
985.0
4.0,2.0;4.0,1.0::-1025.0,0.0
-1025.0
4.0,1.0;4.0,3.0::985.0,0.0
985.0
4.0,3.0;4.0,1.0::-1025.0,0.0
-1025.0
4.0,1.0;4.0,4.0::967.5,0.0
967.5
4.0,4.0;4.0,1.0::-1027.5,0.0
-1027.5
4.0,2.0;4.0,2.0::0.0,0.0
0.0
4.0,2.0;4.0,2.0::0.0,0.0
0.0
4.0,2.0;4.0,3.0::0.0,0.0
0.0
4.0,3.0;4.0,2.0::0.0,0.0
0.0
4.0,2.0;4.0,4.0::-17.5,0.0
-17.5
4.0,4.0;4.0,2.0::-2.5,0.0
-2.5
4.0,3.0;4.0,3.0::0.0,0.0
0.0
4.0,3.0;4.0,3.0::0.0,0.0
0.0
4.0,3.0;4.0,4.0::-17.5,0.0
-17.5
4.0,4.0;4.0,3.0::-2.5,0.0
-2.5
4.0,4.0;4.0,4.0::-20.0,0.0
-20.0
4.0,4.0;4.0,4.0::-20.0,0.0
-20.0
