0.0,0.0;0.0,0.0::-755.01,244.64059332007838
-755.01
0.0,0.0;0.0,0.0::-782.91,217.48805001654694
-782.91
0.0,0.0;0.0,10.0::-1798.41,317.19477754212795
-1798.41
0.0,10.0;0.0,0.0::-324.27,280.21074586817684
-324.27
0.0,0.0;10.0,0.0::-746.92,205.03509114295534
-746.92
10.0,0.0;0.0,0.0::-905.84,377.2107758269904
-905.84
0.0,0.0;10.0,10.0::-1830.385,268.99273089620846
-1830.385
10.0,10.0;0.0,0.0::-434.105,366.0577092139981
-434.105
0.0,10.0;0.0,10.0::-1381.385,398.68698784259306
-1381.385
0.0,10.0;0.0,10.0::-1371.265,392.8986794009366
-1371.265
0.0,10.0;10.0,0.0::-1057.56,266.8204291279062
-1057.56
10.0,0.0;0.0,10.0::-2251.8,273.6958074213049
-2251.8
0.0,10.0;10.0,10.0::-2054.12,346.08226709844575
-2054.12
10.0,10.0;0.0,10.0::-1783.9,342.44798145119796
-1783.9
10.0,0.0;10.0,0.0::-828.095,307.2309774013682
-828.095
10.0,0.0;10.0,0.0::-866.515,291.2782128395462
-866.515
10.0,0.0;10.0,10.0::-2239.885,287.7199146305309
-2239.885
10.0,10.0;10.0,0.0::-1164.305,401.7699459578827
-1164.305
10.0,10.0;10.0,10.0::-2542.595,318.9246595592759
-2542.595
10.0,10.0;10.0,10.0::-2512.195,336.6741666285075
-2512.195
