0.0,0.0;0.0,0.0::-1095.38,57.35974721004268
-1095.38
0.0,0.0;0.0,0.0::-1086.64,51.73601646822066
-1086.64
0.0,0.0;0.0,10.0::-1537.285,326.3672950450152
-1537.285
0.0,10.0;0.0,0.0::-268.145,246.43222491184065
-268.145
0.0,0.0;10.0,0.0::-1081.915,91.31503312708155
-1081.915
10.0,0.0;0.0,0.0::-1126.835,177.1242650655183
-1126.835
0.0,0.0;10.0,10.0::-1451.195,251.69795286215577
-1451.195
10.0,10.0;0.0,0.0::-232.975,213.9430692380568
-232.975
0.0,10.0;0.0,10.0::-586.76,330.3028116743786
-586.76
0.0,10.0;0.0,10.0::-579.22,310.69402408157123
-579.22
0.0,10.0;10.0,0.0::-1314.885,159.10706858904788
-1314.885
10.0,0.0;0.0,10.0::-2394.525,169.08597480276117
-2394.525
0.0,10.0;10.0,10.0::-1749.76,361.2316187711148
-1749.76
10.0,10.0;0.0,10.0::-1561.16,286.8556333767911
-1561.16
10.0,0.0;10.0,0.0::-1095.5,135.13715255250867
-1095.5
10.0,0.0;10.0,0.0::-1104.28,159.95868716640553
-1104.28
10.0,0.0;10.0,10.0::-2375.44,207.0018874310087
-2375.44
10.0,10.0;10.0,0.0::-1347.68,235.430441107347
-1347.68
10.0,10.0;10.0,10.0::-2670.12,160.1016883108982
-2670.12
10.0,10.0;10.0,10.0::-2664.48,185.77172712767683
-2664.48
