0.0,0.0;0.0,0.0::-5500.0,0.0
-5500.0
0.0,0.0;0.0,0.0::-5500.0,0.0
-5500.0
0.0,0.0;0.0,1.0::-5500.0,0.0
-5500.0
0.0,1.0;0.0,0.0::-5500.0,0.0
-5500.0
0.0,0.0;0.0,2.0::-500.0,0.0
-500.0
0.0,2.0;0.0,0.0::-5000.0,0.0
-5000.0
0.0,0.0;0.0,3.0::-500.0,0.0
-500.0
0.0,3.0;0.0,0.0::-5000.0,0.0
-5000.0
0.0,0.0;0.0,4.0::-550.0,0.0
-550.0
0.0,4.0;0.0,0.0::-5005.0,0.0
-5005.0
0.0,0.0;1.0,0.0::-5500.0,0.0
-5500.0
1.0,0.0;0.0,0.0::-5500.0,0.0
-5500.0
0.0,0.0;1.0,1.0::-5500.0,0.0
-5500.0
1.0,1.0;0.0,0.0::-5500.0,0.0
-5500.0
0.0,0.0;1.0,2.0::-500.0,0.0
-500.0
1.0,2.0;0.0,0.0::-5000.0,0.0
-5000.0
0.0,0.0;1.0,3.0::-500.0,0.0
-500.0
1.0,3.0;0.0,0.0::-5000.0,0.0
-5000.0
0.0,0.0;1.0,4.0::-550.0,0.0
-550.0
1.0,4.0;0.0,0.0::-5005.0,0.0
-5005.0
0.0,0.0;2.0,0.0::-4500.0,0.0
-4500.0
2.0,0.0;0.0,0.0::-6500.0,0.0
-6500.0
0.0,0.0;2.0,1.0::-4500.0,0.0
-4500.0
2.0,1.0;0.0,0.0::-6500.0,0.0
-6500.0
0.0,0.0;2.0,2.0::500.0,0.0
500.0
2.0,2.0;0.0,0.0::-6000.0,0.0
-6000.0
0.0,0.0;2.0,3.0::500.0,0.0
500.0
2.0,3.0;0.0,0.0::-6000.0,0.0
-6000.0
0.0,0.0;2.0,4.0::450.0,0.0
450.0
2.0,4.0;0.0,0.0::-6005.0,0.0
-6005.0
0.0,0.0;3.0,0.0::-4500.0,0.0
-4500.0
3.0,0.0;0.0,0.0::-6500.0,0.0
-6500.0
0.0,0.0;3.0,1.0::-4500.0,0.0
-4500.0
3.0,1.0;0.0,0.0::-6500.0,0.0
-6500.0
0.0,0.0;3.0,2.0::500.0,0.0
500.0
3.0,2.0;0.0,0.0::-6000.0,0.0
-6000.0
0.0,0.0;3.0,3.0::500.0,0.0
500.0
3.0,3.0;0.0,0.0::-6000.0,0.0
-6000.0
0.0,0.0;3.0,4.0::450.0,0.0
450.0
3.0,4.0;0.0,0.0::-6005.0,0.0
-6005.0
0.0,0.0;4.0,0.0::-4007.5,0.0
-4007.5
4.0,0.0;0.0,0.0::-1520.0,0.0
-1520.0
0.0,0.0;4.0,1.0::-4007.5,0.0
-4007.5
4.0,1.0;0.0,0.0::-1520.0,0.0
-1520.0
0.0,0.0;4.0,2.0::992.5,0.0
992.5
4.0,2.0;0.0,0.0::-1020.0,0.0
-1020.0
0.0,0.0;4.0,3.0::992.5,0.0
992.5
4.0,3.0;0.0,0.0::-1020.0,0.0
-1020.0
0.0,0.0;4.0,4.0::942.5,0.0
942.5
4.0,4.0;0.0,0.0::-1025.0,0.0
-1025.0
