0.0,1.0;0.0,1.0::-5500.0,0.0
-5500.0
0.0,1.0;0.0,1.0::-5500.0,0.0
-5500.0
0.0,1.0;0.0,2.0::-500.0,0.0
-500.0
0.0,2.0;0.0,1.0::-5000.0,0.0
-5000.0
0.0,1.0;0.0,3.0::-500.0,0.0
-500.0
0.0,3.0;0.0,1.0::-5000.0,0.0
-5000.0
0.0,1.0;0.0,4.0::-550.0,0.0
-550.0
0.0,4.0;0.0,1.0::-5005.0,0.0
-5005.0
0.0,1.0;1.0,0.0::-4750.0,0.0
-4750.0
1.0,0.0;0.0,1.0::-3500.0,0.0
-3500.0
0.0,1.0;1.0,1.0::-4750.0,0.0
-4750.0
1.0,1.0;0.0,1.0::-3500.0,0.0
-3500.0
0.0,1.0;1.0,2.0::250.0,0.0
250.0
1.0,2.0;0.0,1.0::-3000.0,0.0
-3000.0
0.0,1.0;1.0,3.0::250.0,0.0
250.0
1.0,3.0;0.0,1.0::-3000.0,0.0
-3000.0
0.0,1.0;1.0,4.0::200.0,0.0
200.0
1.0,4.0;0.0,1.0::-3005.0,0.0
-3005.0
0.0,1.0;2.0,0.0::-4750.0,0.0
-4750.0
2.0,0.0;0.0,1.0::-3500.0,0.0
-3500.0
0.0,1.0;2.0,1.0::-4750.0,0.0
-4750.0
2.0,1.0;0.0,1.0::-3500.0,0.0
-3500.0
0.0,1.0;2.0,2.0::250.0,0.0
250.0
2.0,2.0;0.0,1.0::-3000.0,0.0
-3000.0
0.0,1.0;2.0,3.0::250.0,0.0
250.0
2.0,3.0;0.0,1.0::-3000.0,0.0
-3000.0
0.0,1.0;2.0,4.0::200.0,0.0
200.0
2.0,4.0;0.0,1.0::-3005.0,0.0
-3005.0
0.0,1.0;3.0,0.0::-4000.0,0.0
-4000.0
3.0,0.0;0.0,1.0::-1500.0,0.0
-1500.0
0.0,1.0;3.0,1.0::-4000.0,0.0
-4000.0
3.0,1.0;0.0,1.0::-1500.0,0.0
-1500.0
0.0,1.0;3.0,2.0::1000.0,0.0
1000.0
3.0,2.0;0.0,1.0::-1000.0,0.0
-1000.0
0.0,1.0;3.0,3.0::1000.0,0.0
1000.0
3.0,3.0;0.0,1.0::-1000.0,0.0
-1000.0
0.0,1.0;3.0,4.0::950.0,0.0
950.0
3.0,4.0;0.0,1.0::-1005.0,0.0
-1005.0
0.0,1.0;4.0,0.0::-4007.5,0.0
-4007.5
4.0,0.0;0.0,1.0::-1520.0,0.0
-1520.0
0.0,1.0;4.0,1.0::-4007.5,0.0
-4007.5
4.0,1.0;0.0,1.0::-1520.0,0.0
-1520.0
0.0,1.0;4.0,2.0::992.5,0.0
992.5
4.0,2.0;0.0,1.0::-1020.0,0.0
-1020.0
0.0,1.0;4.0,3.0::992.5,0.0
992.5
4.0,3.0;0.0,1.0::-1020.0,0.0
-1020.0
0.0,1.0;4.0,4.0::942.5,0.0
942.5
4.0,4.0;0.0,1.0::-1025.0,0.0
-1025.0
