2.0,1.0;2.0,1.0::-2750.0,0.0
-2750.0
2.0,1.0;2.0,1.0::-2750.0,0.0
-2750.0
2.0,1.0;2.0,2.0::-2750.0,0.0
-2750.0
2.0,2.0;2.0,1.0::-2750.0,0.0
-2750.0
2.0,1.0;2.0,3.0::250.0,0.0
250.0
2.0,3.0;2.0,1.0::-3000.0,0.0
-3000.0
2.0,1.0;2.0,4.0::-5750.0,0.0
-5750.0
2.0,4.0;2.0,1.0::-2500.0,0.0
-2500.0
2.0,1.0;3.0,0.0::-5000.0,0.0
-5000.0
3.0,0.0;2.0,1.0::-500.0,0.0
-500.0
2.0,1.0;3.0,1.0::-2000.0,0.0
-2000.0
3.0,1.0;2.0,1.0::-750.0,0.0
-750.0
2.0,1.0;3.0,2.0::-2000.0,0.0
-2000.0
3.0,2.0;2.0,1.0::-750.0,0.0
-750.0
2.0,1.0;3.0,3.0::1000.0,0.0
1000.0
3.0,3.0;2.0,1.0::-1000.0,0.0
-1000.0
2.0,1.0;3.0,4.0::-5000.0,0.0
-5000.0
3.0,4.0;2.0,1.0::-500.0,0.0
-500.0
2.0,1.0;4.0,0.0::-5007.5,0.0
-5007.5
4.0,0.0;2.0,1.0::-520.0,0.0
-520.0
2.0,1.0;4.0,1.0::-2007.5,0.0
-2007.5
4.0,1.0;2.0,1.0::-770.0,0.0
-770.0
2.0,1.0;4.0,2.0::-2007.5,0.0
-2007.5
4.0,2.0;2.0,1.0::-770.0,0.0
-770.0
2.0,1.0;4.0,3.0::992.5,0.0
992.5
4.0,3.0;2.0,1.0::-1020.0,0.0
-1020.0
2.0,1.0;4.0,4.0::-5007.5,0.0
-5007.5
4.0,4.0;2.0,1.0::-520.0,0.0
-520.0
