2.0,4.0;2.0,4.0::-5500.0,0.0
-5500.0
2.0,4.0;2.0,4.0::-5500.0,0.0
-5500.0
2.0,4.0;3.0,0.0::-5015.0,0.0
-5015.0
3.0,0.0;2.0,4.0::-540.0,0.0
-540.0
2.0,4.0;3.0,1.0::-2015.0,0.0
-2015.0
3.0,1.0;2.0,4.0::-790.0,0.0
-790.0
2.0,4.0;3.0,2.0::-2015.0,0.0
-2015.0
3.0,2.0;2.0,4.0::-790.0,0.0
-790.0
2.0,4.0;3.0,3.0::985.0,0.0
985.0
3.0,3.0;2.0,4.0::-1040.0,0.0
-1040.0
2.0,4.0;3.0,4.0::-5015.0,0.0
-5015.0
3.0,4.0;2.0,4.0::-540.0,0.0
-540.0
2.0,4.0;4.0,0.0::-5007.5,0.0
-5007.5
4.0,0.0;2.0,4.0::-520.0,0.0
-520.0
2.0,4.0;4.0,1.0::-2007.5,0.0
-2007.5
4.0,1.0;2.0,4.0::-770.0,0.0
-770.0
2.0,4.0;4.0,2.0::-2007.5,0.0
-2007.5
4.0,2.0;2.0,4.0::-770.0,0.0
-770.0
2.0,4.0;4.0,3.0::992.5,0.0
992.5
4.0,3.0;2.0,4.0::-1020.0,0.0
-1020.0
2.0,4.0;4.0,4.0::-5007.5,0.0
-5007.5
4.0,4.0;2.0,4.0::-520.0,0.0
-520.0
