3.0,0.0;3.0,0.0::-5500.0,0.0
-5500.0
3.0,0.0;3.0,0.0::-5500.0,0.0
-5500.0
3.0,0.0;3.0,1.0::-500.0,0.0
-500.0
3.0,1.0;3.0,0.0::-5000.0,0.0
-5000.0
3.0,0.0;3.0,2.0::-5500.0,0.0
-5500.0
3.0,2.0;3.0,0.0::-5500.0,0.0
-5500.0
3.0,0.0;3.0,3.0::-500.0,0.0
-500.0
3.0,3.0;3.0,0.0::-5000.0,0.0
-5000.0
3.0,0.0;3.0,4.0::-540.0,0.0
-540.0
3.0,4.0;3.0,0.0::-5015.0,0.0
-5015.0
3.0,0.0;4.0,0.0::-5007.5,0.0
-5007.5
4.0,0.0;3.0,0.0::-520.0,0.0
-520.0
3.0,0.0;4.0,1.0::-7.5,0.0
-7.5
4.0,1.0;3.0,0.0::-20.0,0.0
-20.0
3.0,0.0;4.0,2.0::-5007.5,0.0
-5007.5
4.0,2.0;3.0,0.0::-520.0,0.0
-520.0
3.0,0.0;4.0,3.0::-7.5,0.0
-7.5
4.0,3.0;3.0,0.0::-20.0,0.0
-20.0
3.0,0.0;4.0,4.0::-47.5,0.0
-47.5
4.0,4.0;3.0,0.0::-35.0,0.0
-35.0
