3.0,2.0;3.0,2.0::-5500.0,0.0
-5500.0
3.0,2.0;3.0,2.0::-5500.0,0.0
-5500.0
3.0,2.0;3.0,3.0::-500.0,0.0
-500.0
3.0,3.0;3.0,2.0::-5000.0,0.0
-5000.0
3.0,2.0;3.0,4.0::-540.0,0.0
-540.0
3.0,4.0;3.0,2.0::-5015.0,0.0
-5015.0
3.0,2.0;4.0,0.0::-6000.0,0.0
-6000.0
4.0,0.0;3.0,2.0::500.0,0.0
500.0
3.0,2.0;4.0,1.0::-1000.0,0.0
-1000.0
4.0,1.0;3.0,2.0::1000.0,0.0
1000.0
3.0,2.0;4.0,2.0::-6000.0,0.0
-6000.0
4.0,2.0;3.0,2.0::500.0,0.0
500.0
3.0,2.0;4.0,3.0::-1000.0,0.0
-1000.0
4.0,3.0;3.0,2.0::1000.0,0.0
1000.0
3.0,2.0;4.0,4.0::-1040.0,0.0
-1040.0
4.0,4.0;3.0,2.0::985.0,0.0
985.0
