0.0,4.0;0.0,4.0::-55.0,0.0
-55.0
0.0,4.0;0.0,4.0::-55.0,0.0
-55.0
0.0,4.0;1.0,0.0::-4015.0,0.0
-4015.0
1.0,0.0;0.0,4.0::-1540.0,0.0
-1540.0
0.0,4.0;1.0,1.0::-4015.0,0.0
-4015.0
1.0,1.0;0.0,4.0::-1540.0,0.0
-1540.0
0.0,4.0;1.0,2.0::985.0,0.0
985.0
1.0,2.0;0.0,4.0::-1040.0,0.0
-1040.0
0.0,4.0;1.0,3.0::985.0,0.0
985.0
1.0,3.0;0.0,4.0::-1040.0,0.0
-1040.0
0.0,4.0;1.0,4.0::935.0,0.0
935.0
1.0,4.0;0.0,4.0::-1045.0,0.0
-1045.0
0.0,4.0;2.0,0.0::-4500.0,0.0
-4500.0
2.0,0.0;0.0,4.0::-6500.0,0.0
-6500.0
0.0,4.0;2.0,1.0::-4500.0,0.0
-4500.0
2.0,1.0;0.0,4.0::-6500.0,0.0
-6500.0
0.0,4.0;2.0,2.0::500.0,0.0
500.0
2.0,2.0;0.0,4.0::-6000.0,0.0
-6000.0
0.0,4.0;2.0,3.0::500.0,0.0
500.0
2.0,3.0;0.0,4.0::-6000.0,0.0
-6000.0
0.0,4.0;2.0,4.0::450.0,0.0
450.0
2.0,4.0;0.0,4.0::-6005.0,0.0
-6005.0
0.0,4.0;3.0,0.0::-4015.0,0.0
-4015.0
3.0,0.0;0.0,4.0::-1540.0,0.0
-1540.0
0.0,4.0;3.0,1.0::-4015.0,0.0
-4015.0
3.0,1.0;0.0,4.0::-1540.0,0.0
-1540.0
0.0,4.0;3.0,2.0::985.0,0.0
985.0
3.0,2.0;0.0,4.0::-1040.0,0.0
-1040.0
0.0,4.0;3.0,3.0::985.0,0.0
985.0
3.0,3.0;0.0,4.0::-1040.0,0.0
-1040.0
0.0,4.0;3.0,4.0::935.0,0.0
935.0
3.0,4.0;0.0,4.0::-1045.0,0.0
-1045.0
0.0,4.0;4.0,0.0::-4007.5,0.0
-4007.5
4.0,0.0;0.0,4.0::-1520.0,0.0
-1520.0
0.0,4.0;4.0,1.0::-4007.5,0.0
-4007.5
4.0,1.0;0.0,4.0::-1520.0,0.0
-1520.0
0.0,4.0;4.0,2.0::992.5,0.0
992.5
4.0,2.0;0.0,4.0::-1020.0,0.0
-1020.0
0.0,4.0;4.0,3.0::992.5,0.0
992.5
4.0,3.0;0.0,4.0::-1020.0,0.0
-1020.0
0.0,4.0;4.0,4.0::942.5,0.0
942.5
4.0,4.0;0.0,4.0::-1025.0,0.0
-1025.0
