1.0,0.0;1.0,0.0::-5500.0,0.0
-5500.0
1.0,0.0;1.0,0.0::-5500.0,0.0
-5500.0
1.0,0.0;1.0,1.0::-3500.0,0.0
-3500.0
1.0,1.0;1.0,0.0::-4750.0,0.0
-4750.0
1.0,0.0;1.0,2.0::-3500.0,0.0
-3500.0
1.0,2.0;1.0,0.0::-4750.0,0.0
-4750.0
1.0,0.0;1.0,3.0::-1500.0,0.0
-1500.0
1.0,3.0;1.0,0.0::-4000.0,0.0
-4000.0
1.0,0.0;1.0,4.0::-1540.0,0.0
-1540.0
1.0,4.0;1.0,0.0::-4015.0,0.0
-4015.0
1.0,0.0;2.0,0.0::-4500.0,0.0
-4500.0
2.0,0.0;1.0,0.0::-6500.0,0.0
-6500.0
1.0,0.0;2.0,1.0::-2500.0,0.0
-2500.0
2.0,1.0;1.0,0.0::-5750.0,0.0
-5750.0
1.0,0.0;2.0,2.0::-2500.0,0.0
-2500.0
2.0,2.0;1.0,0.0::-5750.0,0.0
-5750.0
1.0,0.0;2.0,3.0::-500.0,0.0
-500.0
2.0,3.0;1.0,0.0::-5000.0,0.0
-5000.0
1.0,0.0;2.0,4.0::-540.0,0.0
-540.0
2.0,4.0;1.0,0.0::-5015.0,0.0
-5015.0
1.0,0.0;3.0,0.0::-4500.0,0.0
-4500.0
3.0,0.0;1.0,0.0::-6500.0,0.0
-6500.0
1.0,0.0;3.0,1.0::-2500.0,0.0
-2500.0
3.0,1.0;1.0,0.0::-5750.0,0.0
-5750.0
1.0,0.0;3.0,2.0::-2500.0,0.0
-2500.0
3.0,2.0;1.0,0.0::-5750.0,0.0
-5750.0
1.0,0.0;3.0,3.0::-500.0,0.0
-500.0
3.0,3.0;1.0,0.0::-5000.0,0.0
-5000.0
1.0,0.0;3.0,4.0::-540.0,0.0
-540.0
3.0,4.0;1.0,0.0::-5015.0,0.0
-5015.0
1.0,0.0;4.0,0.0::-4007.5,0.0
-4007.5
4.0,0.0;1.0,0.0::-1520.0,0.0
-1520.0
1.0,0.0;4.0,1.0::-2007.5,0.0
-2007.5
4.0,1.0;1.0,0.0::-770.0,0.0
-770.0
1.0,0.0;4.0,2.0::-2007.5,0.0
-2007.5
4.0,2.0;1.0,0.0::-770.0,0.0
-770.0
1.0,0.0;4.0,3.0::-7.5,0.0
-7.5
4.0,3.0;1.0,0.0::-20.0,0.0
-20.0
1.0,0.0;4.0,4.0::-47.5,0.0
-47.5
4.0,4.0;1.0,0.0::-35.0,0.0
-35.0
