1.0,2.0;1.0,2.0::-2750.0,0.0
-2750.0
1.0,2.0;1.0,2.0::-2750.0,0.0
-2750.0
1.0,2.0;1.0,3.0::-750.0,0.0
-750.0
1.0,3.0;1.0,2.0::-2000.0,0.0
-2000.0
1.0,2.0;1.0,4.0::-790.0,0.0
-790.0
1.0,4.0;1.0,2.0::-2015.0,0.0
-2015.0
1.0,2.0;2.0,0.0::-4750.0,0.0
-4750.0
2.0,0.0;1.0,2.0::-3500.0,0.0
-3500.0
1.0,2.0;2.0,1.0::-2750.0,0.0
-2750.0
2.0,1.0;1.0,2.0::-2750.0,0.0
-2750.0
1.0,2.0;2.0,2.0::-2750.0,0.0
-2750.0
2.0,2.0;1.0,2.0::-2750.0,0.0
-2750.0
1.0,2.0;2.0,3.0::-750.0,0.0
-750.0
2.0,3.0;1.0,2.0::-2000.0,0.0
-2000.0
1.0,2.0;2.0,4.0::-790.0,0.0
-790.0
2.0,4.0;1.0,2.0::-2015.0,0.0
-2015.0
1.0,2.0;3.0,0.0::-4500.0,0.0
-4500.0
3.0,0.0;1.0,2.0::-6500.0,0.0
-6500.0
1.0,2.0;3.0,1.0::-2500.0,0.0
-2500.0
3.0,1.0;1.0,2.0::-5750.0,0.0
-5750.0
1.0,2.0;3.0,2.0::-2500.0,0.0
-2500.0
3.0,2.0;1.0,2.0::-5750.0,0.0
-5750.0
1.0,2.0;3.0,3.0::-500.0,0.0
-500.0
3.0,3.0;1.0,2.0::-5000.0,0.0
-5000.0
1.0,2.0;3.0,4.0::-540.0,0.0
-540.0
3.0,4.0;1.0,2.0::-5015.0,0.0
-5015.0
1.0,2.0;4.0,0.0::-5000.0,0.0
-5000.0
4.0,0.0;1.0,2.0::-500.0,0.0
-500.0
1.0,2.0;4.0,1.0::-3000.0,0.0
-3000.0
4.0,1.0;1.0,2.0::250.0,0.0
250.0
1.0,2.0;4.0,2.0::-3000.0,0.0
-3000.0
4.0,2.0;1.0,2.0::250.0,0.0
250.0
1.0,2.0;4.0,3.0::-1000.0,0.0
-1000.0
4.0,3.0;1.0,2.0::1000.0,0.0
1000.0
1.0,2.0;4.0,4.0::-1040.0,0.0
-1040.0
4.0,4.0;1.0,2.0::985.0,0.0
985.0
