0.0,0.0;0.0,0.0::-5500.0,0.0
-5500.0
0.0,0.0;0.0,0.0::-5500.0,0.0
-5500.0
0.0,0.0;0.0,1.0::-5500.0,0.0
-5500.0
0.0,1.0;0.0,0.0::-5500.0,0.0
-5500.0
0.0,0.0;0.0,2.0::-500.0,0.0
-500.0
0.0,2.0;0.0,0.0::-5000.0,0.0
-5000.0
0.0,0.0;0.0,3.0::-500.0,0.0
-500.0
0.0,3.0;0.0,0.0::-5000.0,0.0
-5000.0
0.0,0.0;0.0,4.0::-550.0,0.0
-550.0
0.0,4.0;0.0,0.0::-5005.0,0.0
-5005.0
0.0,0.0;1.0,0.0::-5500.0,0.0
-5500.0
1.0,0.0;0.0,0.0::-5500.0,0.0
-5500.0
0.0,0.0;1.0,1.0::-5500.0,0.0
-5500.0
1.0,1.0;0.0,0.0::-5500.0,0.0
-5500.0
0.0,0.0;1.0,2.0::-500.0,0.0
-500.0
1.0,2.0;0.0,0.0::-5000.0,0.0
-5000.0
0.0,0.0;1.0,3.0::-500.0,0.0
-500.0
1.0,3.0;0.0,0.0::-5000.0,0.0
-5000.0
0.0,0.0;1.0,4.0::-550.0,0.0
-550.0
1.0,4.0;0.0,0.0::-5005.0,0.0
-5005.0
0.0,0.0;2.0,0.0::-4500.0,0.0
-4500.0
2.0,0.0;0.0,0.0::-6500.0,0.0
-6500.0
0.0,0.0;2.0,1.0::-4500.0,0.0
-4500.0
2.0,1.0;0.0,0.0::-6500.0,0.0
-6500.0
0.0,0.0;2.0,2.0::500.0,0.0
500.0
2.0,2.0;0.0,0.0::-6000.0,0.0
-6000.0
0.0,0.0;2.0,3.0::500.0,0.0
500.0
2.0,3.0;0.0,0.0::-6000.0,0.0
-6000.0
0.0,0.0;2.0,4.0::450.0,0.0
450.0
2.0,4.0;0.0,0.0::-6005.0,0.0
-6005.0
0.0,0.0;3.0,0.0::-4500.0,0.0
-4500.0
3.0,0.0;0.0,0.0::-6500.0,0.0
-6500.0
0.0,0.0;3.0,1.0::-4500.0,0.0
-4500.0
3.0,1.0;0.0,0.0::-6500.0,0.0
-6500.0
0.0,0.0;3.0,2.0::500.0,0.0
500.0
3.0,2.0;0.0,0.0::-6000.0,0.0
-6000.0
0.0,0.0;3.0,3.0::500.0,0.0
500.0
3.0,3.0;0.0,0.0::-6000.0,0.0
-6000.0
0.0,0.0;3.0,4.0::450.0,0.0
450.0
3.0,4.0;0.0,0.0::-6005.0,0.0
-6005.0
0.0,0.0;4.0,0.0::-4007.5,0.0
-4007.5
4.0,0.0;0.0,0.0::-1520.0,0.0
-1520.0
0.0,0.0;4.0,1.0::-4007.5,0.0
-4007.5
4.0,1.0;0.0,0.0::-1520.0,0.0
-1520.0
0.0,0.0;4.0,2.0::992.5,0.0
992.5
4.0,2.0;0.0,0.0::-1020.0,0.0
-1020.0
0.0,0.0;4.0,3.0::992.5,0.0
992.5
4.0,3.0;0.0,0.0::-1020.0,0.0
-1020.0
0.0,0.0;4.0,4.0::942.5,0.0
942.5
4.0,4.0;0.0,0.0::-1025.0,0.0
-1025.0
0.0,1.0;0.0,1.0::-5500.0,0.0
-5500.0
0.0,1.0;0.0,1.0::-5500.0,0.0
-5500.0
0.0,1.0;0.0,2.0::-500.0,0.0
-500.0
0.0,2.0;0.0,1.0::-5000.0,0.0
-5000.0
0.0,1.0;0.0,3.0::-500.0,0.0
-500.0
0.0,3.0;0.0,1.0::-5000.0,0.0
-5000.0
0.0,1.0;0.0,4.0::-550.0,0.0
-550.0
0.0,4.0;0.0,1.0::-5005.0,0.0
-5005.0
0.0,1.0;1.0,0.0::-4750.0,0.0
-4750.0
1.0,0.0;0.0,1.0::-3500.0,0.0
-3500.0
0.0,1.0;1.0,1.0::-4750.0,0.0
-4750.0
1.0,1.0;0.0,1.0::-3500.0,0.0
-3500.0
0.0,1.0;1.0,2.0::250.0,0.0
250.0
1.0,2.0;0.0,1.0::-3000.0,0.0
-3000.0
0.0,1.0;1.0,3.0::250.0,0.0
250.0
1.0,3.0;0.0,1.0::-3000.0,0.0
-3000.0
0.0,1.0;1.0,4.0::200.0,0.0
200.0
1.0,4.0;0.0,1.0::-3005.0,0.0
-3005.0
0.0,1.0;2.0,0.0::-4750.0,0.0
-4750.0
2.0,0.0;0.0,1.0::-3500.0,0.0
-3500.0
0.0,1.0;2.0,1.0::-4750.0,0.0
-4750.0
2.0,1.0;0.0,1.0::-3500.0,0.0
-3500.0
0.0,1.0;2.0,2.0::250.0,0.0
250.0
2.0,2.0;0.0,1.0::-3000.0,0.0
-3000.0
0.0,1.0;2.0,3.0::250.0,0.0
250.0
2.0,3.0;0.0,1.0::-3000.0,0.0
-3000.0
0.0,1.0;2.0,4.0::200.0,0.0
200.0
2.0,4.0;0.0,1.0::-3005.0,0.0
-3005.0
0.0,1.0;3.0,0.0::-4000.0,0.0
-4000.0
3.0,0.0;0.0,1.0::-1500.0,0.0
-1500.0
0.0,1.0;3.0,1.0::-4000.0,0.0
-4000.0
3.0,1.0;0.0,1.0::-1500.0,0.0
-1500.0
0.0,1.0;3.0,2.0::1000.0,0.0
1000.0
3.0,2.0;0.0,1.0::-1000.0,0.0
-1000.0
0.0,1.0;3.0,3.0::1000.0,0.0
1000.0
3.0,3.0;0.0,1.0::-1000.0,0.0
-1000.0
0.0,1.0;3.0,4.0::950.0,0.0
950.0
3.0,4.0;0.0,1.0::-1005.0,0.0
-1005.0
0.0,1.0;4.0,0.0::-4007.5,0.0
-4007.5
4.0,0.0;0.0,1.0::-1520.0,0.0
-1520.0
0.0,1.0;4.0,1.0::-4007.5,0.0
-4007.5
4.0,1.0;0.0,1.0::-1520.0,0.0
-1520.0
0.0,1.0;4.0,2.0::992.5,0.0
992.5
4.0,2.0;0.0,1.0::-1020.0,0.0
-1020.0
0.0,1.0;4.0,3.0::992.5,0.0
992.5
4.0,3.0;0.0,1.0::-1020.0,0.0
-1020.0
0.0,1.0;4.0,4.0::942.5,0.0
942.5
4.0,4.0;0.0,1.0::-1025.0,0.0
-1025.0
0.0,2.0;0.0,2.0::0.0,0.0
0.0
0.0,2.0;0.0,2.0::0.0,0.0
0.0
0.0,2.0;0.0,3.0::0.0,0.0
0.0
0.0,3.0;0.0,2.0::0.0,0.0
0.0
0.0,2.0;0.0,4.0::-50.0,0.0
-50.0
0.0,4.0;0.0,2.0::-5.0,0.0
-5.0
0.0,2.0;1.0,0.0::-4750.0,0.0
-4750.0
1.0,0.0;0.0,2.0::-3500.0,0.0
-3500.0
0.0,2.0;1.0,1.0::-4750.0,0.0
-4750.0
1.0,1.0;0.0,2.0::-3500.0,0.0
-3500.0
0.0,2.0;1.0,2.0::250.0,0.0
250.0
1.0,2.0;0.0,2.0::-3000.0,0.0
-3000.0
0.0,2.0;1.0,3.0::250.0,0.0
250.0
1.0,3.0;0.0,2.0::-3000.0,0.0
-3000.0
0.0,2.0;1.0,4.0::200.0,0.0
200.0
1.0,4.0;0.0,2.0::-3005.0,0.0
-3005.0
0.0,2.0;2.0,0.0::-4750.0,0.0
-4750.0
2.0,0.0;0.0,2.0::-3500.0,0.0
-3500.0
0.0,2.0;2.0,1.0::-4750.0,0.0
-4750.0
2.0,1.0;0.0,2.0::-3500.0,0.0
-3500.0
0.0,2.0;2.0,2.0::250.0,0.0
250.0
2.0,2.0;0.0,2.0::-3000.0,0.0
-3000.0
0.0,2.0;2.0,3.0::250.0,0.0
250.0
2.0,3.0;0.0,2.0::-3000.0,0.0
-3000.0
0.0,2.0;2.0,4.0::200.0,0.0
200.0
2.0,4.0;0.0,2.0::-3005.0,0.0
-3005.0
0.0,2.0;3.0,0.0::-4500.0,0.0
-4500.0
3.0,0.0;0.0,2.0::-6500.0,0.0
-6500.0
0.0,2.0;3.0,1.0::-4500.0,0.0
-4500.0
3.0,1.0;0.0,2.0::-6500.0,0.0
-6500.0
0.0,2.0;3.0,2.0::500.0,0.0
500.0
3.0,2.0;0.0,2.0::-6000.0,0.0
-6000.0
0.0,2.0;3.0,3.0::500.0,0.0
500.0
3.0,3.0;0.0,2.0::-6000.0,0.0
-6000.0
0.0,2.0;3.0,4.0::450.0,0.0
450.0
3.0,4.0;0.0,2.0::-6005.0,0.0
-6005.0
0.0,2.0;4.0,0.0::-5000.0,0.0
-5000.0
4.0,0.0;0.0,2.0::-500.0,0.0
-500.0
0.0,2.0;4.0,1.0::-5000.0,0.0
-5000.0
4.0,1.0;0.0,2.0::-500.0,0.0
-500.0
0.0,2.0;4.0,2.0::0.0,0.0
0.0
4.0,2.0;0.0,2.0::0.0,0.0
0.0
0.0,2.0;4.0,3.0::0.0,0.0
0.0
4.0,3.0;0.0,2.0::0.0,0.0
0.0
0.0,2.0;4.0,4.0::-50.0,0.0
-50.0
4.0,4.0;0.0,2.0::-5.0,0.0
-5.0
0.0,3.0;0.0,3.0::0.0,0.0
0.0
0.0,3.0;0.0,3.0::0.0,0.0
0.0
0.0,3.0;0.0,4.0::-50.0,0.0
-50.0
0.0,4.0;0.0,3.0::-5.0,0.0
-5.0
0.0,3.0;1.0,0.0::-4000.0,0.0
-4000.0
1.0,0.0;0.0,3.0::-1500.0,0.0
-1500.0
0.0,3.0;1.0,1.0::-4000.0,0.0
-4000.0
1.0,1.0;0.0,3.0::-1500.0,0.0
-1500.0
0.0,3.0;1.0,2.0::1000.0,0.0
1000.0
1.0,2.0;0.0,3.0::-1000.0,0.0
-1000.0
0.0,3.0;1.0,3.0::1000.0,0.0
1000.0
1.0,3.0;0.0,3.0::-1000.0,0.0
-1000.0
0.0,3.0;1.0,4.0::950.0,0.0
950.0
1.0,4.0;0.0,3.0::-1005.0,0.0
-1005.0
0.0,3.0;2.0,0.0::-5000.0,0.0
-5000.0
2.0,0.0;0.0,3.0::-500.0,0.0
-500.0
0.0,3.0;2.0,1.0::-5000.0,0.0
-5000.0
2.0,1.0;0.0,3.0::-500.0,0.0
-500.0
0.0,3.0;2.0,2.0::0.0,0.0
0.0
2.0,2.0;0.0,3.0::0.0,0.0
0.0
0.0,3.0;2.0,3.0::0.0,0.0
0.0
2.0,3.0;0.0,3.0::0.0,0.0
0.0
0.0,3.0;2.0,4.0::-50.0,0.0
-50.0
2.0,4.0;0.0,3.0::-5.0,0.0
-5.0
0.0,3.0;3.0,0.0::-4000.0,0.0
-4000.0
3.0,0.0;0.0,3.0::-1500.0,0.0
-1500.0
0.0,3.0;3.0,1.0::-4000.0,0.0
-4000.0
3.0,1.0;0.0,3.0::-1500.0,0.0
-1500.0
0.0,3.0;3.0,2.0::1000.0,0.0
1000.0
3.0,2.0;0.0,3.0::-1000.0,0.0
-1000.0
0.0,3.0;3.0,3.0::1000.0,0.0
1000.0
3.0,3.0;0.0,3.0::-1000.0,0.0
-1000.0
0.0,3.0;3.0,4.0::950.0,0.0
950.0
3.0,4.0;0.0,3.0::-1005.0,0.0
-1005.0
0.0,3.0;4.0,0.0::-5000.0,0.0
-5000.0
4.0,0.0;0.0,3.0::-500.0,0.0
-500.0
0.0,3.0;4.0,1.0::-5000.0,0.0
-5000.0
4.0,1.0;0.0,3.0::-500.0,0.0
-500.0
0.0,3.0;4.0,2.0::0.0,0.0
0.0
4.0,2.0;0.0,3.0::0.0,0.0
0.0
0.0,3.0;4.0,3.0::0.0,0.0
0.0
4.0,3.0;0.0,3.0::0.0,0.0
0.0
0.0,3.0;4.0,4.0::-50.0,0.0
-50.0
4.0,4.0;0.0,3.0::-5.0,0.0
-5.0
0.0,4.0;0.0,4.0::-55.0,0.0
-55.0
0.0,4.0;0.0,4.0::-55.0,0.0
-55.0
0.0,4.0;1.0,0.0::-4015.0,0.0
-4015.0
1.0,0.0;0.0,4.0::-1540.0,0.0
-1540.0
0.0,4.0;1.0,1.0::-4015.0,0.0
-4015.0
1.0,1.0;0.0,4.0::-1540.0,0.0
-1540.0
0.0,4.0;1.0,2.0::985.0,0.0
985.0
1.0,2.0;0.0,4.0::-1040.0,0.0
-1040.0
0.0,4.0;1.0,3.0::985.0,0.0
985.0
1.0,3.0;0.0,4.0::-1040.0,0.0
-1040.0
0.0,4.0;1.0,4.0::935.0,0.0
935.0
1.0,4.0;0.0,4.0::-1045.0,0.0
-1045.0
0.0,4.0;2.0,0.0::-4500.0,0.0
-4500.0
2.0,0.0;0.0,4.0::-6500.0,0.0
-6500.0
0.0,4.0;2.0,1.0::-4500.0,0.0
-4500.0
2.0,1.0;0.0,4.0::-6500.0,0.0
-6500.0
0.0,4.0;2.0,2.0::500.0,0.0
500.0
2.0,2.0;0.0,4.0::-6000.0,0.0
-6000.0
0.0,4.0;2.0,3.0::500.0,0.0
500.0
2.0,3.0;0.0,4.0::-6000.0,0.0
-6000.0
0.0,4.0;2.0,4.0::450.0,0.0
450.0
2.0,4.0;0.0,4.0::-6005.0,0.0
-6005.0
0.0,4.0;3.0,0.0::-4015.0,0.0
-4015.0
3.0,0.0;0.0,4.0::-1540.0,0.0
-1540.0
0.0,4.0;3.0,1.0::-4015.0,0.0
-4015.0
3.0,1.0;0.0,4.0::-1540.0,0.0
-1540.0
0.0,4.0;3.0,2.0::985.0,0.0
985.0
3.0,2.0;0.0,4.0::-1040.0,0.0
-1040.0
0.0,4.0;3.0,3.0::985.0,0.0
985.0
3.0,3.0;0.0,4.0::-1040.0,0.0
-1040.0
0.0,4.0;3.0,4.0::935.0,0.0
935.0
3.0,4.0;0.0,4.0::-1045.0,0.0
-1045.0
0.0,4.0;4.0,0.0::-4007.5,0.0
-4007.5
4.0,0.0;0.0,4.0::-1520.0,0.0
-1520.0
0.0,4.0;4.0,1.0::-4007.5,0.0
-4007.5
4.0,1.0;0.0,4.0::-1520.0,0.0
-1520.0
0.0,4.0;4.0,2.0::992.5,0.0
992.5
4.0,2.0;0.0,4.0::-1020.0,0.0
-1020.0
0.0,4.0;4.0,3.0::992.5,0.0
992.5
4.0,3.0;0.0,4.0::-1020.0,0.0
-1020.0
0.0,4.0;4.0,4.0::942.5,0.0
942.5
4.0,4.0;0.0,4.0::-1025.0,0.0
-1025.0
1.0,0.0;1.0,0.0::-5500.0,0.0
-5500.0
1.0,0.0;1.0,0.0::-5500.0,0.0
-5500.0
1.0,0.0;1.0,1.0::-3500.0,0.0
-3500.0
1.0,1.0;1.0,0.0::-4750.0,0.0
-4750.0
1.0,0.0;1.0,2.0::-3500.0,0.0
-3500.0
1.0,2.0;1.0,0.0::-4750.0,0.0
-4750.0
1.0,0.0;1.0,3.0::-1500.0,0.0
-1500.0
1.0,3.0;1.0,0.0::-4000.0,0.0
-4000.0
1.0,0.0;1.0,4.0::-1540.0,0.0
-1540.0
1.0,4.0;1.0,0.0::-4015.0,0.0
-4015.0
1.0,0.0;2.0,0.0::-4500.0,0.0
-4500.0
2.0,0.0;1.0,0.0::-6500.0,0.0
-6500.0
1.0,0.0;2.0,1.0::-2500.0,0.0
-2500.0
2.0,1.0;1.0,0.0::-5750.0,0.0
-5750.0
1.0,0.0;2.0,2.0::-2500.0,0.0
-2500.0
2.0,2.0;1.0,0.0::-5750.0,0.0
-5750.0
1.0,0.0;2.0,3.0::-500.0,0.0
-500.0
2.0,3.0;1.0,0.0::-5000.0,0.0
-5000.0
1.0,0.0;2.0,4.0::-540.0,0.0
-540.0
2.0,4.0;1.0,0.0::-5015.0,0.0
-5015.0
1.0,0.0;3.0,0.0::-4500.0,0.0
-4500.0
3.0,0.0;1.0,0.0::-6500.0,0.0
-6500.0
1.0,0.0;3.0,1.0::-2500.0,0.0
-2500.0
3.0,1.0;1.0,0.0::-5750.0,0.0
-5750.0
1.0,0.0;3.0,2.0::-2500.0,0.0
-2500.0
3.0,2.0;1.0,0.0::-5750.0,0.0
-5750.0
1.0,0.0;3.0,3.0::-500.0,0.0
-500.0
3.0,3.0;1.0,0.0::-5000.0,0.0
-5000.0
1.0,0.0;3.0,4.0::-540.0,0.0
-540.0
3.0,4.0;1.0,0.0::-5015.0,0.0
-5015.0
1.0,0.0;4.0,0.0::-4007.5,0.0
-4007.5
4.0,0.0;1.0,0.0::-1520.0,0.0
-1520.0
1.0,0.0;4.0,1.0::-2007.5,0.0
-2007.5
4.0,1.0;1.0,0.0::-770.0,0.0
-770.0
1.0,0.0;4.0,2.0::-2007.5,0.0
-2007.5
4.0,2.0;1.0,0.0::-770.0,0.0
-770.0
1.0,0.0;4.0,3.0::-7.5,0.0
-7.5
4.0,3.0;1.0,0.0::-20.0,0.0
-20.0
1.0,0.0;4.0,4.0::-47.5,0.0
-47.5
4.0,4.0;1.0,0.0::-35.0,0.0
-35.0
1.0,1.0;1.0,1.0::-2750.0,0.0
-2750.0
1.0,1.0;1.0,1.0::-2750.0,0.0
-2750.0
1.0,1.0;1.0,2.0::-2750.0,0.0
-2750.0
1.0,2.0;1.0,1.0::-2750.0,0.0
-2750.0
1.0,1.0;1.0,3.0::-750.0,0.0
-750.0
1.0,3.0;1.0,1.0::-2000.0,0.0
-2000.0
1.0,1.0;1.0,4.0::-790.0,0.0
-790.0
1.0,4.0;1.0,1.0::-2015.0,0.0
-2015.0
1.0,1.0;2.0,0.0::-4750.0,0.0
-4750.0
2.0,0.0;1.0,1.0::-3500.0,0.0
-3500.0
1.0,1.0;2.0,1.0::-2750.0,0.0
-2750.0
2.0,1.0;1.0,1.0::-2750.0,0.0
-2750.0
1.0,1.0;2.0,2.0::-2750.0,0.0
-2750.0
2.0,2.0;1.0,1.0::-2750.0,0.0
-2750.0
1.0,1.0;2.0,3.0::-750.0,0.0
-750.0
2.0,3.0;1.0,1.0::-2000.0,0.0
-2000.0
1.0,1.0;2.0,4.0::-790.0,0.0
-790.0
2.0,4.0;1.0,1.0::-2015.0,0.0
-2015.0
1.0,1.0;3.0,0.0::-4000.0,0.0
-4000.0
3.0,0.0;1.0,1.0::-1500.0,0.0
-1500.0
1.0,1.0;3.0,1.0::-2000.0,0.0
-2000.0
3.0,1.0;1.0,1.0::-750.0,0.0
-750.0
1.0,1.0;3.0,2.0::-2000.0,0.0
-2000.0
3.0,2.0;1.0,1.0::-750.0,0.0
-750.0
1.0,1.0;3.0,3.0::0.0,0.0
0.0
3.0,3.0;1.0,1.0::0.0,0.0
0.0
1.0,1.0;3.0,4.0::-40.0,0.0
-40.0
3.0,4.0;1.0,1.0::-15.0,0.0
-15.0
1.0,1.0;4.0,0.0::-4007.5,0.0
-4007.5
4.0,0.0;1.0,1.0::-1520.0,0.0
-1520.0
1.0,1.0;4.0,1.0::-2007.5,0.0
-2007.5
4.0,1.0;1.0,1.0::-770.0,0.0
-770.0
1.0,1.0;4.0,2.0::-2007.5,0.0
-2007.5
4.0,2.0;1.0,1.0::-770.0,0.0
-770.0
1.0,1.0;4.0,3.0::-7.5,0.0
-7.5
4.0,3.0;1.0,1.0::-20.0,0.0
-20.0
1.0,1.0;4.0,4.0::-47.5,0.0
-47.5
4.0,4.0;1.0,1.0::-35.0,0.0
-35.0
1.0,2.0;1.0,2.0::-2750.0,0.0
-2750.0
1.0,2.0;1.0,2.0::-2750.0,0.0
-2750.0
1.0,2.0;1.0,3.0::-750.0,0.0
-750.0
1.0,3.0;1.0,2.0::-2000.0,0.0
-2000.0
1.0,2.0;1.0,4.0::-790.0,0.0
-790.0
1.0,4.0;1.0,2.0::-2015.0,0.0
-2015.0
1.0,2.0;2.0,0.0::-4750.0,0.0
-4750.0
2.0,0.0;1.0,2.0::-3500.0,0.0
-3500.0
1.0,2.0;2.0,1.0::-2750.0,0.0
-2750.0
2.0,1.0;1.0,2.0::-2750.0,0.0
-2750.0
1.0,2.0;2.0,2.0::-2750.0,0.0
-2750.0
2.0,2.0;1.0,2.0::-2750.0,0.0
-2750.0
1.0,2.0;2.0,3.0::-750.0,0.0
-750.0
2.0,3.0;1.0,2.0::-2000.0,0.0
-2000.0
1.0,2.0;2.0,4.0::-790.0,0.0
-790.0
2.0,4.0;1.0,2.0::-2015.0,0.0
-2015.0
1.0,2.0;3.0,0.0::-4500.0,0.0
-4500.0
3.0,0.0;1.0,2.0::-6500.0,0.0
-6500.0
1.0,2.0;3.0,1.0::-2500.0,0.0
-2500.0
3.0,1.0;1.0,2.0::-5750.0,0.0
-5750.0
1.0,2.0;3.0,2.0::-2500.0,0.0
-2500.0
3.0,2.0;1.0,2.0::-5750.0,0.0
-5750.0
1.0,2.0;3.0,3.0::-500.0,0.0
-500.0
3.0,3.0;1.0,2.0::-5000.0,0.0
-5000.0
1.0,2.0;3.0,4.0::-540.0,0.0
-540.0
3.0,4.0;1.0,2.0::-5015.0,0.0
-5015.0
1.0,2.0;4.0,0.0::-5000.0,0.0
-5000.0
4.0,0.0;1.0,2.0::-500.0,0.0
-500.0
1.0,2.0;4.0,1.0::-3000.0,0.0
-3000.0
4.0,1.0;1.0,2.0::250.0,0.0
250.0
1.0,2.0;4.0,2.0::-3000.0,0.0
-3000.0
4.0,2.0;1.0,2.0::250.0,0.0
250.0
1.0,2.0;4.0,3.0::-1000.0,0.0
-1000.0
4.0,3.0;1.0,2.0::1000.0,0.0
1000.0
1.0,2.0;4.0,4.0::-1040.0,0.0
-1040.0
4.0,4.0;1.0,2.0::985.0,0.0
985.0
1.0,3.0;1.0,3.0::0.0,0.0
0.0
1.0,3.0;1.0,3.0::0.0,0.0
0.0
1.0,3.0;1.0,4.0::-40.0,0.0
-40.0
1.0,4.0;1.0,3.0::-15.0,0.0
-15.0
1.0,3.0;2.0,0.0::-5000.0,0.0
-5000.0
2.0,0.0;1.0,3.0::-500.0,0.0
-500.0
1.0,3.0;2.0,1.0::-3000.0,0.0
-3000.0
2.0,1.0;1.0,3.0::250.0,0.0
250.0
1.0,3.0;2.0,2.0::-3000.0,0.0
-3000.0
2.0,2.0;1.0,3.0::250.0,0.0
250.0
1.0,3.0;2.0,3.0::-1000.0,0.0
-1000.0
2.0,3.0;1.0,3.0::1000.0,0.0
1000.0
1.0,3.0;2.0,4.0::-1040.0,0.0
-1040.0
2.0,4.0;1.0,3.0::985.0,0.0
985.0
1.0,3.0;3.0,0.0::-4000.0,0.0
-4000.0
3.0,0.0;1.0,3.0::-1500.0,0.0
-1500.0
1.0,3.0;3.0,1.0::-2000.0,0.0
-2000.0
3.0,1.0;1.0,3.0::-750.0,0.0
-750.0
1.0,3.0;3.0,2.0::-2000.0,0.0
-2000.0
3.0,2.0;1.0,3.0::-750.0,0.0
-750.0
1.0,3.0;3.0,3.0::0.0,0.0
0.0
3.0,3.0;1.0,3.0::0.0,0.0
0.0
1.0,3.0;3.0,4.0::-40.0,0.0
-40.0
3.0,4.0;1.0,3.0::-15.0,0.0
-15.0
1.0,3.0;4.0,0.0::-5000.0,0.0
-5000.0
4.0,0.0;1.0,3.0::-500.0,0.0
-500.0
1.0,3.0;4.0,1.0::-3000.0,0.0
-3000.0
4.0,1.0;1.0,3.0::250.0,0.0
250.0
1.0,3.0;4.0,2.0::-3000.0,0.0
-3000.0
4.0,2.0;1.0,3.0::250.0,0.0
250.0
1.0,3.0;4.0,3.0::-1000.0,0.0
-1000.0
4.0,3.0;1.0,3.0::1000.0,0.0
1000.0
1.0,3.0;4.0,4.0::-1040.0,0.0
-1040.0
4.0,4.0;1.0,3.0::985.0,0.0
985.0
1.0,4.0;1.0,4.0::-55.0,0.0
-55.0
1.0,4.0;1.0,4.0::-55.0,0.0
-55.0
1.0,4.0;2.0,0.0::-4500.0,0.0
-4500.0
2.0,0.0;1.0,4.0::-6500.0,0.0
-6500.0
1.0,4.0;2.0,1.0::-2500.0,0.0
-2500.0
2.0,1.0;1.0,4.0::-5750.0,0.0
-5750.0
1.0,4.0;2.0,2.0::-2500.0,0.0
-2500.0
2.0,2.0;1.0,4.0::-5750.0,0.0
-5750.0
1.0,4.0;2.0,3.0::-500.0,0.0
-500.0
2.0,3.0;1.0,4.0::-5000.0,0.0
-5000.0
1.0,4.0;2.0,4.0::-540.0,0.0
-540.0
2.0,4.0;1.0,4.0::-5015.0,0.0
-5015.0
1.0,4.0;3.0,0.0::-4015.0,0.0
-4015.0
3.0,0.0;1.0,4.0::-1540.0,0.0
-1540.0
1.0,4.0;3.0,1.0::-2015.0,0.0
-2015.0
3.0,1.0;1.0,4.0::-790.0,0.0
-790.0
1.0,4.0;3.0,2.0::-2015.0,0.0
-2015.0
3.0,2.0;1.0,4.0::-790.0,0.0
-790.0
1.0,4.0;3.0,3.0::-15.0,0.0
-15.0
3.0,3.0;1.0,4.0::-40.0,0.0
-40.0
1.0,4.0;3.0,4.0::-55.0,0.0
-55.0
3.0,4.0;1.0,4.0::-55.0,0.0
-55.0
1.0,4.0;4.0,0.0::-4007.5,0.0
-4007.5
4.0,0.0;1.0,4.0::-1520.0,0.0
-1520.0
1.0,4.0;4.0,1.0::-2007.5,0.0
-2007.5
4.0,1.0;1.0,4.0::-770.0,0.0
-770.0
1.0,4.0;4.0,2.0::-2007.5,0.0
-2007.5
4.0,2.0;1.0,4.0::-770.0,0.0
-770.0
1.0,4.0;4.0,3.0::-7.5,0.0
-7.5
4.0,3.0;1.0,4.0::-20.0,0.0
-20.0
1.0,4.0;4.0,4.0::-47.5,0.0
-47.5
4.0,4.0;1.0,4.0::-35.0,0.0
-35.0
2.0,0.0;2.0,0.0::-5500.0,0.0
-5500.0
2.0,0.0;2.0,0.0::-5500.0,0.0
-5500.0
2.0,0.0;2.0,1.0::-2500.0,0.0
-2500.0
2.0,1.0;2.0,0.0::-5750.0,0.0
-5750.0
2.0,0.0;2.0,2.0::-2500.0,0.0
-2500.0
2.0,2.0;2.0,0.0::-5750.0,0.0
-5750.0
2.0,0.0;2.0,3.0::500.0,0.0
500.0
2.0,3.0;2.0,0.0::-6000.0,0.0
-6000.0
2.0,0.0;2.0,4.0::-5500.0,0.0
-5500.0
2.0,4.0;2.0,0.0::-5500.0,0.0
-5500.0
2.0,0.0;3.0,0.0::-5500.0,0.0
-5500.0
3.0,0.0;2.0,0.0::-5500.0,0.0
-5500.0
2.0,0.0;3.0,1.0::-2500.0,0.0
-2500.0
3.0,1.0;2.0,0.0::-5750.0,0.0
-5750.0
2.0,0.0;3.0,2.0::-2500.0,0.0
-2500.0
3.0,2.0;2.0,0.0::-5750.0,0.0
-5750.0
2.0,0.0;3.0,3.0::500.0,0.0
500.0
3.0,3.0;2.0,0.0::-6000.0,0.0
-6000.0
2.0,0.0;3.0,4.0::-5500.0,0.0
-5500.0
3.0,4.0;2.0,0.0::-5500.0,0.0
-5500.0
2.0,0.0;4.0,0.0::-5007.5,0.0
-5007.5
4.0,0.0;2.0,0.0::-520.0,0.0
-520.0
2.0,0.0;4.0,1.0::-2007.5,0.0
-2007.5
4.0,1.0;2.0,0.0::-770.0,0.0
-770.0
2.0,0.0;4.0,2.0::-2007.5,0.0
-2007.5
4.0,2.0;2.0,0.0::-770.0,0.0
-770.0
2.0,0.0;4.0,3.0::992.5,0.0
992.5
4.0,3.0;2.0,0.0::-1020.0,0.0
-1020.0
2.0,0.0;4.0,4.0::-5007.5,0.0
-5007.5
4.0,4.0;2.0,0.0::-520.0,0.0
-520.0
2.0,1.0;2.0,1.0::-2750.0,0.0
-2750.0
2.0,1.0;2.0,1.0::-2750.0,0.0
-2750.0
2.0,1.0;2.0,2.0::-2750.0,0.0
-2750.0
2.0,2.0;2.0,1.0::-2750.0,0.0
-2750.0
2.0,1.0;2.0,3.0::250.0,0.0
250.0
2.0,3.0;2.0,1.0::-3000.0,0.0
-3000.0
2.0,1.0;2.0,4.0::-5750.0,0.0
-5750.0
2.0,4.0;2.0,1.0::-2500.0,0.0
-2500.0
2.0,1.0;3.0,0.0::-5000.0,0.0
-5000.0
3.0,0.0;2.0,1.0::-500.0,0.0
-500.0
2.0,1.0;3.0,1.0::-2000.0,0.0
-2000.0
3.0,1.0;2.0,1.0::-750.0,0.0
-750.0
2.0,1.0;3.0,2.0::-2000.0,0.0
-2000.0
3.0,2.0;2.0,1.0::-750.0,0.0
-750.0
2.0,1.0;3.0,3.0::1000.0,0.0
1000.0
3.0,3.0;2.0,1.0::-1000.0,0.0
-1000.0
2.0,1.0;3.0,4.0::-5000.0,0.0
-5000.0
3.0,4.0;2.0,1.0::-500.0,0.0
-500.0
2.0,1.0;4.0,0.0::-5007.5,0.0
-5007.5
4.0,0.0;2.0,1.0::-520.0,0.0
-520.0
2.0,1.0;4.0,1.0::-2007.5,0.0
-2007.5
4.0,1.0;2.0,1.0::-770.0,0.0
-770.0
2.0,1.0;4.0,2.0::-2007.5,0.0
-2007.5
4.0,2.0;2.0,1.0::-770.0,0.0
-770.0
2.0,1.0;4.0,3.0::992.5,0.0
992.5
4.0,3.0;2.0,1.0::-1020.0,0.0
-1020.0
2.0,1.0;4.0,4.0::-5007.5,0.0
-5007.5
4.0,4.0;2.0,1.0::-520.0,0.0
-520.0
2.0,2.0;2.0,2.0::-2750.0,0.0
-2750.0
2.0,2.0;2.0,2.0::-2750.0,0.0
-2750.0
2.0,2.0;2.0,3.0::250.0,0.0
250.0
2.0,3.0;2.0,2.0::-3000.0,0.0
-3000.0
2.0,2.0;2.0,4.0::-5750.0,0.0
-5750.0
2.0,4.0;2.0,2.0::-2500.0,0.0
-2500.0
2.0,2.0;3.0,0.0::-5500.0,0.0
-5500.0
3.0,0.0;2.0,2.0::-5500.0,0.0
-5500.0
2.0,2.0;3.0,1.0::-2500.0,0.0
-2500.0
3.0,1.0;2.0,2.0::-5750.0,0.0
-5750.0
2.0,2.0;3.0,2.0::-2500.0,0.0
-2500.0
3.0,2.0;2.0,2.0::-5750.0,0.0
-5750.0
2.0,2.0;3.0,3.0::500.0,0.0
500.0
3.0,3.0;2.0,2.0::-6000.0,0.0
-6000.0
2.0,2.0;3.0,4.0::-5500.0,0.0
-5500.0
3.0,4.0;2.0,2.0::-5500.0,0.0
-5500.0
2.0,2.0;4.0,0.0::-6000.0,0.0
-6000.0
4.0,0.0;2.0,2.0::500.0,0.0
500.0
2.0,2.0;4.0,1.0::-3000.0,0.0
-3000.0
4.0,1.0;2.0,2.0::250.0,0.0
250.0
2.0,2.0;4.0,2.0::-3000.0,0.0
-3000.0
4.0,2.0;2.0,2.0::250.0,0.0
250.0
2.0,2.0;4.0,3.0::0.0,0.0
0.0
4.0,3.0;2.0,2.0::0.0,0.0
0.0
2.0,2.0;4.0,4.0::-6000.0,0.0
-6000.0
4.0,4.0;2.0,2.0::500.0,0.0
500.0
2.0,3.0;2.0,3.0::0.0,0.0
0.0
2.0,3.0;2.0,3.0::0.0,0.0
0.0
2.0,3.0;2.0,4.0::-6000.0,0.0
-6000.0
2.0,4.0;2.0,3.0::500.0,0.0
500.0
2.0,3.0;3.0,0.0::-5000.0,0.0
-5000.0
3.0,0.0;2.0,3.0::-500.0,0.0
-500.0
2.0,3.0;3.0,1.0::-2000.0,0.0
-2000.0
3.0,1.0;2.0,3.0::-750.0,0.0
-750.0
2.0,3.0;3.0,2.0::-2000.0,0.0
-2000.0
3.0,2.0;2.0,3.0::-750.0,0.0
-750.0
2.0,3.0;3.0,3.0::1000.0,0.0
1000.0
3.0,3.0;2.0,3.0::-1000.0,0.0
-1000.0
2.0,3.0;3.0,4.0::-5000.0,0.0
-5000.0
3.0,4.0;2.0,3.0::-500.0,0.0
-500.0
2.0,3.0;4.0,0.0::-6000.0,0.0
-6000.0
4.0,0.0;2.0,3.0::500.0,0.0
500.0
2.0,3.0;4.0,1.0::-3000.0,0.0
-3000.0
4.0,1.0;2.0,3.0::250.0,0.0
250.0
2.0,3.0;4.0,2.0::-3000.0,0.0
-3000.0
4.0,2.0;2.0,3.0::250.0,0.0
250.0
2.0,3.0;4.0,3.0::0.0,0.0
0.0
4.0,3.0;2.0,3.0::0.0,0.0
0.0
2.0,3.0;4.0,4.0::-6000.0,0.0
-6000.0
4.0,4.0;2.0,3.0::500.0,0.0
500.0
2.0,4.0;2.0,4.0::-5500.0,0.0
-5500.0
2.0,4.0;2.0,4.0::-5500.0,0.0
-5500.0
2.0,4.0;3.0,0.0::-5015.0,0.0
-5015.0
3.0,0.0;2.0,4.0::-540.0,0.0
-540.0
2.0,4.0;3.0,1.0::-2015.0,0.0
-2015.0
3.0,1.0;2.0,4.0::-790.0,0.0
-790.0
2.0,4.0;3.0,2.0::-2015.0,0.0
-2015.0
3.0,2.0;2.0,4.0::-790.0,0.0
-790.0
2.0,4.0;3.0,3.0::985.0,0.0
985.0
3.0,3.0;2.0,4.0::-1040.0,0.0
-1040.0
2.0,4.0;3.0,4.0::-5015.0,0.0
-5015.0
3.0,4.0;2.0,4.0::-540.0,0.0
-540.0
2.0,4.0;4.0,0.0::-5007.5,0.0
-5007.5
4.0,0.0;2.0,4.0::-520.0,0.0
-520.0
2.0,4.0;4.0,1.0::-2007.5,0.0
-2007.5
4.0,1.0;2.0,4.0::-770.0,0.0
-770.0
2.0,4.0;4.0,2.0::-2007.5,0.0
-2007.5
4.0,2.0;2.0,4.0::-770.0,0.0
-770.0
2.0,4.0;4.0,3.0::992.5,0.0
992.5
4.0,3.0;2.0,4.0::-1020.0,0.0
-1020.0
2.0,4.0;4.0,4.0::-5007.5,0.0
-5007.5
4.0,4.0;2.0,4.0::-520.0,0.0
-520.0
3.0,0.0;3.0,0.0::-5500.0,0.0
-5500.0
3.0,0.0;3.0,0.0::-5500.0,0.0
-5500.0
3.0,0.0;3.0,1.0::-500.0,0.0
-500.0
3.0,1.0;3.0,0.0::-5000.0,0.0
-5000.0
3.0,0.0;3.0,2.0::-5500.0,0.0
-5500.0
3.0,2.0;3.0,0.0::-5500.0,0.0
-5500.0
3.0,0.0;3.0,3.0::-500.0,0.0
-500.0
3.0,3.0;3.0,0.0::-5000.0,0.0
-5000.0
3.0,0.0;3.0,4.0::-540.0,0.0
-540.0
3.0,4.0;3.0,0.0::-5015.0,0.0
-5015.0
3.0,0.0;4.0,0.0::-5007.5,0.0
-5007.5
4.0,0.0;3.0,0.0::-520.0,0.0
-520.0
3.0,0.0;4.0,1.0::-7.5,0.0
-7.5
4.0,1.0;3.0,0.0::-20.0,0.0
-20.0
3.0,0.0;4.0,2.0::-5007.5,0.0
-5007.5
4.0,2.0;3.0,0.0::-520.0,0.0
-520.0
3.0,0.0;4.0,3.0::-7.5,0.0
-7.5
4.0,3.0;3.0,0.0::-20.0,0.0
-20.0
3.0,0.0;4.0,4.0::-47.5,0.0
-47.5
4.0,4.0;3.0,0.0::-35.0,0.0
-35.0
3.0,1.0;3.0,1.0::0.0,0.0
0.0
3.0,1.0;3.0,1.0::0.0,0.0
0.0
3.0,1.0;3.0,2.0::-5000.0,0.0
-5000.0
3.0,2.0;3.0,1.0::-500.0,0.0
-500.0
3.0,1.0;3.0,3.0::0.0,0.0
0.0
3.0,3.0;3.0,1.0::0.0,0.0
0.0
3.0,1.0;3.0,4.0::-40.0,0.0
-40.0
3.0,4.0;3.0,1.0::-15.0,0.0
-15.0
3.0,1.0;4.0,0.0::-5007.5,0.0
-5007.5
4.0,0.0;3.0,1.0::-520.0,0.0
-520.0
3.0,1.0;4.0,1.0::-7.5,0.0
-7.5
4.0,1.0;3.0,1.0::-20.0,0.0
-20.0
3.0,1.0;4.0,2.0::-5007.5,0.0
-5007.5
4.0,2.0;3.0,1.0::-520.0,0.0
-520.0
3.0,1.0;4.0,3.0::-7.5,0.0
-7.5
4.0,3.0;3.0,1.0::-20.0,0.0
-20.0
3.0,1.0;4.0,4.0::-47.5,0.0
-47.5
4.0,4.0;3.0,1.0::-35.0,0.0
-35.0
3.0,2.0;3.0,2.0::-5500.0,0.0
-5500.0
3.0,2.0;3.0,2.0::-5500.0,0.0
-5500.0
3.0,2.0;3.0,3.0::-500.0,0.0
-500.0
3.0,3.0;3.0,2.0::-5000.0,0.0
-5000.0
3.0,2.0;3.0,4.0::-540.0,0.0
-540.0
3.0,4.0;3.0,2.0::-5015.0,0.0
-5015.0
3.0,2.0;4.0,0.0::-6000.0,0.0
-6000.0
4.0,0.0;3.0,2.0::500.0,0.0
500.0
3.0,2.0;4.0,1.0::-1000.0,0.0
-1000.0
4.0,1.0;3.0,2.0::1000.0,0.0
1000.0
3.0,2.0;4.0,2.0::-6000.0,0.0
-6000.0
4.0,2.0;3.0,2.0::500.0,0.0
500.0
3.0,2.0;4.0,3.0::-1000.0,0.0
-1000.0
4.0,3.0;3.0,2.0::1000.0,0.0
1000.0
3.0,2.0;4.0,4.0::-1040.0,0.0
-1040.0
4.0,4.0;3.0,2.0::985.0,0.0
985.0
3.0,3.0;3.0,3.0::0.0,0.0
0.0
3.0,3.0;3.0,3.0::0.0,0.0
0.0
3.0,3.0;3.0,4.0::-40.0,0.0
-40.0
3.0,4.0;3.0,3.0::-15.0,0.0
-15.0
3.0,3.0;4.0,0.0::-6000.0,0.0
-6000.0
4.0,0.0;3.0,3.0::500.0,0.0
500.0
3.0,3.0;4.0,1.0::-1000.0,0.0
-1000.0
4.0,1.0;3.0,3.0::1000.0,0.0
1000.0
3.0,3.0;4.0,2.0::-6000.0,0.0
-6000.0
4.0,2.0;3.0,3.0::500.0,0.0
500.0
3.0,3.0;4.0,3.0::-1000.0,0.0
-1000.0
4.0,3.0;3.0,3.0::1000.0,0.0
1000.0
3.0,3.0;4.0,4.0::-1040.0,0.0
-1040.0
4.0,4.0;3.0,3.0::985.0,0.0
985.0
3.0,4.0;3.0,4.0::-55.0,0.0
-55.0
3.0,4.0;3.0,4.0::-55.0,0.0
-55.0
3.0,4.0;4.0,0.0::-5007.5,0.0
-5007.5
4.0,0.0;3.0,4.0::-520.0,0.0
-520.0
3.0,4.0;4.0,1.0::-7.5,0.0
-7.5
4.0,1.0;3.0,4.0::-20.0,0.0
-20.0
3.0,4.0;4.0,2.0::-5007.5,0.0
-5007.5
4.0,2.0;3.0,4.0::-520.0,0.0
-520.0
3.0,4.0;4.0,3.0::-7.5,0.0
-7.5
4.0,3.0;3.0,4.0::-20.0,0.0
-20.0
3.0,4.0;4.0,4.0::-47.5,0.0
-47.5
4.0,4.0;3.0,4.0::-35.0,0.0
-35.0
4.0,0.0;4.0,0.0::-27.5,0.0
-27.5
4.0,0.0;4.0,0.0::-27.5,0.0
-27.5
4.0,0.0;4.0,1.0::-27.5,0.0
-27.5
4.0,1.0;4.0,0.0::-27.5,0.0
-27.5
4.0,0.0;4.0,2.0::992.5,0.0
992.5
4.0,2.0;4.0,0.0::-1020.0,0.0
-1020.0
4.0,0.0;4.0,3.0::992.5,0.0
992.5
4.0,3.0;4.0,0.0::-1020.0,0.0
-1020.0
4.0,0.0;4.0,4.0::-27.5,0.0
-27.5
4.0,4.0;4.0,0.0::-27.5,0.0
-27.5
4.0,1.0;4.0,1.0::-27.5,0.0
-27.5
4.0,1.0;4.0,1.0::-27.5,0.0
-27.5
4.0,1.0;4.0,2.0::992.5,0.0
992.5
4.0,2.0;4.0,1.0::-1020.0,0.0
-1020.0
4.0,1.0;4.0,3.0::992.5,0.0
992.5
4.0,3.0;4.0,1.0::-1020.0,0.0
-1020.0
4.0,1.0;4.0,4.0::-27.5,0.0
-27.5
4.0,4.0;4.0,1.0::-27.5,0.0
-27.5
4.0,2.0;4.0,2.0::0.0,0.0
0.0
4.0,2.0;4.0,2.0::0.0,0.0
0.0
4.0,2.0;4.0,3.0::0.0,0.0
0.0
4.0,3.0;4.0,2.0::0.0,0.0
0.0
4.0,2.0;4.0,4.0::-1020.0,0.0
-1020.0
4.0,4.0;4.0,2.0::992.5,0.0
992.5
4.0,3.0;4.0,3.0::0.0,0.0
0.0
4.0,3.0;4.0,3.0::0.0,0.0
0.0
4.0,3.0;4.0,4.0::-1020.0,0.0
-1020.0
4.0,4.0;4.0,3.0::992.5,0.0
992.5
4.0,4.0;4.0,4.0::-27.5,0.0
-27.5
4.0,4.0;4.0,4.0::-27.5,0.0
-27.5
