1.0,4.0;1.0,4.0::-15.0,0.0
-15.0
1.0,4.0;1.0,4.0::-15.0,0.0
-15.0
1.0,4.0;2.0,0.0::-2000.0,0.0
-2000.0
2.0,0.0;1.0,4.0::-4000.0,0.0
-4000.0
1.0,4.0;2.0,1.0::-1250.0,0.0
-1250.0
2.0,1.0;1.0,4.0::-3250.0,0.0
-3250.0
1.0,4.0;2.0,2.0::-1250.0,0.0
-1250.0
2.0,2.0;1.0,4.0::-3250.0,0.0
-3250.0
1.0,4.0;2.0,3.0::-500.0,0.0
-500.0
2.0,3.0;1.0,4.0::-2500.0,0.0
-2500.0
1.0,4.0;2.0,4.0::-507.5,0.0
-507.5
2.0,4.0;1.0,4.0::-2507.5,0.0
-2507.5
1.0,4.0;3.0,0.0::-1507.5,0.0
-1507.5
3.0,0.0;1.0,4.0::-1507.5,0.0
-1507.5
1.0,4.0;3.0,1.0::-757.5,0.0
-757.5
3.0,1.0;1.0,4.0::-757.5,0.0
-757.5
1.0,4.0;3.0,2.0::-757.5,0.0
-757.5
3.0,2.0;1.0,4.0::-757.5,0.0
-757.5
1.0,4.0;3.0,3.0::-7.5,0.0
-7.5
3.0,3.0;1.0,4.0::-7.5,0.0
-7.5
1.0,4.0;3.0,4.0::-15.0,0.0
-15.0
3.0,4.0;1.0,4.0::-15.0,0.0
-15.0
1.0,4.0;4.0,0.0::-2502.5,0.0
-2502.5
4.0,0.0;1.0,4.0::-512.5,0.0
-512.5
1.0,4.0;4.0,1.0::-1752.5,0.0
-1752.5
4.0,1.0;1.0,4.0::237.5,0.0
237.5
1.0,4.0;4.0,2.0::-1752.5,0.0
-1752.5
4.0,2.0;1.0,4.0::237.5,0.0
237.5
1.0,4.0;4.0,3.0::-1002.5,0.0
-1002.5
4.0,3.0;1.0,4.0::987.5,0.0
987.5
1.0,4.0;4.0,4.0::-1010.0,0.0
-1010.0
4.0,4.0;1.0,4.0::980.0,0.0
980.0
