-1.5,-1.5,-1.5;-1.5,-1.5,-1.5::370.836,19.191433088750824
337.69999999999993,396.2,344.39999999999986,397.4999999999999,374.7,367.79999999999995,375.8,336.69999999999993,370.0,369.9,359.4,386.59999999999997,375.4999999999999,388.4999999999999,379.69999999999993,363.79999999999995,373.80000000000007,343.0,366.5999999999999,402.0999999999999,350.9,350.69999999999993,407.79999999999995,375.5,376.3
-1.5,-1.5,-1.5;-1.5,-1.5,-1.5::367.5199999999999,25.539099435962886
373.1999999999998,333.9999999999999,362.4999999999999,377.8,364.70000000000005,371.5,367.69999999999993,406.59999999999997,439.9,369.59999999999985,355.79999999999995,342.6,315.8,364.9,383.29999999999995,361.7,373.40000000000003,367.1,350.9,387.89999999999986,318.9,366.4,389.90000000000003,349.90000000000003,391.99999999999994
-1.5,-1.5,-1.5;-1.5,-1.5,-1.0::365.256,27.83758725177165
322.5999999999999,390.7999999999999,351.20000000000005,374.69999999999993,394.9,371.49999999999994,334.5,327.20000000000005,329.5999999999999,340.9,301.30000000000007,360.69999999999993,394.6,368.4,392.39999999999986,410.9,374.5,370.5999999999999,400.6,349.5,396.9,373.59999999999997,355.29999999999995,391.6,352.6
-1.5,-1.5,-1.0;-1.5,-1.5,-1.5::375.67199999999997,26.53862875131266
396.5999999999999,376.7999999999999,384.79999999999995,372.79999999999995,388.59999999999997,403.4,360.4,381.2,359.79999999999995,404.29999999999995,313.1,392.59999999999997,358.29999999999995,362.0,380.69999999999993,368.9,332.4,380.0999999999999,398.4,369.4,406.69999999999993,313.4,399.5999999999999,421.39999999999986,366.0999999999999
-1.5,-1.5,-1.5;-1.5,-1.0,-1.5::363.536,28.8824774560632
408.7,388.9,347.59999999999997,371.9999999999999,363.0,355.4,410.79999999999995,342.4,341.40000000000003,280.6,332.5,393.4,348.4,381.69999999999993,370.9,352.79999999999995,395.79999999999995,408.19999999999993,344.49999999999994,381.5999999999999,362.19999999999993,359.29999999999984,351.49999999999994,366.6,328.20000000000005
-1.5,-1.0,-1.5;-1.5,-1.5,-1.5::366.272,13.739971470130497
366.4,382.8,363.29999999999995,392.29999999999995,354.1,383.49999999999994,350.4,360.5,387.4,356.29999999999995,364.4999999999999,353.30000000000007,354.09999999999997,359.29999999999995,384.4,360.29999999999995,367.2999999999999,354.20000000000005,394.4,365.5,360.0999999999999,348.8999999999998,359.5,352.4,381.5999999999999
-1.5,-1.5,-1.5;-1.5,-1.0,-1.0::355.856,23.64402808321796
299.40000000000003,301.7,341.0,323.7,359.80000000000007,333.6,366.29999999999995,376.29999999999995,360.7,365.59999999999997,338.80000000000007,391.4000000000001,349.4,343.69999999999993,358.5,376.9,348.69999999999993,353.4,357.59999999999997,376.0,357.5999999999999,396.1,385.8999999999999,365.5999999999999,368.69999999999993
-1.5,-1.0,-1.0;-1.5,-1.5,-1.5::369.73999999999995,21.45333540501335
323.00000000000006,393.4,408.49999999999994,383.0999999999999,371.2,317.0,363.79999999999995,380.3,374.29999999999995,355.29999999999995,390.5,347.20000000000005,373.09999999999997,391.0999999999999,386.29999999999995,346.7999999999999,358.2999999999999,372.9999999999999,378.9,371.70000000000005,378.9,381.69999999999993,365.4999999999999,340.79999999999995,389.7999999999999
-1.5,-1.5,-1.5;-1.0,-1.5,-1.5::364.592,26.145560540940792
413.9,351.5999999999999,343.6,357.69999999999993,377.19999999999993,350.69999999999993,362.7,344.0,322.90000000000003,337.2999999999999,358.29999999999995,420.79999999999995,395.29999999999995,309.39999999999986,358.5,393.79999999999995,366.69999999999993,356.79999999999995,396.59999999999997,371.9,360.5,357.8,339.3999999999999,377.0,390.39999999999986
-1.0,-1.5,-1.5;-1.5,-1.5,-1.5::379.38799999999986,23.94268690017893
439.5999999999999,375.79999999999995,377.5999999999999,361.79999999999995,391.5999999999999,386.4999999999999,396.4999999999999,381.79999999999995,380.4,353.69999999999993,378.0999999999999,400.8999999999999,391.5,315.3999999999999,344.29999999999995,363.4999999999999,380.4999999999999,393.20000000000005,400.79999999999995,413.9,357.0,371.6,383.4,388.7999999999999,356.5
-1.5,-1.5,-1.5;-1.0,-1.5,-1.0::358.476,20.09683119300153
356.69999999999993,361.5,373.6,388.79999999999995,359.7,357.59999999999997,367.5999999999999,361.5999999999999,368.3999999999999,341.8,414.5999999999999,354.69999999999993,312.3999999999999,338.0,382.69999999999993,387.3999999999999,343.5,348.5999999999999,362.4999999999999,349.79999999999995,342.0,347.70000000000005,356.20000000000005,341.19999999999993,343.29999999999995
-1.0,-1.5,-1.0;-1.5,-1.5,-1.5::378.58799999999997,26.953416406830495
340.7,399.69999999999993,361.20000000000005,310.59999999999997,431.29999999999995,377.49999999999994,395.79999999999995,361.19999999999993,384.19999999999993,401.5999999999999,412.1999999999999,388.79999999999995,389.8999999999999,383.49999999999983,408.79999999999995,401.79999999999995,397.0999999999999,350.39999999999986,360.79999999999995,331.4,387.8,367.79999999999995,384.3,383.0999999999999,353.2
-1.5,-1.5,-1.5;-1.0,-1.0,-1.5::365.3,23.482623362818725
389.79999999999995,363.5999999999999,368.5,393.9,374.2999999999999,355.80000000000007,391.79999999999995,351.4,361.3999999999999,363.2,328.39999999999986,380.59999999999997,352.29999999999995,398.5,357.4999999999999,299.70000000000005,326.5,401.0,367.4,375.69999999999993,378.29999999999984,375.70000000000005,370.70000000000005,369.80000000000007,336.69999999999993
-1.0,-1.0,-1.5;-1.5,-1.5,-1.5::375.5480000000001,19.62084850356885
361.3,386.69999999999993,361.9,395.5,354.29999999999995,377.5,371.4,379.19999999999993,363.5,375.6,377.9999999999999,384.5,384.5,412.0999999999999,361.19999999999993,331.3,378.29999999999995,432.8,387.6,355.29999999999995,361.79999999999995,365.7,382.6,383.70000000000005,362.3999999999999
-1.5,-1.5,-1.5;-1.0,-1.0,-1.0::356.60799999999995,31.81882361118964
376.70000000000005,304.5999999999999,408.0,410.29999999999995,386.69999999999993,351.4,375.69999999999993,368.9,312.5,347.70000000000005,401.4999999999999,306.0,314.5,392.19999999999993,364.1,378.19999999999993,372.8,361.59999999999997,361.4,329.29999999999995,345.4,363.09999999999985,356.19999999999993,319.30000000000007,307.1
-1.0,-1.0,-1.0;-1.5,-1.5,-1.5::379.0159999999999,17.891063243977428
380.4000000000001,380.29999999999995,351.5,388.0999999999999,366.5999999999999,377.1,377.29999999999995,414.4,398.29999999999995,385.4,371.49999999999994,375.3,380.0999999999999,392.20000000000005,403.19999999999993,394.4,388.4,382.99999999999994,367.2,362.5999999999999,388.9,376.79999999999995,323.99999999999994,391.2,357.2
-1.5,-1.5,-1.0;-1.5,-1.5,-1.0::370.19999999999993,20.837907764456578
390.29999999999995,365.59999999999997,337.29999999999995,376.0999999999999,390.5,376.7,354.69999999999993,373.79999999999995,356.6,381.7,385.29999999999995,368.0999999999999,384.5999999999999,332.50000000000006,346.4,418.5999999999999,383.4999999999999,360.20000000000005,360.4999999999999,342.4999999999999,350.49999999999994,387.4000000000001,370.3999999999999,407.79999999999995,353.40000000000003
-1.5,-1.5,-1.0;-1.5,-1.5,-1.0::368.68799999999993,25.53509459547779
410.39999999999986,349.4,307.5,315.90000000000003,410.4,392.69999999999993,380.5999999999999,384.0,380.5,363.5,348.99999999999994,360.4,374.6,352.30000000000007,324.30000000000007,356.4999999999999,377.39999999999986,368.4,366.5,386.49999999999994,386.29999999999995,401.90000000000003,366.9,377.80000000000007,373.5
-1.5,-1.5,-1.0;-1.5,-1.0,-1.5::364.41599999999994,24.097181245946572
381.49999999999994,349.5,336.4,379.19999999999993,366.39999999999986,358.99999999999994,363.5,369.29999999999995,400.79999999999995,363.5,323.0,371.9,369.89999999999986,357.0999999999999,357.20000000000005,328.3,391.4,376.8,343.29999999999995,414.5999999999999,350.4,405.79999999999995,378.59999999999997,357.5999999999999,315.40000000000003
-1.5,-1.0,-1.5;-1.5,-1.5,-1.0::365.17600000000004,21.49882378177931
397.5,379.29999999999995,390.19999999999993,357.4,372.4,373.5,361.20000000000005,371.19999999999993,366.7,339.1,340.79999999999984,383.49999999999994,360.0999999999999,318.9,367.6,306.1,379.79999999999995,368.6,361.6,376.49999999999994,390.6,357.5999999999999,380.5999999999999,343.5,385.0999999999999
-1.5,-1.5,-1.0;-1.5,-1.0,-1.0::363.16,20.44506786489104
332.0,400.6,338.69999999999993,357.5999999999999,347.29999999999995,343.9,401.5,373.29999999999995,342.2,350.29999999999995,338.4,398.1,395.5999999999999,348.0999999999999,370.5,338.79999999999995,369.69999999999993,367.09999999999997,355.2999999999999,383.0,365.2999999999999,379.4,367.59999999999997,354.29999999999995,360.40000000000003
-1.5,-1.0,-1.0;-1.5,-1.5,-1.0::364.05999999999995,27.051935235764553
371.7999999999999,384.29999999999995,396.0999999999999,361.4,367.3,365.6,423.6,327.09999999999997,318.09999999999997,348.20000000000005,359.99999999999994,334.29999999999995,357.3,335.9,378.69999999999993,386.4,347.5,374.79999999999995,407.29999999999995,392.4,333.0999999999999,335.1,403.0,342.29999999999995,349.90000000000003
-1.5,-1.5,-1.0;-1.0,-1.5,-1.5::362.72799999999995,23.726837463092277
386.69999999999993,378.79999999999995,342.3,340.6,399.29999999999995,390.2999999999999,300.59999999999997,365.6,364.9,383.79999999999995,368.29999999999984,377.7,359.6,373.19999999999993,356.20000000000005,350.3999999999999,344.90000000000003,379.6,365.5999999999999,314.70000000000005,358.20000000000005,358.4999999999999,357.0999999999999,407.5,343.8
-1.0,-1.5,-1.5;-1.5,-1.5,-1.0::364.552,25.899623472166514
386.9,368.90000000000003,380.6,354.79999999999995,335.8,374.39999999999986,374.5,375.70000000000005,408.9999999999999,345.6,362.5999999999999,411.59999999999997,393.5,337.5,376.70000000000005,384.69999999999993,335.1000000000001,367.70000000000005,379.29999999999984,300.8,316.6,364.4999999999999,351.50000000000006,347.90000000000003,377.5999999999999
-1.5,-1.5,-1.0;-1.0,-1.5,-1.0::366.432,15.402174391948664
361.59999999999997,384.5,351.5,392.3999999999999,364.59999999999997,359.30000000000007,349.59999999999997,346.4,362.5,326.80000000000007,356.70000000000005,383.9999999999999,372.5999999999999,369.2999999999999,381.5,370.4,375.5999999999999,379.69999999999993,367.49999999999994,351.30000000000007,372.29999999999984,387.6,359.69999999999993,348.69999999999993,384.69999999999993
-1.0,-1.5,-1.0;-1.5,-1.5,-1.0::374.0,18.80623300929773
371.59999999999997,382.1999999999999,347.5,362.6,366.3999999999999,371.0,397.69999999999993,370.4000000000001,402.29999999999995,378.4999999999999,374.5,374.4999999999999,392.4999999999999,387.4999999999999,381.70000000000005,408.29999999999995,361.5,387.7,363.7,373.4,318.29999999999995,365.3999999999999,355.5999999999999,358.5999999999999,396.5999999999999
-1.5,-1.5,-1.0;-1.0,-1.0,-1.5::351.11199999999997,22.429539808029936
388.7,329.19999999999993,336.2999999999999,326.4,344.69999999999993,344.59999999999997,355.29999999999995,379.5999999999999,351.7,338.6,371.79999999999995,333.20000000000005,312.4,314.79999999999995,361.5999999999999,375.59999999999997,344.40000000000003,342.19999999999993,316.1,354.69999999999993,357.5,355.5,375.19999999999993,397.29999999999995,370.4
-1.0,-1.0,-1.5;-1.5,-1.5,-1.0::367.88399999999996,18.2685671030872
370.49999999999994,353.3999999999999,358.1999999999999,335.99999999999994,386.19999999999993,366.5,353.29999999999995,371.29999999999995,391.5,370.3,383.4,370.9999999999999,372.4,357.0000000000001,395.2999999999999,403.4,390.5,330.2,374.0999999999999,364.59999999999997,341.49999999999994,345.5,363.1,363.6,384.29999999999995
-1.5,-1.5,-1.0;-1.0,-1.0,-1.0::350.42799999999994,19.35232327138011
336.59999999999997,345.19999999999993,336.3999999999999,370.4,367.19999999999993,346.0999999999999,385.70000000000005,353.1,375.5999999999999,340.20000000000005,352.40000000000003,361.3,346.09999999999997,342.20000000000005,316.19999999999993,339.19999999999993,305.5,357.3999999999999,345.69999999999993,353.1,328.5,382.4,373.30000000000007,332.70000000000005,368.20000000000005
-1.0,-1.0,-1.0;-1.5,-1.5,-1.0::376.48799999999994,26.346693454777185
412.0999999999999,402.9999999999999,372.09999999999985,360.4,317.0,390.4,393.4,337.0999999999999,399.5999999999999,390.09999999999997,384.0,391.19999999999993,387.8999999999999,346.09999999999997,390.19999999999993,362.8999999999999,397.5999999999999,341.5,354.0,324.90000000000003,368.0999999999999,395.9999999999998,399.6,380.79999999999995,412.19999999999993
-1.5,-1.0,-1.5;-1.5,-1.0,-1.5::363.728,23.717023759316834
347.1,365.4,364.29999999999995,401.4,356.4,336.5,356.4,385.09999999999997,302.4,382.69999999999993,344.40000000000003,381.19999999999993,370.4,398.29999999999995,383.5,306.20000000000005,358.5,355.1,355.1,365.3,375.20000000000005,369.40000000000003,361.4,386.0999999999999,385.4
-1.5,-1.0,-1.5;-1.5,-1.0,-1.5::356.824,27.575979112263628
351.4,375.20000000000005,368.3,391.0999999999999,334.4,310.29999999999995,400.6,361.4,357.9999999999999,299.30000000000007,394.30000000000007,355.6,336.5,340.3,377.4,299.59999999999997,402.8,351.4,363.5,365.29999999999995,349.6,359.30000000000007,385.19999999999993,334.29999999999995,355.5
-1.5,-1.0,-1.5;-1.5,-1.0,-1.0::361.564,20.6503439196542
318.4,382.5,358.4,350.2,360.79999999999995,373.19999999999993,381.49999999999994,360.19999999999993,395.49999999999994,332.29999999999995,358.0,347.3,333.5,389.0999999999999,348.9,396.9999999999999,360.6,378.19999999999993,358.19999999999993,361.29999999999995,327.6,358.5,352.5,392.5999999999999,362.79999999999995
-1.5,-1.0,-1.0;-1.5,-1.0,-1.5::356.90399999999994,24.975803971043657
386.4,358.19999999999993,364.1,400.2,312.79999999999995,377.19999999999993,321.0,372.19999999999993,355.29999999999995,360.19999999999993,308.2,371.4,333.4,379.4,320.9,375.3,366.2,398.29999999999995,332.4,343.09999999999997,369.6,334.09999999999997,348.4,361.09999999999997,373.19999999999993
-1.5,-1.0,-1.5;-1.0,-1.5,-1.5::366.9959999999999,23.940233582820355
401.6,389.29999999999995,348.0999999999999,393.19999999999993,364.49999999999994,332.09999999999997,349.4,375.0999999999999,363.19999999999993,413.2999999999999,364.3,347.2,362.4,370.9999999999999,409.5,382.4,360.0,328.0,411.59999999999997,361.70000000000005,351.5,338.49999999999994,357.59999999999997,346.1,353.30000000000007
-1.0,-1.5,-1.5;-1.5,-1.0,-1.5::367.436,27.025290081699413
389.8,363.49999999999994,388.79999999999995,359.9,388.39999999999986,364.29999999999995,323.4999999999999,348.89999999999986,291.79999999999995,419.8,378.8,349.59999999999997,364.79999999999995,365.1999999999999,369.6,406.49999999999994,326.19999999999993,384.70000000000005,375.79999999999995,361.50000000000006,403.9,376.79999999999995,377.9,354.4,351.5
-1.5,-1.0,-1.5;-1.0,-1.5,-1.0::370.9079999999999,23.177781084478273
367.5999999999999,354.5,352.9,359.8999999999999,364.4,383.6,363.89999999999986,364.19999999999993,377.0999999999999,326.1,355.5,403.9,373.8,378.5,322.20000000000005,396.3999999999999,420.19999999999993,384.29999999999995,368.5,371.59999999999997,366.4,414.39999999999986,337.20000000000005,382.29999999999995,383.29999999999995
-1.0,-1.5,-1.0;-1.5,-1.0,-1.5::369.18800000000005,21.747465507502223
407.79999999999995,346.59999999999997,368.79999999999995,335.69999999999993,356.79999999999995,381.5999999999999,348.19999999999993,364.29999999999984,369.49999999999994,369.9,353.70000000000005,356.0,351.8,384.0999999999999,346.20000000000005,342.70000000000005,363.99999999999994,406.49999999999994,352.70000000000005,373.7999999999999,386.2999999999999,380.69999999999993,359.6,410.69999999999993,411.69999999999993
-1.5,-1.0,-1.5;-1.0,-1.0,-1.5::354.30800000000005,21.036899391307642
337.0,349.1,349.49999999999994,354.29999999999995,391.4,379.5,320.4,312.09999999999997,330.4,372.0,343.4,378.49999999999994,372.5,349.29999999999995,332.9,375.29999999999995,354.6,345.6,349.2,329.70000000000005,380.5,348.1,345.29999999999995,389.49999999999994,367.59999999999997
-1.0,-1.0,-1.5;-1.5,-1.0,-1.5::366.92399999999986,24.460536052997686
335.20000000000005,359.0,391.0999999999999,382.29999999999995,379.5,389.2,350.3,322.29999999999995,376.1,352.1,415.4,346.6,390.19999999999993,379.49999999999994,359.29999999999995,395.19999999999993,376.0,379.4,343.0,393.70000000000005,323.8,323.69999999999993,359.59999999999997,381.29999999999995,369.29999999999995
-1.5,-1.0,-1.5;-1.0,-1.0,-1.0::363.8519999999999,31.997713918341084
330.30000000000007,382.0,428.4,343.5,310.2,352.19999999999993,328.29999999999995,311.1,403.9999999999999,378.4,361.4,351.5,338.3,356.9,404.99999999999994,380.3,341.4,395.29999999999995,387.19999999999993,427.19999999999993,384.5,359.9,334.1,362.79999999999995,342.09999999999997
-1.0,-1.0,-1.0;-1.5,-1.0,-1.5::378.68,23.839463081202133
388.0999999999999,344.3,376.40000000000003,415.5,374.19999999999993,380.4,430.19999999999993,400.9,383.9999999999999,394.3,391.3,343.4,340.0,343.0,393.0999999999999,375.9999999999999,403.19999999999993,359.3,394.9,372.7999999999999,412.29999999999995,376.1,358.0,360.9,354.4
-1.5,-1.0,-1.0;-1.5,-1.0,-1.0::358.58,23.935479940874373
361.0,338.79999999999995,379.6,366.7999999999999,344.4,337.19999999999993,419.29999999999995,345.70000000000005,353.20000000000005,378.29999999999995,316.90000000000003,362.69999999999993,320.6,329.89999999999986,367.9999999999999,320.1,377.8999999999999,372.69999999999993,358.09999999999997,363.3,394.4,347.29999999999995,386.4,353.6,368.29999999999995
-1.5,-1.0,-1.0;-1.5,-1.0,-1.0::343.256,26.31773668080138
347.0,330.70000000000005,319.80000000000007,296.80000000000007,329.79999999999995,363.0,379.4,321.80000000000007,310.80000000000007,358.29999999999995,378.7999999999999,326.79999999999995,354.69999999999993,342.29999999999995,320.20000000000005,321.80000000000007,322.0,302.69999999999993,376.29999999999995,349.1,408.19999999999993,346.9,360.5,361.29999999999995,352.4
-1.5,-1.0,-1.0;-1.0,-1.5,-1.5::357.112,16.34356925521473
349.3,370.4,356.3,344.70000000000005,374.40000000000003,347.1,337.69999999999993,366.19999999999993,378.29999999999995,340.4,359.20000000000005,366.19999999999993,356.6,366.0,356.4999999999999,336.9999999999999,398.29999999999995,343.19999999999993,335.2,352.0,324.7999999999999,369.0,352.6,371.19999999999993,375.2
-1.0,-1.5,-1.5;-1.5,-1.0,-1.0::372.8999999999999,21.307275752662513
377.5,412.6,380.5,361.4999999999999,370.6,377.6,334.5,364.5999999999999,370.5,384.79999999999995,369.8,358.5,348.4,388.7,373.20000000000005,373.69999999999993,344.70000000000005,391.79999999999995,403.0999999999999,374.3,328.99999999999994,347.1,400.6,409.5999999999999,375.29999999999995
-1.5,-1.0,-1.0;-1.0,-1.5,-1.0::352.05999999999995,26.36579602439491
360.4,359.29999999999995,324.3,345.29999999999995,344.3999999999999,357.79999999999995,372.4,355.79999999999995,367.8999999999999,295.6,339.6,410.9999999999999,350.5999999999999,359.19999999999993,354.29999999999995,383.79999999999995,329.70000000000005,365.59999999999997,406.89999999999986,294.4,333.20000000000005,335.4,350.29999999999995,343.89999999999986,360.4
-1.0,-1.5,-1.0;-1.5,-1.0,-1.0::370.0439999999999,27.187218761763766
350.69999999999993,371.6,426.29999999999995,385.69999999999993,398.79999999999995,352.2,374.5,370.29999999999995,344.5,403.5,409.79999999999995,377.4,367.19999999999993,351.0999999999999,408.29999999999995,324.09999999999997,311.9,387.5999999999999,345.29999999999995,338.3999999999999,357.4,383.0999999999999,356.49999999999994,366.1999999999999,388.69999999999993
-1.5,-1.0,-1.0;-1.0,-1.0,-1.5::351.04,27.011286529893397
344.2,319.2,353.20000000000005,370.5,353.69999999999993,383.6,314.19999999999993,405.4,292.79999999999995,335.19999999999993,364.40000000000003,343.20000000000005,406.79999999999995,328.7,364.09999999999985,367.1,300.09999999999997,350.79999999999995,352.29999999999995,356.09999999999997,336.4,356.70000000000005,350.0999999999999,351.09999999999997,376.1
-1.0,-1.0,-1.5;-1.5,-1.0,-1.0::367.876,24.457739552133567
370.4,347.4,341.1,360.5,347.9,377.3999999999999,390.0,357.19999999999993,375.0,365.3,368.5,423.09999999999985,333.3,329.4,414.1999999999999,393.19999999999993,366.0999999999999,351.4,404.3999999999999,372.19999999999993,400.5,357.29999999999995,346.1,339.4,365.6
-1.5,-1.0,-1.0;-1.0,-1.0,-1.0::354.8039999999999,28.552933019218877
359.89999999999986,316.5,382.20000000000005,344.90000000000003,320.0,321.90000000000003,350.79999999999984,398.1,395.6,348.0,361.9,376.09999999999997,321.79999999999995,296.30000000000007,350.0,368.0999999999999,397.19999999999993,345.1,399.4,314.9,384.9,373.0,348.9,353.29999999999995,341.29999999999995
-1.0,-1.0,-1.0;-1.5,-1.0,-1.0::366.164,32.13360708043839
366.4,422.2,384.6,377.1,357.89999999999986,340.0,328.79999999999984,391.9,399.7,358.1,326.20000000000005,407.99999999999994,323.90000000000003,352.3,282.3,356.0999999999999,393.1,364.79999999999995,360.9999999999999,371.29999999999995,378.9999999999999,393.29999999999995,365.19999999999993,419.59999999999997,331.29999999999995
-1.0,-1.5,-1.5;-1.0,-1.5,-1.5::370.4959999999999,28.130815558742675
373.8999999999999,381.1999999999998,345.70000000000005,348.1999999999999,360.7,400.1999999999999,374.19999999999993,416.19999999999993,313.5,344.4,355.79999999999995,417.7,445.99999999999994,377.5999999999999,369.4,340.5,361.69999999999993,364.69999999999993,375.0,384.69999999999993,360.79999999999995,362.5,337.4000000000001,355.09999999999997,395.29999999999995
-1.0,-1.5,-1.5;-1.0,-1.5,-1.5::378.1599999999999,23.82523032417523
389.5999999999999,401.1999999999998,369.3,366.49999999999994,386.79999999999995,342.1999999999999,354.4,414.39999999999986,375.4,390.0999999999999,383.7,351.79999999999995,379.9,363.7,377.7,360.29999999999995,377.5999999999999,388.39999999999986,396.59999999999997,408.6999999999999,390.59999999999997,388.8,371.50000000000006,419.2999999999999,305.5
-1.0,-1.5,-1.5;-1.0,-1.5,-1.0::371.6719999999999,26.677923757294156
363.4,417.1,397.4,382.9,405.79999999999995,349.59999999999997,350.49999999999994,318.6,426.5,334.0,398.69999999999993,370.69999999999993,355.7,345.79999999999995,400.49999999999994,375.0999999999998,354.69999999999993,345.9,392.6,359.80000000000007,381.7,358.69999999999993,343.29999999999995,370.5,392.29999999999995
-1.0,-1.5,-1.0;-1.0,-1.5,-1.5::370.62799999999993,19.958407150872517
389.1,396.79999999999995,359.19999999999993,362.5999999999999,335.79999999999995,375.2999999999999,372.49999999999994,400.5999999999999,412.69999999999993,371.4,374.69999999999993,406.0999999999999,365.4,351.29999999999995,346.7,359.0999999999999,374.0999999999999,375.9,358.40000000000003,352.0,355.80000000000007,368.39999999999986,381.1999999999999,386.4,334.20000000000005
-1.0,-1.5,-1.5;-1.0,-1.0,-1.5::359.3880000000001,24.014301072485953
327.8,388.0,416.99999999999994,373.69999999999993,328.4,397.70000000000005,398.5,364.29999999999995,346.80000000000007,362.90000000000003,364.4,371.5,344.59999999999997,357.30000000000007,338.8,337.09999999999997,368.29999999999995,349.70000000000005,325.69999999999993,355.4,338.0,383.0999999999999,330.5999999999999,342.9,372.19999999999993
-1.0,-1.0,-1.5;-1.0,-1.5,-1.5::361.936,17.620962062271186
361.5,353.7,370.4,371.79999999999995,335.7,333.5,384.29999999999995,352.0,378.6,386.70000000000005,331.89999999999986,363.4,354.3999999999999,375.20000000000005,364.4,328.9,356.0,355.5,381.59999999999997,395.59999999999997,369.5,378.99999999999994,364.59999999999997,356.1,344.09999999999997
-1.0,-1.5,-1.5;-1.0,-1.0,-1.0::364.70799999999997,33.239156668002266
428.5999999999999,337.8,380.6000000000001,385.4,391.0,349.59999999999997,418.70000000000005,308.8,333.4,378.9,358.5999999999999,349.5999999999999,385.9,306.70000000000005,359.3,342.70000000000005,380.5999999999999,402.79999999999995,313.19999999999993,351.4,401.79999999999995,403.9,325.9,375.79999999999995,346.7
-1.0,-1.0,-1.0;-1.0,-1.5,-1.5::373.49199999999996,26.520044042195696
422.4,313.4,384.4,413.4,408.6,370.9999999999999,322.5,391.9999999999999,348.9,348.9,378.1999999999998,393.19999999999993,389.0,390.29999999999995,364.9,352.4,374.09999999999985,370.5,354.5,362.9999999999999,341.6,399.09999999999985,375.19999999999993,401.5,364.29999999999995
-1.0,-1.5,-1.0;-1.0,-1.5,-1.0::369.78799999999995,23.477228456527822
418.6,378.19999999999993,393.4,373.4,363.29999999999995,375.79999999999995,349.4,402.3999999999999,351.5,403.9,319.4,381.8,401.5999999999999,368.69999999999993,357.4,350.9,348.8,388.79999999999995,373.3999999999999,386.19999999999993,342.0,361.20000000000005,370.49999999999994,345.49999999999994,338.59999999999997
-1.0,-1.5,-1.0;-1.0,-1.5,-1.0::372.27600000000007,21.225348619045104
370.5,392.5999999999999,373.2,341.5,361.29999999999995,355.70000000000005,343.7,386.79999999999995,341.7,393.6,355.59999999999997,351.6,415.29999999999995,394.49999999999994,401.4,376.70000000000005,370.5,328.4999999999999,365.5,364.4,370.3,391.6,390.0999999999999,377.59999999999997,392.7
-1.0,-1.5,-1.0;-1.0,-1.0,-1.5::362.8399999999999,24.92974127422906
360.5999999999999,356.19999999999993,339.70000000000005,392.19999999999993,392.6,360.79999999999995,362.6,355.69999999999993,364.5999999999999,398.59999999999997,379.5,356.69999999999993,345.8,403.39999999999986,331.8,404.69999999999993,361.89999999999986,359.70000000000005,389.4,338.79999999999984,381.2,311.29999999999995,325.49999999999994,369.2,328.5
-1.0,-1.0,-1.5;-1.0,-1.5,-1.0::368.16399999999993,26.819931096108352
394.49999999999994,371.9,393.3,364.3999999999999,378.5,336.7,422.4,387.1,392.0999999999999,376.5999999999999,395.5,320.99999999999994,391.29999999999995,389.49999999999994,332.1,360.79999999999995,331.9999999999999,405.4999999999999,343.4,359.29999999999995,349.4,381.19999999999993,355.29999999999995,337.40000000000003,332.9
-1.0,-1.5,-1.0;-1.0,-1.0,-1.0::359.892,29.251542455056956
382.20000000000005,353.4,322.5,362.59999999999997,392.49999999999994,380.5,329.70000000000005,314.79999999999995,326.29999999999995,329.40000000000003,426.19999999999993,317.29999999999995,354.5,332.29999999999995,380.4,344.4,363.5,347.2,376.3,359.5,397.4,376.4,413.29999999999995,345.0,369.69999999999993
-1.0,-1.0,-1.0;-1.0,-1.5,-1.0::369.61599999999993,27.709560516182854
338.20000000000005,365.5,365.69999999999993,334.29999999999995,381.9,304.0999999999999,405.4,367.0999999999999,400.29999999999995,349.5,372.4,383.19999999999993,319.69999999999993,404.09999999999997,398.3,343.9,396.9,362.89999999999986,366.5,365.5,379.0999999999999,416.3999999999999,357.4,358.79999999999995,403.29999999999984
-1.0,-1.0,-1.5;-1.0,-1.0,-1.5::362.5040000000001,24.007190256254482
365.40000000000003,378.4,359.20000000000005,371.4,383.80000000000007,352.6,388.30000000000007,338.29999999999995,350.9,377.29999999999995,370.4,361.8999999999999,345.19999999999993,344.29999999999995,291.6,360.0,388.5,358.29999999999995,387.19999999999993,352.79999999999995,381.29999999999995,345.5,387.4000000000001,319.4,403.19999999999993
-1.0,-1.0,-1.5;-1.0,-1.0,-1.5::367.776,22.703696262943605
347.30000000000007,390.6,357.0,403.5999999999999,338.30000000000007,384.4,364.20000000000005,400.0999999999999,385.0,323.5,390.40000000000003,362.19999999999993,367.40000000000003,358.20000000000005,351.29999999999995,367.99999999999994,396.4,356.0999999999999,358.69999999999993,315.1,355.5,401.20000000000005,371.2,373.4,375.29999999999995
-1.0,-1.0,-1.5;-1.0,-1.0,-1.0::354.4199999999999,19.83576567718019
377.2,369.5,348.29999999999995,342.6,347.5,308.4,367.0999999999999,339.19999999999993,382.89999999999986,362.7999999999999,356.29999999999995,359.4,334.19999999999993,323.0999999999999,334.1,374.40000000000003,336.29999999999995,387.0999999999999,370.4,322.0,354.5,362.5,368.0999999999999,367.9999999999999,364.6
-1.0,-1.0,-1.0;-1.0,-1.0,-1.5::369.66799999999995,24.12569949244995
378.90000000000003,391.4,392.0999999999999,382.29999999999995,333.59999999999997,363.9,331.0,375.2999999999999,336.99999999999994,344.9999999999999,368.0,377.5,390.4,389.19999999999993,353.9,326.1,354.19999999999993,365.2,378.09999999999997,366.0,416.4,360.1,351.5999999999999,408.09999999999997,406.4
-1.0,-1.0,-1.0;-1.0,-1.0,-1.0::359.288,28.224291948603405
382.09999999999997,373.0999999999999,402.29999999999995,346.0999999999999,362.6,330.1,319.19999999999993,313.0,396.19999999999993,325.6,369.5999999999998,357.90000000000003,342.29999999999995,415.0999999999999,352.9,312.8,379.1,387.1,358.09999999999997,329.20000000000005,382.1,349.99999999999994,382.6,380.19999999999993,332.90000000000003
-1.0,-1.0,-1.0;-1.0,-1.0,-1.0::351.792,17.02478005731644
376.0999999999999,333.29999999999995,354.4,383.8,370.5,360.19999999999993,340.7999999999999,354.49999999999994,344.1,369.5999999999999,327.9,332.3,358.09999999999997,344.9999999999999,344.69999999999993,364.70000000000005,345.59999999999997,347.0,373.79999999999995,311.0,328.1,363.9999999999999,354.4,364.0999999999999,346.8
