0.0,0.0,0.0,0.0;0.0,0.0,0.0,0.0::-559.2570000000007,161.90575932004282
-559.2570000000007
0.0,0.0,0.0,0.0;0.0,0.0,0.0,0.0::-569.1180000000007,189.52168115020345
-569.1180000000007
0.0,0.0,0.0,0.0;0.0,0.0,0.0,10.0::-1466.2430000000008,417.24662509240216
-1466.2430000000008
0.0,0.0,0.0,10.0;0.0,0.0,0.0,0.0::-929.1249999999965,211.8930228322711
-929.1249999999965
0.0,0.0,0.0,0.0;0.0,0.0,10.0,0.0::-1503.9210000000003,336.92233490672567
-1503.9210000000003
0.0,0.0,10.0,0.0;0.0,0.0,0.0,0.0::-1130.866499999992,63.05789881331321
-1130.866499999992
0.0,0.0,0.0,0.0;0.0,0.0,10.0,10.0::-1705.950000000001,400.1725541563284
-1705.950000000001
0.0,0.0,10.0,10.0;0.0,0.0,0.0,0.0::-1146.3779999999904,99.52394267712533
-1146.3779999999904
0.0,0.0,0.0,0.0;0.0,10.0,0.0,0.0::-1231.7729999999929,141.99642045136022
-1231.7729999999929
0.0,10.0,0.0,0.0;0.0,0.0,0.0,0.0::-474.30450000000076,209.4161984058295
-474.30450000000076
0.0,0.0,0.0,0.0;0.0,10.0,0.0,10.0::-2123.7129999999925,460.05132102951274
-2123.7129999999925
0.0,10.0,0.0,10.0;0.0,0.0,0.0,0.0::-838.3159999999963,234.32201069041227
-838.3159999999963
0.0,0.0,0.0,0.0;0.0,10.0,10.0,0.0::-2163.7134999999917,461.2739156864923
-2163.7134999999917
0.0,10.0,10.0,0.0;0.0,0.0,0.0,0.0::-1058.4154999999917,115.13474620960451
-1058.4154999999917
0.0,0.0,0.0,0.0;0.0,10.0,10.0,10.0::-2465.3324999999927,292.42366374619814
-2465.3324999999927
0.0,10.0,10.0,10.0;0.0,0.0,0.0,0.0::-1054.73849999999,117.02857639375897
-1054.73849999999
0.0,0.0,0.0,0.0;10.0,0.0,0.0,0.0::-1256.620499999993,91.78241745971717
-1256.620499999993
10.0,0.0,0.0,0.0;0.0,0.0,0.0,0.0::-495.204000000001,248.21314355609732
-495.204000000001
0.0,0.0,0.0,0.0;10.0,0.0,0.0,10.0::-2195.605999999992,428.75309108390104
-2195.605999999992
10.0,0.0,0.0,10.0;0.0,0.0,0.0,0.0::-904.5054999999951,261.2790085229726
-904.5054999999951
0.0,0.0,0.0,0.0;10.0,0.0,10.0,0.0::-2171.6634999999933,406.92166296813144
-2171.6634999999933
10.0,0.0,10.0,0.0;0.0,0.0,0.0,0.0::-1072.9564999999905,227.53016268782932
-1072.9564999999905
0.0,0.0,0.0,0.0;10.0,0.0,10.0,10.0::-2364.8219999999937,404.9227683966409
-2364.8219999999937
10.0,0.0,10.0,10.0;0.0,0.0,0.0,0.0::-1036.979999999991,234.86130034554293
-1036.979999999991
0.0,0.0,0.0,0.0;10.0,10.0,0.0,0.0::-1231.9399999999928,142.08349816217006
-1231.9399999999928
10.0,10.0,0.0,0.0;0.0,0.0,0.0,0.0::-573.3070000000006,270.1354788823555
-573.3070000000006
0.0,0.0,0.0,0.0;10.0,10.0,0.0,10.0::-2101.1009999999947,438.6593868812102
-2101.1009999999947
10.0,10.0,0.0,10.0;0.0,0.0,0.0,0.0::-887.6009999999965,301.9192798563841
-887.6009999999965
0.0,0.0,0.0,0.0;10.0,10.0,10.0,0.0::-2211.5309999999936,344.62651173262856
-2211.5309999999936
10.0,10.0,10.0,0.0;0.0,0.0,0.0,0.0::-1082.2274999999913,216.43881252850662
-1082.2274999999913
0.0,0.0,0.0,0.0;10.0,10.0,10.0,10.0::-2394.132499999994,361.0513411812088
-2394.132499999994
10.0,10.0,10.0,10.0;0.0,0.0,0.0,0.0::-1076.8509999999906,210.74170766367033
-1076.8509999999906
