0.0,0.0,0.0,10.0;0.0,0.0,0.0,10.0::-1815.097999999997,452.28738479643414
-1815.097999999997
0.0,0.0,0.0,10.0;0.0,0.0,0.0,10.0::-1798.7874999999954,466.9085841133648
-1798.7874999999954
0.0,0.0,0.0,10.0;0.0,0.0,10.0,0.0::-1782.8659999999968,514.021208846481
-1782.8659999999968
0.0,0.0,10.0,0.0;0.0,0.0,0.0,10.0::-2011.7634999999925,406.7193165350648
-2011.7634999999925
0.0,0.0,0.0,10.0;0.0,0.0,10.0,10.0::-2116.5149999999962,331.5238947270582
-2116.5149999999962
0.0,0.0,10.0,10.0;0.0,0.0,0.0,10.0::-1953.9224999999906,423.2691388688169
-1953.9224999999906
0.0,0.0,0.0,10.0;0.0,10.0,0.0,0.0::-1281.4139999999843,92.52137025573946
-1281.4139999999843
0.0,10.0,0.0,0.0;0.0,0.0,0.0,10.0::-1568.415000000001,283.0734321249516
-1568.415000000001
0.0,0.0,0.0,10.0;0.0,10.0,0.0,10.0::-2170.927999999984,434.5246136480646
-2170.927999999984
0.0,10.0,0.0,10.0;0.0,0.0,0.0,10.0::-1954.002999999996,348.6539337093409
-1954.002999999996
0.0,0.0,0.0,10.0;0.0,10.0,10.0,0.0::-2330.2249999999835,200.2952582439233
-2330.2249999999835
0.0,10.0,10.0,0.0;0.0,0.0,0.0,10.0::-2163.4359999999906,168.7479666662683
-2163.4359999999906
0.0,0.0,0.0,10.0;0.0,10.0,10.0,10.0::-2379.1574999999852,421.46935976266406
-2379.1574999999852
0.0,10.0,10.0,10.0;0.0,0.0,0.0,10.0::-2140.15649999999,220.58159200792318
-2140.15649999999
0.0,0.0,0.0,10.0;10.0,0.0,0.0,0.0::-1033.0389999999945,184.68393332663643
-1033.0389999999945
10.0,0.0,0.0,0.0;0.0,0.0,0.0,10.0::-1450.3039999999999,407.45385086411886
-1450.3039999999999
0.0,0.0,0.0,10.0;10.0,0.0,0.0,10.0::-1866.038499999995,471.30097978122944
-1866.038499999995
10.0,0.0,0.0,10.0;0.0,0.0,0.0,10.0::-1749.7084999999975,483.2187263059524
-1749.7084999999975
0.0,0.0,0.0,10.0;10.0,0.0,10.0,0.0::-1892.6969999999937,540.2925833203668
-1892.6969999999937
10.0,0.0,10.0,0.0;0.0,0.0,0.0,10.0::-2013.1124999999913,381.03377543040676
-2013.1124999999913
0.0,0.0,0.0,10.0;10.0,0.0,10.0,10.0::-2187.899499999996,373.5544249834915
-2187.899499999996
10.0,0.0,10.0,10.0;0.0,0.0,0.0,10.0::-1944.8854999999917,396.49949913555986
-1944.8854999999917
0.0,0.0,0.0,10.0;10.0,10.0,0.0,0.0::-1257.6339999999855,135.81532256707536
-1257.6339999999855
10.0,10.0,0.0,0.0;0.0,0.0,0.0,10.0::-1537.3700000000006,339.34257653586536
-1537.3700000000006
0.0,0.0,0.0,10.0;10.0,10.0,0.0,10.0::-2188.6084999999844,416.7088883774248
-2188.6084999999844
10.0,10.0,0.0,10.0;0.0,0.0,0.0,10.0::-1943.9979999999962,362.4434442723398
-1943.9979999999962
0.0,0.0,0.0,10.0;10.0,10.0,10.0,0.0::-2196.8464999999846,427.80091913499865
-2196.8464999999846
10.0,10.0,10.0,0.0;0.0,0.0,0.0,10.0::-2150.673999999992,253.9848044155399
-2150.673999999992
0.0,0.0,0.0,10.0;10.0,10.0,10.0,10.0::-2395.6119999999846,401.6149659263189
-2395.6119999999846
10.0,10.0,10.0,10.0;0.0,0.0,0.0,10.0::-2130.4084999999905,269.76519021688046
-2130.4084999999905
