10.0,0.0,10.0,0.0;10.0,0.0,10.0,0.0::-1525.89899999999,479.8290554968508
-1525.89899999999
10.0,0.0,10.0,0.0;10.0,0.0,10.0,0.0::-1484.5799999999895,523.2471077320918
-1484.5799999999895
10.0,0.0,10.0,0.0;10.0,0.0,10.0,10.0::-2343.3824999999906,336.14317904540343
-2343.3824999999906
10.0,0.0,10.0,10.0;10.0,0.0,10.0,0.0::-1399.9664999999889,574.7162081869185
-1399.9664999999889
10.0,0.0,10.0,0.0;10.0,10.0,0.0,0.0::-1142.677499999992,233.34530736389095
-1142.677499999992
10.0,10.0,0.0,0.0;10.0,0.0,10.0,0.0::-1454.2424999999923,502.5545266622813
-1454.2424999999923
10.0,0.0,10.0,0.0;10.0,10.0,0.0,10.0::-2046.0789999999924,409.1877477503446
-2046.0789999999924
10.0,10.0,0.0,10.0;10.0,0.0,10.0,0.0::-1175.692999999995,511.71548569590624
-1175.692999999995
10.0,0.0,10.0,0.0;10.0,10.0,10.0,0.0::-1398.179499999992,555.1873202845583
-1398.179499999992
10.0,10.0,10.0,0.0;10.0,0.0,10.0,0.0::-1453.71499999999,506.06749735089625
-1453.71499999999
10.0,0.0,10.0,0.0;10.0,10.0,10.0,10.0::-2394.8094999999935,280.18767020472006
-2394.8094999999935
10.0,10.0,10.0,10.0;10.0,0.0,10.0,0.0::-1298.7124999999878,500.19195187322845
-1298.7124999999878
