10.0,0.0,10.0,10.0;10.0,0.0,10.0,10.0::-2273.5984999999896,355.0349201455398
-2273.5984999999896
10.0,0.0,10.0,10.0;10.0,0.0,10.0,10.0::-2297.403999999989,316.67809599654925
-2297.403999999989
10.0,0.0,10.0,10.0;10.0,10.0,0.0,0.0::-1207.6379999999851,239.976329574396
-1207.6379999999851
10.0,10.0,0.0,0.0;10.0,0.0,10.0,10.0::-2353.334999999993,257.10786447520377
-2353.334999999993
10.0,0.0,10.0,10.0;10.0,10.0,0.0,10.0::-2047.9669999999835,427.5999819469122
-2047.9669999999835
10.0,10.0,0.0,10.0;10.0,0.0,10.0,10.0::-2080.3044999999943,325.79776296768455
-2080.3044999999943
10.0,0.0,10.0,10.0;10.0,10.0,10.0,0.0::-1462.7449999999847,536.724553868182
-1462.7449999999847
10.0,10.0,10.0,0.0;10.0,0.0,10.0,10.0::-2286.08649999999,301.4862796094557
-2286.08649999999
10.0,0.0,10.0,10.0;10.0,10.0,10.0,10.0::-2408.800999999985,300.0157274194132
-2408.800999999985
10.0,10.0,10.0,10.0;10.0,0.0,10.0,10.0::-2234.4939999999892,252.1503707393653
-2234.4939999999892
