10.0,10.0,0.0,0.0;10.0,10.0,0.0,0.0::-1205.3494999999928,236.98708124020106
-1205.3494999999928
10.0,10.0,0.0,0.0;10.0,10.0,0.0,0.0::-1180.047999999993,239.6385516689656
-1180.047999999993
10.0,10.0,0.0,0.0;10.0,10.0,0.0,10.0::-2209.367999999992,325.3910200451134
-2209.367999999992
10.0,10.0,0.0,10.0;10.0,10.0,0.0,0.0::-1243.6889999999846,246.26641220231227
-1243.6889999999846
10.0,10.0,0.0,0.0;10.0,10.0,10.0,0.0::-1373.1974999999934,520.9154929724682
-1373.1974999999934
10.0,10.0,10.0,0.0;10.0,10.0,0.0,0.0::-1189.4504999999917,228.54732272496523
-1189.4504999999917
10.0,10.0,0.0,0.0;10.0,10.0,10.0,10.0::-2333.4219999999927,251.4832961967842
-2333.4219999999927
10.0,10.0,10.0,10.0;10.0,10.0,0.0,0.0::-1201.3624999999838,196.11777129762947
-1201.3624999999838
