10.0,10.0,0.0,10.0;10.0,10.0,0.0,10.0::-2278.238499999984,251.55959680113503
-2278.238499999984
10.0,10.0,0.0,10.0;10.0,10.0,0.0,10.0::-2258.3644999999847,284.1464686825239
-2258.3644999999847
10.0,10.0,0.0,10.0;10.0,10.0,10.0,0.0::-1321.3299999999851,487.5895240363549
-1321.3299999999851
10.0,10.0,10.0,0.0;10.0,10.0,0.0,10.0::-2230.5904999999925,293.0173197692398
-2230.5904999999925
10.0,10.0,0.0,10.0;10.0,10.0,10.0,10.0::-2299.6044999999854,318.41450760722034
-2299.6044999999854
10.0,10.0,10.0,10.0;10.0,10.0,0.0,10.0::-2217.6184999999837,327.90187127058226
-2217.6184999999837
