0.0,0.0,10.0,0.0;0.0,0.0,10.0,0.0::-2079.189499999991,359.55157851795093
-2079.189499999991
0.0,0.0,10.0,0.0;0.0,0.0,10.0,0.0::-2038.1934999999905,423.8457190213792
-2038.1934999999905
0.0,0.0,10.0,0.0;0.0,0.0,10.0,10.0::-2315.713999999991,281.6044261974584
-2315.713999999991
0.0,0.0,10.0,10.0;0.0,0.0,10.0,0.0::-2088.2634999999905,287.00139493171366
-2088.2634999999905
0.0,0.0,10.0,0.0;0.0,10.0,0.0,0.0::-1249.8839999999911,78.01715448540645
-1249.8839999999911
0.0,10.0,0.0,0.0;0.0,0.0,10.0,0.0::-659.2245000000007,419.84265585424913
-659.2245000000007
0.0,0.0,10.0,0.0;0.0,10.0,0.0,10.0::-2136.44499999999,457.21676027350475
-2136.44499999999
0.0,10.0,0.0,10.0;0.0,0.0,10.0,0.0::-1032.082999999996,450.28132934977197
-1032.082999999996
0.0,0.0,10.0,0.0;0.0,10.0,10.0,0.0::-2213.561999999992,342.47912623399174
-2213.561999999992
0.0,10.0,10.0,0.0;0.0,0.0,10.0,0.0::-1227.1784999999913,401.2414431022174
-1227.1784999999913
0.0,0.0,10.0,0.0;0.0,10.0,10.0,10.0::-2434.9609999999925,261.4968281432857
-2434.9609999999925
0.0,10.0,10.0,10.0;0.0,0.0,10.0,0.0::-1187.9514999999903,393.49011006980777
-1187.9514999999903
0.0,0.0,10.0,0.0;10.0,0.0,0.0,0.0::-1255.031999999991,58.73439602141157
-1255.031999999991
10.0,0.0,0.0,0.0;0.0,0.0,10.0,0.0::-749.6760000000006,567.0741077883906
-749.6760000000006
0.0,0.0,10.0,0.0;10.0,0.0,0.0,10.0::-2097.0019999999886,450.4858375642911
-2097.0019999999886
10.0,0.0,0.0,10.0;0.0,0.0,10.0,0.0::-1149.5304999999964,513.0968154693114
-1149.5304999999964
0.0,0.0,10.0,0.0;10.0,0.0,10.0,0.0::-2247.1024999999922,288.59925444940075
-2247.1024999999922
10.0,0.0,10.0,0.0;0.0,0.0,10.0,0.0::-1301.9619999999913,530.1056578702028
-1301.9619999999913
0.0,0.0,10.0,0.0;10.0,0.0,10.0,10.0::-2399.6139999999896,357.6305327485337
-2399.6139999999896
10.0,0.0,10.0,10.0;0.0,0.0,10.0,0.0::-1383.0049999999903,505.55803962057536
-1383.0049999999903
0.0,0.0,10.0,0.0;10.0,10.0,0.0,0.0::-1233.5924999999925,145.05592996754444
-1233.5924999999925
10.0,10.0,0.0,0.0;0.0,0.0,10.0,0.0::-641.6775000000009,437.18219076118567
-641.6775000000009
0.0,0.0,10.0,0.0;10.0,10.0,0.0,10.0::-2096.7069999999935,426.69204527504326
-2096.7069999999935
10.0,10.0,0.0,10.0;0.0,0.0,10.0,0.0::-1001.7979999999968,496.1338372314449
-1001.7979999999968
0.0,0.0,10.0,0.0;10.0,10.0,10.0,0.0::-2179.882499999992,412.0098554874006
-2179.882499999992
10.0,10.0,10.0,0.0;0.0,0.0,10.0,0.0::-1297.858499999991,521.693681294637
-1297.858499999991
0.0,0.0,10.0,0.0;10.0,10.0,10.0,10.0::-2331.839999999994,416.2868713999979
-2331.839999999994
10.0,10.0,10.0,10.0;0.0,0.0,10.0,0.0::-1265.2409999999911,499.70241526232365
-1265.2409999999911
