0.0,0.0,10.0,10.0;0.0,0.0,10.0,10.0::-2275.4299999999903,348.70689454038586
-2275.4299999999903
0.0,0.0,10.0,10.0;0.0,0.0,10.0,10.0::-2277.67149999999,354.2867656471936
-2277.67149999999
0.0,0.0,10.0,10.0;0.0,10.0,0.0,0.0::-1264.784999999984,102.42304684493307
-1264.784999999984
0.0,10.0,0.0,0.0;0.0,0.0,10.0,10.0::-1631.5305000000014,261.83412152496413
-1631.5305000000014
0.0,0.0,10.0,10.0;0.0,10.0,0.0,10.0::-2093.626999999983,457.66293740153327
-2093.626999999983
0.0,10.0,0.0,10.0;0.0,0.0,10.0,10.0::-1961.6124999999975,301.33759808352437
-1961.6124999999975
0.0,0.0,10.0,10.0;0.0,10.0,10.0,0.0::-2201.847999999984,386.22348368010955
-2201.847999999984
0.0,10.0,10.0,0.0;0.0,0.0,10.0,10.0::-2189.736499999992,229.11163685581366
-2189.736499999992
0.0,0.0,10.0,10.0;0.0,10.0,10.0,10.0::-2471.8559999999843,280.8646612943664
-2471.8559999999843
0.0,10.0,10.0,10.0;0.0,0.0,10.0,10.0::-2193.4199999999905,243.9568989596304
-2193.4199999999905
0.0,0.0,10.0,10.0;10.0,0.0,0.0,0.0::-1167.5719999999874,86.23112933273981
-1167.5719999999874
10.0,0.0,0.0,0.0;0.0,0.0,10.0,10.0::-1741.8760000000009,249.30160583919186
-1741.8760000000009
0.0,0.0,10.0,10.0;10.0,0.0,0.0,10.0::-2100.444999999989,447.6138698979276
-2100.444999999989
10.0,0.0,0.0,10.0;0.0,0.0,10.0,10.0::-2112.537499999995,336.2819086254085
-2112.537499999995
0.0,0.0,10.0,10.0;10.0,0.0,10.0,0.0::-2152.492999999989,354.3052859484309
-2152.492999999989
10.0,0.0,10.0,0.0;0.0,0.0,10.0,10.0::-2230.905999999991,345.6083643576933
-2230.905999999991
0.0,0.0,10.0,10.0;10.0,0.0,10.0,10.0::-2293.796499999989,385.9026027545673
-2293.796499999989
10.0,0.0,10.0,10.0;0.0,0.0,10.0,10.0::-2206.6474999999905,364.3996770974825
-2206.6474999999905
0.0,0.0,10.0,10.0;10.0,10.0,0.0,0.0::-1278.2519999999843,110.03025014058296
-1278.2519999999843
10.0,10.0,0.0,0.0;0.0,0.0,10.0,10.0::-1658.3280000000004,261.11816217184054
-1658.3280000000004
0.0,0.0,10.0,10.0;10.0,10.0,0.0,10.0::-2163.9504999999845,416.30840067761017
-2163.9504999999845
10.0,10.0,0.0,10.0;0.0,0.0,10.0,10.0::-2025.4444999999964,290.8019427286343
-2025.4444999999964
0.0,0.0,10.0,10.0;10.0,10.0,10.0,0.0::-2212.4739999999833,417.90208694621134
-2212.4739999999833
10.0,10.0,10.0,0.0;0.0,0.0,10.0,10.0::-2231.971999999991,197.60002850708318
-2231.971999999991
0.0,0.0,10.0,10.0;10.0,10.0,10.0,10.0::-2374.3094999999844,407.7675395182268
-2374.3094999999844
10.0,10.0,10.0,10.0;0.0,0.0,10.0,10.0::-2156.3009999999904,333.4264155687121
-2156.3009999999904
