0.0,10.0,0.0,0.0;0.0,10.0,0.0,0.0::-1148.9314999999917,182.7417886876168
-1148.9314999999917
0.0,10.0,0.0,0.0;0.0,10.0,0.0,0.0::-1192.1724999999926,155.43734547640034
-1192.1724999999926
0.0,10.0,0.0,0.0;0.0,10.0,0.0,10.0::-2252.2099999999923,234.82745325025198
-2252.2099999999923
0.0,10.0,0.0,10.0;0.0,10.0,0.0,0.0::-1197.5829999999835,161.293369705638
-1197.5829999999835
0.0,10.0,0.0,0.0;0.0,10.0,10.0,0.0::-1257.1524999999929,458.3476588996056
-1257.1524999999929
0.0,10.0,10.0,0.0;0.0,10.0,0.0,0.0::-1156.4224999999926,151.63803041700845
-1156.4224999999926
0.0,10.0,0.0,0.0;0.0,10.0,10.0,10.0::-2306.886499999992,252.51625886811703
-2306.886499999992
0.0,10.0,10.0,10.0;0.0,10.0,0.0,0.0::-1193.7789999999843,160.5654583308603
-1193.7789999999843
0.0,10.0,0.0,0.0;10.0,0.0,0.0,0.0::-1160.2214999999926,168.12910727399228
-1160.2214999999926
10.0,0.0,0.0,0.0;0.0,10.0,0.0,0.0::-1219.1834999999921,249.16637424168968
-1219.1834999999921
0.0,10.0,0.0,0.0;10.0,0.0,0.0,10.0::-2261.2764999999945,221.67846686755507
-2261.2764999999945
10.0,0.0,0.0,10.0;0.0,10.0,0.0,0.0::-1245.0244999999836,256.7297274854434
-1245.0244999999836
0.0,10.0,0.0,0.0;10.0,0.0,10.0,0.0::-1376.4794999999926,467.9608761475146
-1376.4794999999926
10.0,0.0,10.0,0.0;0.0,10.0,0.0,0.0::-1184.051999999992,244.3497663105063
-1184.051999999992
0.0,10.0,0.0,0.0;10.0,0.0,10.0,10.0::-2306.0609999999924,289.47076377244065
-2306.0609999999924
10.0,0.0,10.0,10.0;0.0,10.0,0.0,0.0::-1195.802999999984,173.4577105262252
-1195.802999999984
0.0,10.0,0.0,0.0;10.0,10.0,0.0,0.0::-1146.958999999993,184.67872527445942
-1146.958999999993
10.0,10.0,0.0,0.0;0.0,10.0,0.0,0.0::-1201.4889999999932,240.14452383720857
-1201.4889999999932
0.0,10.0,0.0,0.0;10.0,10.0,0.0,10.0::-2250.990999999994,221.92559962518808
-2250.990999999994
10.0,10.0,0.0,10.0;0.0,10.0,0.0,0.0::-1221.624499999984,232.04833208784234
-1221.624499999984
0.0,10.0,0.0,0.0;10.0,10.0,10.0,0.0::-1274.7649999999928,431.34700842245246
-1274.7649999999928
10.0,10.0,10.0,0.0;0.0,10.0,0.0,0.0::-1206.7164999999936,281.6205027208588
-1206.7164999999936
0.0,10.0,0.0,0.0;10.0,10.0,10.0,10.0::-2284.7364999999945,265.7191605675986
-2284.7364999999945
10.0,10.0,10.0,10.0;0.0,10.0,0.0,0.0::-1252.3174999999837,217.86181094618212
-1252.3174999999837
