0.0,10.0,0.0,10.0;0.0,10.0,0.0,10.0::-2350.1079999999843,98.59416608501715
-2350.1079999999843
0.0,10.0,0.0,10.0;0.0,10.0,0.0,10.0::-2293.4419999999827,206.9148702631103
-2293.4419999999827
0.0,10.0,0.0,10.0;0.0,10.0,10.0,0.0::-1492.080999999984,440.7324964068337
-1492.080999999984
0.0,10.0,10.0,0.0;0.0,10.0,0.0,10.0::-2247.1114999999913,292.5628773319487
-2247.1114999999913
0.0,10.0,0.0,10.0;0.0,10.0,10.0,10.0::-2323.2929999999837,269.9700720468845
-2323.2929999999837
0.0,10.0,10.0,10.0;0.0,10.0,0.0,10.0::-2256.0479999999825,284.11375722762796
-2256.0479999999825
0.0,10.0,0.0,10.0;10.0,0.0,0.0,0.0::-936.551499999995,200.0871333263277
-936.551499999995
10.0,0.0,0.0,0.0;0.0,10.0,0.0,10.0::-2082.8779999999915,400.77577542311633
-2082.8779999999915
0.0,10.0,0.0,10.0;10.0,0.0,0.0,10.0::-2059.309999999996,222.03206480145562
-2059.309999999996
10.0,0.0,0.0,10.0;0.0,10.0,0.0,10.0::-2106.675999999983,399.9635834347926
-2106.675999999983
0.0,10.0,0.0,10.0;10.0,0.0,10.0,0.0::-1150.5779999999952,491.06622701627253
-1150.5779999999952
10.0,0.0,10.0,0.0;0.0,10.0,0.0,10.0::-2033.7089999999903,419.3442464956438
-2033.7089999999903
0.0,10.0,0.0,10.0;10.0,0.0,10.0,10.0::-2030.4229999999966,365.92628850766766
-2030.4229999999966
10.0,0.0,10.0,10.0;0.0,10.0,0.0,10.0::-2045.369499999983,401.57170766221776
-2045.369499999983
0.0,10.0,0.0,10.0;10.0,10.0,0.0,0.0::-1182.507499999984,148.51787457659506
-1182.507499999984
10.0,10.0,0.0,0.0;0.0,10.0,0.0,10.0::-2234.849499999993,300.78952329619045
-2234.849499999993
0.0,10.0,0.0,10.0;10.0,10.0,0.0,10.0::-2232.0784999999855,315.2617484928175
-2232.0784999999855
10.0,10.0,0.0,10.0;0.0,10.0,0.0,10.0::-2228.6619999999843,305.2597837187199
-2228.6619999999843
0.0,10.0,0.0,10.0;10.0,10.0,10.0,0.0::-1439.8109999999847,391.137886146304
-1439.8109999999847
10.0,10.0,10.0,0.0;0.0,10.0,0.0,10.0::-2228.4404999999924,257.53440912769247
-2228.4404999999924
0.0,10.0,0.0,10.0;10.0,10.0,10.0,10.0::-2331.3244999999833,290.2201283935157
-2331.3244999999833
10.0,10.0,10.0,10.0;0.0,10.0,0.0,10.0::-2212.239999999983,330.3545994079684
-2212.239999999983
