0.0,10.0,10.0,0.0;0.0,10.0,10.0,0.0::-1362.4934999999914,424.9367321528582
-1362.4934999999914
0.0,10.0,10.0,0.0;0.0,10.0,10.0,0.0::-1385.309999999991,381.93154497894056
-1385.309999999991
0.0,10.0,10.0,0.0;0.0,10.0,10.0,10.0::-2265.825499999993,310.7442194550825
-2265.825499999993
0.0,10.0,10.0,10.0;0.0,10.0,10.0,0.0::-1420.9134999999844,404.6575764059651
-1420.9134999999844
0.0,10.0,10.0,0.0;10.0,0.0,0.0,0.0::-1161.6459999999904,153.46804841399563
-1161.6459999999904
10.0,0.0,0.0,0.0;0.0,10.0,10.0,0.0::-1456.1839999999931,575.505401142335
-1456.1839999999931
0.0,10.0,10.0,0.0;10.0,0.0,0.0,10.0::-2216.5129999999895,305.55014626244235
-2216.5129999999895
10.0,0.0,0.0,10.0;0.0,10.0,10.0,0.0::-1598.720499999984,544.9305455787458
-1598.720499999984
0.0,10.0,10.0,0.0;10.0,0.0,10.0,0.0::-1386.5359999999907,422.41046708622207
-1386.5359999999907
10.0,0.0,10.0,0.0;0.0,10.0,10.0,0.0::-1347.6504999999916,540.6114115284182
-1347.6504999999916
0.0,10.0,10.0,0.0;10.0,0.0,10.0,10.0::-2296.927999999991,273.045651249018
-2296.927999999991
10.0,0.0,10.0,10.0;0.0,10.0,10.0,0.0::-1489.5414999999837,575.5180510659505
-1489.5414999999837
0.0,10.0,10.0,0.0;10.0,10.0,0.0,0.0::-1145.0674999999937,175.97729105980991
-1145.0674999999937
10.0,10.0,0.0,0.0;0.0,10.0,10.0,0.0::-1302.6774999999927,528.2657697303024
-1302.6774999999927
0.0,10.0,10.0,0.0;10.0,10.0,0.0,10.0::-2246.849999999993,250.3873104811813
-2246.849999999993
10.0,10.0,0.0,10.0;0.0,10.0,10.0,0.0::-1362.6494999999836,486.0841187744661
-1362.6494999999836
0.0,10.0,10.0,0.0;10.0,10.0,10.0,0.0::-1341.5094999999926,392.8740162377101
-1341.5094999999926
10.0,10.0,10.0,0.0;0.0,10.0,10.0,0.0::-1380.870499999992,510.4069008690501
-1380.870499999992
0.0,10.0,10.0,0.0;10.0,10.0,10.0,10.0::-2316.663499999992,238.30969198240655
-2316.663499999992
10.0,10.0,10.0,10.0;0.0,10.0,10.0,0.0::-1323.8184999999835,473.5771936366335
-1323.8184999999835
