0.0,10.0,10.0,10.0;0.0,10.0,10.0,10.0::-2306.7989999999836,293.12181145216726
-2306.7989999999836
0.0,10.0,10.0,10.0;0.0,10.0,10.0,10.0::-2314.4639999999836,286.9545608698342
-2314.4639999999836
0.0,10.0,10.0,10.0;10.0,0.0,0.0,0.0::-1080.8559999999886,154.7695275692209
-1080.8559999999886
10.0,0.0,0.0,0.0;0.0,10.0,10.0,10.0::-2315.7184999999936,403.07761706990044
-2315.7184999999936
0.0,10.0,10.0,10.0;10.0,0.0,0.0,10.0::-2156.1364999999887,309.6931811369918
-2156.1364999999887
10.0,0.0,0.0,10.0;0.0,10.0,10.0,10.0::-2393.420499999984,365.9344948959431
-2393.420499999984
0.0,10.0,10.0,10.0;10.0,0.0,10.0,0.0::-1245.1919999999889,428.18866465145896
-1245.1919999999889
10.0,0.0,10.0,0.0;0.0,10.0,10.0,10.0::-2341.637999999992,343.0883669056701
-2341.637999999992
0.0,10.0,10.0,10.0;10.0,0.0,10.0,10.0::-2233.115499999989,262.1057934971091
-2233.115499999989
10.0,0.0,10.0,10.0;0.0,10.0,10.0,10.0::-2350.993999999983,385.9009089312949
-2350.993999999983
0.0,10.0,10.0,10.0;10.0,10.0,0.0,0.0::-1187.036499999984,126.8421924784872
-1187.036499999984
10.0,10.0,0.0,0.0;0.0,10.0,10.0,10.0::-2283.972499999992,302.12052655976515
-2283.972499999992
0.0,10.0,10.0,10.0;10.0,10.0,0.0,10.0::-2282.0544999999847,235.5749254584401
-2282.0544999999847
10.0,10.0,0.0,10.0;0.0,10.0,10.0,10.0::-2309.7814999999837,314.88534196235594
-2309.7814999999837
0.0,10.0,10.0,10.0;10.0,10.0,10.0,0.0::-1394.8794999999843,423.55718126924666
-1394.8794999999843
10.0,10.0,10.0,0.0;0.0,10.0,10.0,10.0::-2284.668499999992,306.664302589573
-2284.668499999992
0.0,10.0,10.0,10.0;10.0,10.0,10.0,10.0::-2337.3559999999848,217.66595281301855
-2337.3559999999848
10.0,10.0,10.0,10.0;0.0,10.0,10.0,10.0::-2315.246499999983,338.4426484838311
-2315.246499999983
