10.0,0.0,0.0,0.0;10.0,0.0,0.0,0.0::-1186.4444999999923,192.52524027968263
-1186.4444999999923
10.0,0.0,0.0,0.0;10.0,0.0,0.0,0.0::-1215.170999999992,216.76302500426573
-1215.170999999992
10.0,0.0,0.0,0.0;10.0,0.0,0.0,10.0::-2080.081499999993,413.29249476944244
-2080.081499999993
10.0,0.0,0.0,10.0;10.0,0.0,0.0,0.0::-954.9029999999957,278.6509658892236
-954.9029999999957
10.0,0.0,0.0,0.0;10.0,0.0,10.0,0.0::-1401.1284999999923,555.7087814338992
-1401.1284999999923
10.0,0.0,10.0,0.0;10.0,0.0,0.0,0.0::-1219.327999999991,231.93754065696214
-1219.327999999991
10.0,0.0,0.0,0.0;10.0,0.0,10.0,10.0::-2366.4734999999923,367.25874635296213
-2366.4734999999923
10.0,0.0,10.0,10.0;10.0,0.0,0.0,0.0::-1132.2539999999885,213.7173775901242
-1132.2539999999885
10.0,0.0,0.0,0.0;10.0,10.0,0.0,0.0::-1186.2029999999927,221.35060433845496
-1186.2029999999927
10.0,10.0,0.0,0.0;10.0,0.0,0.0,0.0::-1228.7489999999923,222.06935200292642
-1228.7489999999923
10.0,0.0,0.0,0.0;10.0,10.0,0.0,10.0::-2137.7584999999935,425.0464514647189
-2137.7584999999935
10.0,10.0,0.0,10.0;10.0,0.0,0.0,0.0::-1021.4109999999928,269.95170378976616
-1021.4109999999928
10.0,0.0,0.0,0.0;10.0,10.0,10.0,0.0::-1379.3479999999931,540.9210096178549
-1379.3479999999931
10.0,10.0,10.0,0.0;10.0,0.0,0.0,0.0::-1232.3364999999908,244.1079706661591
-1232.3364999999908
10.0,0.0,0.0,0.0;10.0,10.0,10.0,10.0::-2335.1744999999923,377.16363222711357
-2335.1744999999923
10.0,10.0,10.0,10.0;10.0,0.0,0.0,0.0::-1135.7069999999885,225.4465528700758
-1135.7069999999885
