10.0,0.0,0.0,10.0;10.0,0.0,0.0,10.0::-1821.5174999999958,437.66890930102306
-1821.5174999999958
10.0,0.0,0.0,10.0;10.0,0.0,0.0,10.0::-1728.6179999999958,447.56606269465703
-1728.6179999999958
10.0,0.0,0.0,10.0;10.0,0.0,10.0,0.0::-1169.3139999999946,558.8344819837048
-1169.3139999999946
10.0,0.0,10.0,0.0;10.0,0.0,0.0,10.0::-2089.356499999991,402.3098633923235
-2089.356499999991
10.0,0.0,0.0,10.0;10.0,0.0,10.0,10.0::-2122.704999999996,369.4031020782004
-2122.704999999996
10.0,0.0,10.0,10.0;10.0,0.0,0.0,10.0::-2027.3179999999882,398.95565088866624
-2027.3179999999882
10.0,0.0,0.0,10.0;10.0,10.0,0.0,0.0::-1209.218499999985,224.6414068749324
-1209.218499999985
10.0,10.0,0.0,0.0;10.0,0.0,0.0,10.0::-2184.142999999992,321.2288376702813
-2184.142999999992
10.0,0.0,0.0,10.0;10.0,10.0,0.0,10.0::-2126.6214999999843,422.91738036258243
-2126.6214999999843
10.0,10.0,0.0,10.0;10.0,0.0,0.0,10.0::-2062.263499999994,274.93061059610585
-2062.263499999994
10.0,0.0,0.0,10.0;10.0,10.0,10.0,0.0::-1446.2469999999862,582.391568913045
-1446.2469999999862
10.0,10.0,10.0,0.0;10.0,0.0,0.0,10.0::-2214.5584999999905,286.9336539215118
-2214.5584999999905
10.0,0.0,0.0,10.0;10.0,10.0,10.0,10.0::-2372.5609999999847,346.8100688114452
-2372.5609999999847
10.0,10.0,10.0,10.0;10.0,0.0,0.0,10.0::-2177.17449999999,245.19156923668766
-2177.17449999999
