0.0,0.0,0.0,0.0;0.0,0.0,0.0,0.0::-559.2570000000007,161.90575932004282
-559.2570000000007
0.0,0.0,0.0,0.0;0.0,0.0,0.0,0.0::-569.1180000000007,189.52168115020345
-569.1180000000007
0.0,0.0,0.0,0.0;0.0,0.0,0.0,10.0::-1466.2430000000008,417.24662509240216
-1466.2430000000008
0.0,0.0,0.0,10.0;0.0,0.0,0.0,0.0::-929.1249999999965,211.8930228322711
-929.1249999999965
0.0,0.0,0.0,0.0;0.0,0.0,10.0,0.0::-1503.9210000000003,336.92233490672567
-1503.9210000000003
0.0,0.0,10.0,0.0;0.0,0.0,0.0,0.0::-1130.866499999992,63.05789881331321
-1130.866499999992
0.0,0.0,0.0,0.0;0.0,0.0,10.0,10.0::-1705.950000000001,400.1725541563284
-1705.950000000001
0.0,0.0,10.0,10.0;0.0,0.0,0.0,0.0::-1146.3779999999904,99.52394267712533
-1146.3779999999904
0.0,0.0,0.0,0.0;0.0,10.0,0.0,0.0::-1231.7729999999929,141.99642045136022
-1231.7729999999929
0.0,10.0,0.0,0.0;0.0,0.0,0.0,0.0::-474.30450000000076,209.4161984058295
-474.30450000000076
0.0,0.0,0.0,0.0;0.0,10.0,0.0,10.0::-2123.7129999999925,460.05132102951274
-2123.7129999999925
0.0,10.0,0.0,10.0;0.0,0.0,0.0,0.0::-838.3159999999963,234.32201069041227
-838.3159999999963
0.0,0.0,0.0,0.0;0.0,10.0,10.0,0.0::-2163.7134999999917,461.2739156864923
-2163.7134999999917
0.0,10.0,10.0,0.0;0.0,0.0,0.0,0.0::-1058.4154999999917,115.13474620960451
-1058.4154999999917
0.0,0.0,0.0,0.0;0.0,10.0,10.0,10.0::-2465.3324999999927,292.42366374619814
-2465.3324999999927
0.0,10.0,10.0,10.0;0.0,0.0,0.0,0.0::-1054.73849999999,117.02857639375897
-1054.73849999999
0.0,0.0,0.0,0.0;10.0,0.0,0.0,0.0::-1256.620499999993,91.78241745971717
-1256.620499999993
10.0,0.0,0.0,0.0;0.0,0.0,0.0,0.0::-495.204000000001,248.21314355609732
-495.204000000001
0.0,0.0,0.0,0.0;10.0,0.0,0.0,10.0::-2195.605999999992,428.75309108390104
-2195.605999999992
10.0,0.0,0.0,10.0;0.0,0.0,0.0,0.0::-904.5054999999951,261.2790085229726
-904.5054999999951
0.0,0.0,0.0,0.0;10.0,0.0,10.0,0.0::-2171.6634999999933,406.92166296813144
-2171.6634999999933
10.0,0.0,10.0,0.0;0.0,0.0,0.0,0.0::-1072.9564999999905,227.53016268782932
-1072.9564999999905
0.0,0.0,0.0,0.0;10.0,0.0,10.0,10.0::-2364.8219999999937,404.9227683966409
-2364.8219999999937
10.0,0.0,10.0,10.0;0.0,0.0,0.0,0.0::-1036.979999999991,234.86130034554293
-1036.979999999991
0.0,0.0,0.0,0.0;10.0,10.0,0.0,0.0::-1231.9399999999928,142.08349816217006
-1231.9399999999928
10.0,10.0,0.0,0.0;0.0,0.0,0.0,0.0::-573.3070000000006,270.1354788823555
-573.3070000000006
0.0,0.0,0.0,0.0;10.0,10.0,0.0,10.0::-2101.1009999999947,438.6593868812102
-2101.1009999999947
10.0,10.0,0.0,10.0;0.0,0.0,0.0,0.0::-887.6009999999965,301.9192798563841
-887.6009999999965
0.0,0.0,0.0,0.0;10.0,10.0,10.0,0.0::-2211.5309999999936,344.62651173262856
-2211.5309999999936
10.0,10.0,10.0,0.0;0.0,0.0,0.0,0.0::-1082.2274999999913,216.43881252850662
-1082.2274999999913
0.0,0.0,0.0,0.0;10.0,10.0,10.0,10.0::-2394.132499999994,361.0513411812088
-2394.132499999994
10.0,10.0,10.0,10.0;0.0,0.0,0.0,0.0::-1076.8509999999906,210.74170766367033
-1076.8509999999906
0.0,0.0,0.0,10.0;0.0,0.0,0.0,10.0::-1815.097999999997,452.28738479643414
-1815.097999999997
0.0,0.0,0.0,10.0;0.0,0.0,0.0,10.0::-1798.7874999999954,466.9085841133648
-1798.7874999999954
0.0,0.0,0.0,10.0;0.0,0.0,10.0,0.0::-1782.8659999999968,514.021208846481
-1782.8659999999968
0.0,0.0,10.0,0.0;0.0,0.0,0.0,10.0::-2011.7634999999925,406.7193165350648
-2011.7634999999925
0.0,0.0,0.0,10.0;0.0,0.0,10.0,10.0::-2116.5149999999962,331.5238947270582
-2116.5149999999962
0.0,0.0,10.0,10.0;0.0,0.0,0.0,10.0::-1953.9224999999906,423.2691388688169
-1953.9224999999906
0.0,0.0,0.0,10.0;0.0,10.0,0.0,0.0::-1281.4139999999843,92.52137025573946
-1281.4139999999843
0.0,10.0,0.0,0.0;0.0,0.0,0.0,10.0::-1568.415000000001,283.0734321249516
-1568.415000000001
0.0,0.0,0.0,10.0;0.0,10.0,0.0,10.0::-2170.927999999984,434.5246136480646
-2170.927999999984
0.0,10.0,0.0,10.0;0.0,0.0,0.0,10.0::-1954.002999999996,348.6539337093409
-1954.002999999996
0.0,0.0,0.0,10.0;0.0,10.0,10.0,0.0::-2330.2249999999835,200.2952582439233
-2330.2249999999835
0.0,10.0,10.0,0.0;0.0,0.0,0.0,10.0::-2163.4359999999906,168.7479666662683
-2163.4359999999906
0.0,0.0,0.0,10.0;0.0,10.0,10.0,10.0::-2379.1574999999852,421.46935976266406
-2379.1574999999852
0.0,10.0,10.0,10.0;0.0,0.0,0.0,10.0::-2140.15649999999,220.58159200792318
-2140.15649999999
0.0,0.0,0.0,10.0;10.0,0.0,0.0,0.0::-1033.0389999999945,184.68393332663643
-1033.0389999999945
10.0,0.0,0.0,0.0;0.0,0.0,0.0,10.0::-1450.3039999999999,407.45385086411886
-1450.3039999999999
0.0,0.0,0.0,10.0;10.0,0.0,0.0,10.0::-1866.038499999995,471.30097978122944
-1866.038499999995
10.0,0.0,0.0,10.0;0.0,0.0,0.0,10.0::-1749.7084999999975,483.2187263059524
-1749.7084999999975
0.0,0.0,0.0,10.0;10.0,0.0,10.0,0.0::-1892.6969999999937,540.2925833203668
-1892.6969999999937
10.0,0.0,10.0,0.0;0.0,0.0,0.0,10.0::-2013.1124999999913,381.03377543040676
-2013.1124999999913
0.0,0.0,0.0,10.0;10.0,0.0,10.0,10.0::-2187.899499999996,373.5544249834915
-2187.899499999996
10.0,0.0,10.0,10.0;0.0,0.0,0.0,10.0::-1944.8854999999917,396.49949913555986
-1944.8854999999917
0.0,0.0,0.0,10.0;10.0,10.0,0.0,0.0::-1257.6339999999855,135.81532256707536
-1257.6339999999855
10.0,10.0,0.0,0.0;0.0,0.0,0.0,10.0::-1537.3700000000006,339.34257653586536
-1537.3700000000006
0.0,0.0,0.0,10.0;10.0,10.0,0.0,10.0::-2188.6084999999844,416.7088883774248
-2188.6084999999844
10.0,10.0,0.0,10.0;0.0,0.0,0.0,10.0::-1943.9979999999962,362.4434442723398
-1943.9979999999962
0.0,0.0,0.0,10.0;10.0,10.0,10.0,0.0::-2196.8464999999846,427.80091913499865
-2196.8464999999846
10.0,10.0,10.0,0.0;0.0,0.0,0.0,10.0::-2150.673999999992,253.9848044155399
-2150.673999999992
0.0,0.0,0.0,10.0;10.0,10.0,10.0,10.0::-2395.6119999999846,401.6149659263189
-2395.6119999999846
10.0,10.0,10.0,10.0;0.0,0.0,0.0,10.0::-2130.4084999999905,269.76519021688046
-2130.4084999999905
0.0,0.0,10.0,0.0;0.0,0.0,10.0,0.0::-2079.189499999991,359.55157851795093
-2079.189499999991
0.0,0.0,10.0,0.0;0.0,0.0,10.0,0.0::-2038.1934999999905,423.8457190213792
-2038.1934999999905
0.0,0.0,10.0,0.0;0.0,0.0,10.0,10.0::-2315.713999999991,281.6044261974584
-2315.713999999991
0.0,0.0,10.0,10.0;0.0,0.0,10.0,0.0::-2088.2634999999905,287.00139493171366
-2088.2634999999905
0.0,0.0,10.0,0.0;0.0,10.0,0.0,0.0::-1249.8839999999911,78.01715448540645
-1249.8839999999911
0.0,10.0,0.0,0.0;0.0,0.0,10.0,0.0::-659.2245000000007,419.84265585424913
-659.2245000000007
0.0,0.0,10.0,0.0;0.0,10.0,0.0,10.0::-2136.44499999999,457.21676027350475
-2136.44499999999
0.0,10.0,0.0,10.0;0.0,0.0,10.0,0.0::-1032.082999999996,450.28132934977197
-1032.082999999996
0.0,0.0,10.0,0.0;0.0,10.0,10.0,0.0::-2213.561999999992,342.47912623399174
-2213.561999999992
0.0,10.0,10.0,0.0;0.0,0.0,10.0,0.0::-1227.1784999999913,401.2414431022174
-1227.1784999999913
0.0,0.0,10.0,0.0;0.0,10.0,10.0,10.0::-2434.9609999999925,261.4968281432857
-2434.9609999999925
0.0,10.0,10.0,10.0;0.0,0.0,10.0,0.0::-1187.9514999999903,393.49011006980777
-1187.9514999999903
0.0,0.0,10.0,0.0;10.0,0.0,0.0,0.0::-1255.031999999991,58.73439602141157
-1255.031999999991
10.0,0.0,0.0,0.0;0.0,0.0,10.0,0.0::-749.6760000000006,567.0741077883906
-749.6760000000006
0.0,0.0,10.0,0.0;10.0,0.0,0.0,10.0::-2097.0019999999886,450.4858375642911
-2097.0019999999886
10.0,0.0,0.0,10.0;0.0,0.0,10.0,0.0::-1149.5304999999964,513.0968154693114
-1149.5304999999964
0.0,0.0,10.0,0.0;10.0,0.0,10.0,0.0::-2247.1024999999922,288.59925444940075
-2247.1024999999922
10.0,0.0,10.0,0.0;0.0,0.0,10.0,0.0::-1301.9619999999913,530.1056578702028
-1301.9619999999913
0.0,0.0,10.0,0.0;10.0,0.0,10.0,10.0::-2399.6139999999896,357.6305327485337
-2399.6139999999896
10.0,0.0,10.0,10.0;0.0,0.0,10.0,0.0::-1383.0049999999903,505.55803962057536
-1383.0049999999903
0.0,0.0,10.0,0.0;10.0,10.0,0.0,0.0::-1233.5924999999925,145.05592996754444
-1233.5924999999925
10.0,10.0,0.0,0.0;0.0,0.0,10.0,0.0::-641.6775000000009,437.18219076118567
-641.6775000000009
0.0,0.0,10.0,0.0;10.0,10.0,0.0,10.0::-2096.7069999999935,426.69204527504326
-2096.7069999999935
10.0,10.0,0.0,10.0;0.0,0.0,10.0,0.0::-1001.7979999999968,496.1338372314449
-1001.7979999999968
0.0,0.0,10.0,0.0;10.0,10.0,10.0,0.0::-2179.882499999992,412.0098554874006
-2179.882499999992
10.0,10.0,10.0,0.0;0.0,0.0,10.0,0.0::-1297.858499999991,521.693681294637
-1297.858499999991
0.0,0.0,10.0,0.0;10.0,10.0,10.0,10.0::-2331.839999999994,416.2868713999979
-2331.839999999994
10.0,10.0,10.0,10.0;0.0,0.0,10.0,0.0::-1265.2409999999911,499.70241526232365
-1265.2409999999911
0.0,0.0,10.0,10.0;0.0,0.0,10.0,10.0::-2275.4299999999903,348.70689454038586
-2275.4299999999903
0.0,0.0,10.0,10.0;0.0,0.0,10.0,10.0::-2277.67149999999,354.2867656471936
-2277.67149999999
0.0,0.0,10.0,10.0;0.0,10.0,0.0,0.0::-1264.784999999984,102.42304684493307
-1264.784999999984
0.0,10.0,0.0,0.0;0.0,0.0,10.0,10.0::-1631.5305000000014,261.83412152496413
-1631.5305000000014
0.0,0.0,10.0,10.0;0.0,10.0,0.0,10.0::-2093.626999999983,457.66293740153327
-2093.626999999983
0.0,10.0,0.0,10.0;0.0,0.0,10.0,10.0::-1961.6124999999975,301.33759808352437
-1961.6124999999975
0.0,0.0,10.0,10.0;0.0,10.0,10.0,0.0::-2201.847999999984,386.22348368010955
-2201.847999999984
0.0,10.0,10.0,0.0;0.0,0.0,10.0,10.0::-2189.736499999992,229.11163685581366
-2189.736499999992
0.0,0.0,10.0,10.0;0.0,10.0,10.0,10.0::-2471.8559999999843,280.8646612943664
-2471.8559999999843
0.0,10.0,10.0,10.0;0.0,0.0,10.0,10.0::-2193.4199999999905,243.9568989596304
-2193.4199999999905
0.0,0.0,10.0,10.0;10.0,0.0,0.0,0.0::-1167.5719999999874,86.23112933273981
-1167.5719999999874
10.0,0.0,0.0,0.0;0.0,0.0,10.0,10.0::-1741.8760000000009,249.30160583919186
-1741.8760000000009
0.0,0.0,10.0,10.0;10.0,0.0,0.0,10.0::-2100.444999999989,447.6138698979276
-2100.444999999989
10.0,0.0,0.0,10.0;0.0,0.0,10.0,10.0::-2112.537499999995,336.2819086254085
-2112.537499999995
0.0,0.0,10.0,10.0;10.0,0.0,10.0,0.0::-2152.492999999989,354.3052859484309
-2152.492999999989
10.0,0.0,10.0,0.0;0.0,0.0,10.0,10.0::-2230.905999999991,345.6083643576933
-2230.905999999991
0.0,0.0,10.0,10.0;10.0,0.0,10.0,10.0::-2293.796499999989,385.9026027545673
-2293.796499999989
10.0,0.0,10.0,10.0;0.0,0.0,10.0,10.0::-2206.6474999999905,364.3996770974825
-2206.6474999999905
0.0,0.0,10.0,10.0;10.0,10.0,0.0,0.0::-1278.2519999999843,110.03025014058296
-1278.2519999999843
10.0,10.0,0.0,0.0;0.0,0.0,10.0,10.0::-1658.3280000000004,261.11816217184054
-1658.3280000000004
0.0,0.0,10.0,10.0;10.0,10.0,0.0,10.0::-2163.9504999999845,416.30840067761017
-2163.9504999999845
10.0,10.0,0.0,10.0;0.0,0.0,10.0,10.0::-2025.4444999999964,290.8019427286343
-2025.4444999999964
0.0,0.0,10.0,10.0;10.0,10.0,10.0,0.0::-2212.4739999999833,417.90208694621134
-2212.4739999999833
10.0,10.0,10.0,0.0;0.0,0.0,10.0,10.0::-2231.971999999991,197.60002850708318
-2231.971999999991
0.0,0.0,10.0,10.0;10.0,10.0,10.0,10.0::-2374.3094999999844,407.7675395182268
-2374.3094999999844
10.0,10.0,10.0,10.0;0.0,0.0,10.0,10.0::-2156.3009999999904,333.4264155687121
-2156.3009999999904
0.0,10.0,0.0,0.0;0.0,10.0,0.0,0.0::-1148.9314999999917,182.7417886876168
-1148.9314999999917
0.0,10.0,0.0,0.0;0.0,10.0,0.0,0.0::-1192.1724999999926,155.43734547640034
-1192.1724999999926
0.0,10.0,0.0,0.0;0.0,10.0,0.0,10.0::-2252.2099999999923,234.82745325025198
-2252.2099999999923
0.0,10.0,0.0,10.0;0.0,10.0,0.0,0.0::-1197.5829999999835,161.293369705638
-1197.5829999999835
0.0,10.0,0.0,0.0;0.0,10.0,10.0,0.0::-1257.1524999999929,458.3476588996056
-1257.1524999999929
0.0,10.0,10.0,0.0;0.0,10.0,0.0,0.0::-1156.4224999999926,151.63803041700845
-1156.4224999999926
0.0,10.0,0.0,0.0;0.0,10.0,10.0,10.0::-2306.886499999992,252.51625886811703
-2306.886499999992
0.0,10.0,10.0,10.0;0.0,10.0,0.0,0.0::-1193.7789999999843,160.5654583308603
-1193.7789999999843
0.0,10.0,0.0,0.0;10.0,0.0,0.0,0.0::-1160.2214999999926,168.12910727399228
-1160.2214999999926
10.0,0.0,0.0,0.0;0.0,10.0,0.0,0.0::-1219.1834999999921,249.16637424168968
-1219.1834999999921
0.0,10.0,0.0,0.0;10.0,0.0,0.0,10.0::-2261.2764999999945,221.67846686755507
-2261.2764999999945
10.0,0.0,0.0,10.0;0.0,10.0,0.0,0.0::-1245.0244999999836,256.7297274854434
-1245.0244999999836
0.0,10.0,0.0,0.0;10.0,0.0,10.0,0.0::-1376.4794999999926,467.9608761475146
-1376.4794999999926
10.0,0.0,10.0,0.0;0.0,10.0,0.0,0.0::-1184.051999999992,244.3497663105063
-1184.051999999992
0.0,10.0,0.0,0.0;10.0,0.0,10.0,10.0::-2306.0609999999924,289.47076377244065
-2306.0609999999924
10.0,0.0,10.0,10.0;0.0,10.0,0.0,0.0::-1195.802999999984,173.4577105262252
-1195.802999999984
0.0,10.0,0.0,0.0;10.0,10.0,0.0,0.0::-1146.958999999993,184.67872527445942
-1146.958999999993
10.0,10.0,0.0,0.0;0.0,10.0,0.0,0.0::-1201.4889999999932,240.14452383720857
-1201.4889999999932
0.0,10.0,0.0,0.0;10.0,10.0,0.0,10.0::-2250.990999999994,221.92559962518808
-2250.990999999994
10.0,10.0,0.0,10.0;0.0,10.0,0.0,0.0::-1221.624499999984,232.04833208784234
-1221.624499999984
0.0,10.0,0.0,0.0;10.0,10.0,10.0,0.0::-1274.7649999999928,431.34700842245246
-1274.7649999999928
10.0,10.0,10.0,0.0;0.0,10.0,0.0,0.0::-1206.7164999999936,281.6205027208588
-1206.7164999999936
0.0,10.0,0.0,0.0;10.0,10.0,10.0,10.0::-2284.7364999999945,265.7191605675986
-2284.7364999999945
10.0,10.0,10.0,10.0;0.0,10.0,0.0,0.0::-1252.3174999999837,217.86181094618212
-1252.3174999999837
0.0,10.0,0.0,10.0;0.0,10.0,0.0,10.0::-2350.1079999999843,98.59416608501715
-2350.1079999999843
0.0,10.0,0.0,10.0;0.0,10.0,0.0,10.0::-2293.4419999999827,206.9148702631103
-2293.4419999999827
0.0,10.0,0.0,10.0;0.0,10.0,10.0,0.0::-1492.080999999984,440.7324964068337
-1492.080999999984
0.0,10.0,10.0,0.0;0.0,10.0,0.0,10.0::-2247.1114999999913,292.5628773319487
-2247.1114999999913
0.0,10.0,0.0,10.0;0.0,10.0,10.0,10.0::-2323.2929999999837,269.9700720468845
-2323.2929999999837
0.0,10.0,10.0,10.0;0.0,10.0,0.0,10.0::-2256.0479999999825,284.11375722762796
-2256.0479999999825
0.0,10.0,0.0,10.0;10.0,0.0,0.0,0.0::-936.551499999995,200.0871333263277
-936.551499999995
10.0,0.0,0.0,0.0;0.0,10.0,0.0,10.0::-2082.8779999999915,400.77577542311633
-2082.8779999999915
0.0,10.0,0.0,10.0;10.0,0.0,0.0,10.0::-2059.309999999996,222.03206480145562
-2059.309999999996
10.0,0.0,0.0,10.0;0.0,10.0,0.0,10.0::-2106.675999999983,399.9635834347926
-2106.675999999983
0.0,10.0,0.0,10.0;10.0,0.0,10.0,0.0::-1150.5779999999952,491.06622701627253
-1150.5779999999952
10.0,0.0,10.0,0.0;0.0,10.0,0.0,10.0::-2033.7089999999903,419.3442464956438
-2033.7089999999903
0.0,10.0,0.0,10.0;10.0,0.0,10.0,10.0::-2030.4229999999966,365.92628850766766
-2030.4229999999966
10.0,0.0,10.0,10.0;0.0,10.0,0.0,10.0::-2045.369499999983,401.57170766221776
-2045.369499999983
0.0,10.0,0.0,10.0;10.0,10.0,0.0,0.0::-1182.507499999984,148.51787457659506
-1182.507499999984
10.0,10.0,0.0,0.0;0.0,10.0,0.0,10.0::-2234.849499999993,300.78952329619045
-2234.849499999993
0.0,10.0,0.0,10.0;10.0,10.0,0.0,10.0::-2232.0784999999855,315.2617484928175
-2232.0784999999855
10.0,10.0,0.0,10.0;0.0,10.0,0.0,10.0::-2228.6619999999843,305.2597837187199
-2228.6619999999843
0.0,10.0,0.0,10.0;10.0,10.0,10.0,0.0::-1439.8109999999847,391.137886146304
-1439.8109999999847
10.0,10.0,10.0,0.0;0.0,10.0,0.0,10.0::-2228.4404999999924,257.53440912769247
-2228.4404999999924
0.0,10.0,0.0,10.0;10.0,10.0,10.0,10.0::-2331.3244999999833,290.2201283935157
-2331.3244999999833
10.0,10.0,10.0,10.0;0.0,10.0,0.0,10.0::-2212.239999999983,330.3545994079684
-2212.239999999983
0.0,10.0,10.0,0.0;0.0,10.0,10.0,0.0::-1362.4934999999914,424.9367321528582
-1362.4934999999914
0.0,10.0,10.0,0.0;0.0,10.0,10.0,0.0::-1385.309999999991,381.93154497894056
-1385.309999999991
0.0,10.0,10.0,0.0;0.0,10.0,10.0,10.0::-2265.825499999993,310.7442194550825
-2265.825499999993
0.0,10.0,10.0,10.0;0.0,10.0,10.0,0.0::-1420.9134999999844,404.6575764059651
-1420.9134999999844
0.0,10.0,10.0,0.0;10.0,0.0,0.0,0.0::-1161.6459999999904,153.46804841399563
-1161.6459999999904
10.0,0.0,0.0,0.0;0.0,10.0,10.0,0.0::-1456.1839999999931,575.505401142335
-1456.1839999999931
0.0,10.0,10.0,0.0;10.0,0.0,0.0,10.0::-2216.5129999999895,305.55014626244235
-2216.5129999999895
10.0,0.0,0.0,10.0;0.0,10.0,10.0,0.0::-1598.720499999984,544.9305455787458
-1598.720499999984
0.0,10.0,10.0,0.0;10.0,0.0,10.0,0.0::-1386.5359999999907,422.41046708622207
-1386.5359999999907
10.0,0.0,10.0,0.0;0.0,10.0,10.0,0.0::-1347.6504999999916,540.6114115284182
-1347.6504999999916
0.0,10.0,10.0,0.0;10.0,0.0,10.0,10.0::-2296.927999999991,273.045651249018
-2296.927999999991
10.0,0.0,10.0,10.0;0.0,10.0,10.0,0.0::-1489.5414999999837,575.5180510659505
-1489.5414999999837
0.0,10.0,10.0,0.0;10.0,10.0,0.0,0.0::-1145.0674999999937,175.97729105980991
-1145.0674999999937
10.0,10.0,0.0,0.0;0.0,10.0,10.0,0.0::-1302.6774999999927,528.2657697303024
-1302.6774999999927
0.0,10.0,10.0,0.0;10.0,10.0,0.0,10.0::-2246.849999999993,250.3873104811813
-2246.849999999993
10.0,10.0,0.0,10.0;0.0,10.0,10.0,0.0::-1362.6494999999836,486.0841187744661
-1362.6494999999836
0.0,10.0,10.0,0.0;10.0,10.0,10.0,0.0::-1341.5094999999926,392.8740162377101
-1341.5094999999926
10.0,10.0,10.0,0.0;0.0,10.0,10.0,0.0::-1380.870499999992,510.4069008690501
-1380.870499999992
0.0,10.0,10.0,0.0;10.0,10.0,10.0,10.0::-2316.663499999992,238.30969198240655
-2316.663499999992
10.0,10.0,10.0,10.0;0.0,10.0,10.0,0.0::-1323.8184999999835,473.5771936366335
-1323.8184999999835
0.0,10.0,10.0,10.0;0.0,10.0,10.0,10.0::-2306.7989999999836,293.12181145216726
-2306.7989999999836
0.0,10.0,10.0,10.0;0.0,10.0,10.0,10.0::-2314.4639999999836,286.9545608698342
-2314.4639999999836
0.0,10.0,10.0,10.0;10.0,0.0,0.0,0.0::-1080.8559999999886,154.7695275692209
-1080.8559999999886
10.0,0.0,0.0,0.0;0.0,10.0,10.0,10.0::-2315.7184999999936,403.07761706990044
-2315.7184999999936
0.0,10.0,10.0,10.0;10.0,0.0,0.0,10.0::-2156.1364999999887,309.6931811369918
-2156.1364999999887
10.0,0.0,0.0,10.0;0.0,10.0,10.0,10.0::-2393.420499999984,365.9344948959431
-2393.420499999984
0.0,10.0,10.0,10.0;10.0,0.0,10.0,0.0::-1245.1919999999889,428.18866465145896
-1245.1919999999889
10.0,0.0,10.0,0.0;0.0,10.0,10.0,10.0::-2341.637999999992,343.0883669056701
-2341.637999999992
0.0,10.0,10.0,10.0;10.0,0.0,10.0,10.0::-2233.115499999989,262.1057934971091
-2233.115499999989
10.0,0.0,10.0,10.0;0.0,10.0,10.0,10.0::-2350.993999999983,385.9009089312949
-2350.993999999983
0.0,10.0,10.0,10.0;10.0,10.0,0.0,0.0::-1187.036499999984,126.8421924784872
-1187.036499999984
10.0,10.0,0.0,0.0;0.0,10.0,10.0,10.0::-2283.972499999992,302.12052655976515
-2283.972499999992
0.0,10.0,10.0,10.0;10.0,10.0,0.0,10.0::-2282.0544999999847,235.5749254584401
-2282.0544999999847
10.0,10.0,0.0,10.0;0.0,10.0,10.0,10.0::-2309.7814999999837,314.88534196235594
-2309.7814999999837
0.0,10.0,10.0,10.0;10.0,10.0,10.0,0.0::-1394.8794999999843,423.55718126924666
-1394.8794999999843
10.0,10.0,10.0,0.0;0.0,10.0,10.0,10.0::-2284.668499999992,306.664302589573
-2284.668499999992
0.0,10.0,10.0,10.0;10.0,10.0,10.0,10.0::-2337.3559999999848,217.66595281301855
-2337.3559999999848
10.0,10.0,10.0,10.0;0.0,10.0,10.0,10.0::-2315.246499999983,338.4426484838311
-2315.246499999983
10.0,0.0,0.0,0.0;10.0,0.0,0.0,0.0::-1186.4444999999923,192.52524027968263
-1186.4444999999923
10.0,0.0,0.0,0.0;10.0,0.0,0.0,0.0::-1215.170999999992,216.76302500426573
-1215.170999999992
10.0,0.0,0.0,0.0;10.0,0.0,0.0,10.0::-2080.081499999993,413.29249476944244
-2080.081499999993
10.0,0.0,0.0,10.0;10.0,0.0,0.0,0.0::-954.9029999999957,278.6509658892236
-954.9029999999957
10.0,0.0,0.0,0.0;10.0,0.0,10.0,0.0::-1401.1284999999923,555.7087814338992
-1401.1284999999923
10.0,0.0,10.0,0.0;10.0,0.0,0.0,0.0::-1219.327999999991,231.93754065696214
-1219.327999999991
10.0,0.0,0.0,0.0;10.0,0.0,10.0,10.0::-2366.4734999999923,367.25874635296213
-2366.4734999999923
10.0,0.0,10.0,10.0;10.0,0.0,0.0,0.0::-1132.2539999999885,213.7173775901242
-1132.2539999999885
10.0,0.0,0.0,0.0;10.0,10.0,0.0,0.0::-1186.2029999999927,221.35060433845496
-1186.2029999999927
10.0,10.0,0.0,0.0;10.0,0.0,0.0,0.0::-1228.7489999999923,222.06935200292642
-1228.7489999999923
10.0,0.0,0.0,0.0;10.0,10.0,0.0,10.0::-2137.7584999999935,425.0464514647189
-2137.7584999999935
10.0,10.0,0.0,10.0;10.0,0.0,0.0,0.0::-1021.4109999999928,269.95170378976616
-1021.4109999999928
10.0,0.0,0.0,0.0;10.0,10.0,10.0,0.0::-1379.3479999999931,540.9210096178549
-1379.3479999999931
10.0,10.0,10.0,0.0;10.0,0.0,0.0,0.0::-1232.3364999999908,244.1079706661591
-1232.3364999999908
10.0,0.0,0.0,0.0;10.0,10.0,10.0,10.0::-2335.1744999999923,377.16363222711357
-2335.1744999999923
10.0,10.0,10.0,10.0;10.0,0.0,0.0,0.0::-1135.7069999999885,225.4465528700758
-1135.7069999999885
10.0,0.0,0.0,10.0;10.0,0.0,0.0,10.0::-1821.5174999999958,437.66890930102306
-1821.5174999999958
10.0,0.0,0.0,10.0;10.0,0.0,0.0,10.0::-1728.6179999999958,447.56606269465703
-1728.6179999999958
10.0,0.0,0.0,10.0;10.0,0.0,10.0,0.0::-1169.3139999999946,558.8344819837048
-1169.3139999999946
10.0,0.0,10.0,0.0;10.0,0.0,0.0,10.0::-2089.356499999991,402.3098633923235
-2089.356499999991
10.0,0.0,0.0,10.0;10.0,0.0,10.0,10.0::-2122.704999999996,369.4031020782004
-2122.704999999996
10.0,0.0,10.0,10.0;10.0,0.0,0.0,10.0::-2027.3179999999882,398.95565088866624
-2027.3179999999882
10.0,0.0,0.0,10.0;10.0,10.0,0.0,0.0::-1209.218499999985,224.6414068749324
-1209.218499999985
10.0,10.0,0.0,0.0;10.0,0.0,0.0,10.0::-2184.142999999992,321.2288376702813
-2184.142999999992
10.0,0.0,0.0,10.0;10.0,10.0,0.0,10.0::-2126.6214999999843,422.91738036258243
-2126.6214999999843
10.0,10.0,0.0,10.0;10.0,0.0,0.0,10.0::-2062.263499999994,274.93061059610585
-2062.263499999994
10.0,0.0,0.0,10.0;10.0,10.0,10.0,0.0::-1446.2469999999862,582.391568913045
-1446.2469999999862
10.0,10.0,10.0,0.0;10.0,0.0,0.0,10.0::-2214.5584999999905,286.9336539215118
-2214.5584999999905
10.0,0.0,0.0,10.0;10.0,10.0,10.0,10.0::-2372.5609999999847,346.8100688114452
-2372.5609999999847
10.0,10.0,10.0,10.0;10.0,0.0,0.0,10.0::-2177.17449999999,245.19156923668766
-2177.17449999999
10.0,0.0,10.0,0.0;10.0,0.0,10.0,0.0::-1525.89899999999,479.8290554968508
-1525.89899999999
10.0,0.0,10.0,0.0;10.0,0.0,10.0,0.0::-1484.5799999999895,523.2471077320918
-1484.5799999999895
10.0,0.0,10.0,0.0;10.0,0.0,10.0,10.0::-2343.3824999999906,336.14317904540343
-2343.3824999999906
10.0,0.0,10.0,10.0;10.0,0.0,10.0,0.0::-1399.9664999999889,574.7162081869185
-1399.9664999999889
10.0,0.0,10.0,0.0;10.0,10.0,0.0,0.0::-1142.677499999992,233.34530736389095
-1142.677499999992
10.0,10.0,0.0,0.0;10.0,0.0,10.0,0.0::-1454.2424999999923,502.5545266622813
-1454.2424999999923
10.0,0.0,10.0,0.0;10.0,10.0,0.0,10.0::-2046.0789999999924,409.1877477503446
-2046.0789999999924
10.0,10.0,0.0,10.0;10.0,0.0,10.0,0.0::-1175.692999999995,511.71548569590624
-1175.692999999995
10.0,0.0,10.0,0.0;10.0,10.0,10.0,0.0::-1398.179499999992,555.1873202845583
-1398.179499999992
10.0,10.0,10.0,0.0;10.0,0.0,10.0,0.0::-1453.71499999999,506.06749735089625
-1453.71499999999
10.0,0.0,10.0,0.0;10.0,10.0,10.0,10.0::-2394.8094999999935,280.18767020472006
-2394.8094999999935
10.0,10.0,10.0,10.0;10.0,0.0,10.0,0.0::-1298.7124999999878,500.19195187322845
-1298.7124999999878
10.0,0.0,10.0,10.0;10.0,0.0,10.0,10.0::-2273.5984999999896,355.0349201455398
-2273.5984999999896
10.0,0.0,10.0,10.0;10.0,0.0,10.0,10.0::-2297.403999999989,316.67809599654925
-2297.403999999989
10.0,0.0,10.0,10.0;10.0,10.0,0.0,0.0::-1207.6379999999851,239.976329574396
-1207.6379999999851
10.0,10.0,0.0,0.0;10.0,0.0,10.0,10.0::-2353.334999999993,257.10786447520377
-2353.334999999993
10.0,0.0,10.0,10.0;10.0,10.0,0.0,10.0::-2047.9669999999835,427.5999819469122
-2047.9669999999835
10.0,10.0,0.0,10.0;10.0,0.0,10.0,10.0::-2080.3044999999943,325.79776296768455
-2080.3044999999943
10.0,0.0,10.0,10.0;10.0,10.0,10.0,0.0::-1462.7449999999847,536.724553868182
-1462.7449999999847
10.0,10.0,10.0,0.0;10.0,0.0,10.0,10.0::-2286.08649999999,301.4862796094557
-2286.08649999999
10.0,0.0,10.0,10.0;10.0,10.0,10.0,10.0::-2408.800999999985,300.0157274194132
-2408.800999999985
10.0,10.0,10.0,10.0;10.0,0.0,10.0,10.0::-2234.4939999999892,252.1503707393653
-2234.4939999999892
10.0,10.0,0.0,0.0;10.0,10.0,0.0,0.0::-1205.3494999999928,236.98708124020106
-1205.3494999999928
10.0,10.0,0.0,0.0;10.0,10.0,0.0,0.0::-1180.047999999993,239.6385516689656
-1180.047999999993
10.0,10.0,0.0,0.0;10.0,10.0,0.0,10.0::-2209.367999999992,325.3910200451134
-2209.367999999992
10.0,10.0,0.0,10.0;10.0,10.0,0.0,0.0::-1243.6889999999846,246.26641220231227
-1243.6889999999846
10.0,10.0,0.0,0.0;10.0,10.0,10.0,0.0::-1373.1974999999934,520.9154929724682
-1373.1974999999934
10.0,10.0,10.0,0.0;10.0,10.0,0.0,0.0::-1189.4504999999917,228.54732272496523
-1189.4504999999917
10.0,10.0,0.0,0.0;10.0,10.0,10.0,10.0::-2333.4219999999927,251.4832961967842
-2333.4219999999927
10.0,10.0,10.0,10.0;10.0,10.0,0.0,0.0::-1201.3624999999838,196.11777129762947
-1201.3624999999838
10.0,10.0,0.0,10.0;10.0,10.0,0.0,10.0::-2278.238499999984,251.55959680113503
-2278.238499999984
10.0,10.0,0.0,10.0;10.0,10.0,0.0,10.0::-2258.3644999999847,284.1464686825239
-2258.3644999999847
10.0,10.0,0.0,10.0;10.0,10.0,10.0,0.0::-1321.3299999999851,487.5895240363549
-1321.3299999999851
10.0,10.0,10.0,0.0;10.0,10.0,0.0,10.0::-2230.5904999999925,293.0173197692398
-2230.5904999999925
10.0,10.0,0.0,10.0;10.0,10.0,10.0,10.0::-2299.6044999999854,318.41450760722034
-2299.6044999999854
10.0,10.0,10.0,10.0;10.0,10.0,0.0,10.0::-2217.6184999999837,327.90187127058226
-2217.6184999999837
10.0,10.0,10.0,0.0;10.0,10.0,10.0,0.0::-1319.4399999999919,493.3843578793302
-1319.4399999999919
10.0,10.0,10.0,0.0;10.0,10.0,10.0,0.0::-1391.2609999999934,530.0729285475718
-1391.2609999999934
10.0,10.0,10.0,0.0;10.0,10.0,10.0,10.0::-2323.3309999999915,268.66573365243295
-2323.3309999999915
10.0,10.0,10.0,10.0;10.0,10.0,10.0,0.0::-1370.1909999999837,489.55845531356056
-1370.1909999999837
10.0,10.0,10.0,10.0;10.0,10.0,10.0,10.0::-2374.370499999983,269.57304215138043
-2374.370499999983
10.0,10.0,10.0,10.0;10.0,10.0,10.0,10.0::-2305.057999999985,290.3192289291203
-2305.057999999985
