0.0,1.0;0.0,1.0::-3500.0,0.0
-3500.0
0.0,1.0;0.0,1.0::-3500.0,0.0
-3500.0
0.0,1.0;0.0,2.0::-1000.0,0.0
-1000.0
0.0,2.0;0.0,1.0::-2500.0,0.0
-2500.0
0.0,1.0;0.0,3.0::-1000.0,0.0
-1000.0
0.0,3.0;0.0,1.0::-2500.0,0.0
-2500.0
0.0,1.0;0.0,4.0::-1025.0,0.0
-1025.0
0.0,4.0;0.0,1.0::-2510.0,0.0
-2510.0
0.0,1.0;1.0,0.0::-2500.0,0.0
-2500.0
1.0,0.0;0.0,1.0::-2750.0,0.0
-2750.0
0.0,1.0;1.0,1.0::-2500.0,0.0
-2500.0
1.0,1.0;0.0,1.0::-2750.0,0.0
-2750.0
0.0,1.0;1.0,2.0::0.0,0.0
0.0
1.0,2.0;0.0,1.0::-1750.0,0.0
-1750.0
0.0,1.0;1.0,3.0::0.0,0.0
0.0
1.0,3.0;0.0,1.0::-1750.0,0.0
-1750.0
0.0,1.0;1.0,4.0::-25.0,0.0
-25.0
1.0,4.0;0.0,1.0::-1760.0,0.0
-1760.0
0.0,1.0;2.0,0.0::-2500.0,0.0
-2500.0
2.0,0.0;0.0,1.0::-2750.0,0.0
-2750.0
0.0,1.0;2.0,1.0::-2500.0,0.0
-2500.0
2.0,1.0;0.0,1.0::-2750.0,0.0
-2750.0
0.0,1.0;2.0,2.0::0.0,0.0
0.0
2.0,2.0;0.0,1.0::-1750.0,0.0
-1750.0
0.0,1.0;2.0,3.0::0.0,0.0
0.0
2.0,3.0;0.0,1.0::-1750.0,0.0
-1750.0
0.0,1.0;2.0,4.0::-25.0,0.0
-25.0
2.0,4.0;0.0,1.0::-1760.0,0.0
-1760.0
0.0,1.0;3.0,0.0::-1500.0,0.0
-1500.0
3.0,0.0;0.0,1.0::-2000.0,0.0
-2000.0
0.0,1.0;3.0,1.0::-1500.0,0.0
-1500.0
3.0,1.0;0.0,1.0::-2000.0,0.0
-2000.0
0.0,1.0;3.0,2.0::1000.0,0.0
1000.0
3.0,2.0;0.0,1.0::-1000.0,0.0
-1000.0
0.0,1.0;3.0,3.0::1000.0,0.0
1000.0
3.0,3.0;0.0,1.0::-1000.0,0.0
-1000.0
0.0,1.0;3.0,4.0::975.0,0.0
975.0
3.0,4.0;0.0,1.0::-1010.0,0.0
-1010.0
0.0,1.0;4.0,0.0::-1510.0,0.0
-1510.0
4.0,0.0;0.0,1.0::-2007.5,0.0
-2007.5
0.0,1.0;4.0,1.0::-1510.0,0.0
-1510.0
4.0,1.0;0.0,1.0::-2007.5,0.0
-2007.5
0.0,1.0;4.0,2.0::990.0,0.0
990.0
4.0,2.0;0.0,1.0::-1007.5,0.0
-1007.5
0.0,1.0;4.0,3.0::990.0,0.0
990.0
4.0,3.0;0.0,1.0::-1007.5,0.0
-1007.5
0.0,1.0;4.0,4.0::965.0,0.0
965.0
4.0,4.0;0.0,1.0::-1017.5,0.0
-1017.5
