2.0,4.0;2.0,4.0::-3500.0,0.0
-3500.0
2.0,4.0;2.0,4.0::-3500.0,0.0
-3500.0
2.0,4.0;3.0,0.0::-2520.0,0.0
-2520.0
3.0,0.0;2.0,4.0::-1015.0,0.0
-1015.0
2.0,4.0;3.0,1.0::-770.0,0.0
-770.0
3.0,1.0;2.0,4.0::-1015.0,0.0
-1015.0
2.0,4.0;3.0,2.0::-770.0,0.0
-770.0
3.0,2.0;2.0,4.0::-1015.0,0.0
-1015.0
2.0,4.0;3.0,3.0::980.0,0.0
980.0
3.0,3.0;2.0,4.0::-1015.0,0.0
-1015.0
2.0,4.0;3.0,4.0::-2520.0,0.0
-2520.0
3.0,4.0;2.0,4.0::-1015.0,0.0
-1015.0
2.0,4.0;4.0,0.0::-2510.0,0.0
-2510.0
4.0,0.0;2.0,4.0::-1007.5,0.0
-1007.5
2.0,4.0;4.0,1.0::-760.0,0.0
-760.0
4.0,1.0;2.0,4.0::-1007.5,0.0
-1007.5
2.0,4.0;4.0,2.0::-760.0,0.0
-760.0
4.0,2.0;2.0,4.0::-1007.5,0.0
-1007.5
2.0,4.0;4.0,3.0::990.0,0.0
990.0
4.0,3.0;2.0,4.0::-1007.5,0.0
-1007.5
2.0,4.0;4.0,4.0::-2510.0,0.0
-2510.0
4.0,4.0;2.0,4.0::-1007.5,0.0
-1007.5
