0.0,2.0;0.0,2.0::0.0,0.0
0.0
0.0,2.0;0.0,2.0::0.0,0.0
0.0
0.0,2.0;0.0,3.0::0.0,0.0
0.0
0.0,3.0;0.0,2.0::0.0,0.0
0.0
0.0,2.0;0.0,4.0::-25.0,0.0
-25.0
0.0,4.0;0.0,2.0::-10.0,0.0
-10.0
0.0,2.0;1.0,0.0::-2500.0,0.0
-2500.0
1.0,0.0;0.0,2.0::-2750.0,0.0
-2750.0
0.0,2.0;1.0,1.0::-2500.0,0.0
-2500.0
1.0,1.0;0.0,2.0::-2750.0,0.0
-2750.0
0.0,2.0;1.0,2.0::0.0,0.0
0.0
1.0,2.0;0.0,2.0::-1750.0,0.0
-1750.0
0.0,2.0;1.0,3.0::0.0,0.0
0.0
1.0,3.0;0.0,2.0::-1750.0,0.0
-1750.0
0.0,2.0;1.0,4.0::-25.0,0.0
-25.0
1.0,4.0;0.0,2.0::-1760.0,0.0
-1760.0
0.0,2.0;2.0,0.0::-2500.0,0.0
-2500.0
2.0,0.0;0.0,2.0::-2750.0,0.0
-2750.0
0.0,2.0;2.0,1.0::-2500.0,0.0
-2500.0
2.0,1.0;0.0,2.0::-2750.0,0.0
-2750.0
0.0,2.0;2.0,2.0::0.0,0.0
0.0
2.0,2.0;0.0,2.0::-1750.0,0.0
-1750.0
0.0,2.0;2.0,3.0::0.0,0.0
0.0
2.0,3.0;0.0,2.0::-1750.0,0.0
-1750.0
0.0,2.0;2.0,4.0::-25.0,0.0
-25.0
2.0,4.0;0.0,2.0::-1760.0,0.0
-1760.0
0.0,2.0;3.0,0.0::-2500.0,0.0
-2500.0
3.0,0.0;0.0,2.0::-4500.0,0.0
-4500.0
0.0,2.0;3.0,1.0::-2500.0,0.0
-2500.0
3.0,1.0;0.0,2.0::-4500.0,0.0
-4500.0
0.0,2.0;3.0,2.0::0.0,0.0
0.0
3.0,2.0;0.0,2.0::-3500.0,0.0
-3500.0
0.0,2.0;3.0,3.0::0.0,0.0
0.0
3.0,3.0;0.0,2.0::-3500.0,0.0
-3500.0
0.0,2.0;3.0,4.0::-25.0,0.0
-25.0
3.0,4.0;0.0,2.0::-3510.0,0.0
-3510.0
0.0,2.0;4.0,0.0::-2500.0,0.0
-2500.0
4.0,0.0;0.0,2.0::-1000.0,0.0
-1000.0
0.0,2.0;4.0,1.0::-2500.0,0.0
-2500.0
4.0,1.0;0.0,2.0::-1000.0,0.0
-1000.0
0.0,2.0;4.0,2.0::0.0,0.0
0.0
4.0,2.0;0.0,2.0::0.0,0.0
0.0
0.0,2.0;4.0,3.0::0.0,0.0
0.0
4.0,3.0;0.0,2.0::0.0,0.0
0.0
0.0,2.0;4.0,4.0::-25.0,0.0
-25.0
4.0,4.0;0.0,2.0::-10.0,0.0
-10.0
