0.0,4.0;0.0,4.0::-35.0,0.0
-35.0
0.0,4.0;0.0,4.0::-35.0,0.0
-35.0
0.0,4.0;1.0,0.0::-1520.0,0.0
-1520.0
1.0,0.0;0.0,4.0::-2015.0,0.0
-2015.0
0.0,4.0;1.0,1.0::-1520.0,0.0
-1520.0
1.0,1.0;0.0,4.0::-2015.0,0.0
-2015.0
0.0,4.0;1.0,2.0::980.0,0.0
980.0
1.0,2.0;0.0,4.0::-1015.0,0.0
-1015.0
0.0,4.0;1.0,3.0::980.0,0.0
980.0
1.0,3.0;0.0,4.0::-1015.0,0.0
-1015.0
0.0,4.0;1.0,4.0::955.0,0.0
955.0
1.0,4.0;0.0,4.0::-1025.0,0.0
-1025.0
0.0,4.0;2.0,0.0::-2500.0,0.0
-2500.0
2.0,0.0;0.0,4.0::-4500.0,0.0
-4500.0
0.0,4.0;2.0,1.0::-2500.0,0.0
-2500.0
2.0,1.0;0.0,4.0::-4500.0,0.0
-4500.0
0.0,4.0;2.0,2.0::0.0,0.0
0.0
2.0,2.0;0.0,4.0::-3500.0,0.0
-3500.0
0.0,4.0;2.0,3.0::0.0,0.0
0.0
2.0,3.0;0.0,4.0::-3500.0,0.0
-3500.0
0.0,4.0;2.0,4.0::-25.0,0.0
-25.0
2.0,4.0;0.0,4.0::-3510.0,0.0
-3510.0
0.0,4.0;3.0,0.0::-1520.0,0.0
-1520.0
3.0,0.0;0.0,4.0::-2015.0,0.0
-2015.0
0.0,4.0;3.0,1.0::-1520.0,0.0
-1520.0
3.0,1.0;0.0,4.0::-2015.0,0.0
-2015.0
0.0,4.0;3.0,2.0::980.0,0.0
980.0
3.0,2.0;0.0,4.0::-1015.0,0.0
-1015.0
0.0,4.0;3.0,3.0::980.0,0.0
980.0
3.0,3.0;0.0,4.0::-1015.0,0.0
-1015.0
0.0,4.0;3.0,4.0::955.0,0.0
955.0
3.0,4.0;0.0,4.0::-1025.0,0.0
-1025.0
0.0,4.0;4.0,0.0::-1510.0,0.0
-1510.0
4.0,0.0;0.0,4.0::-2007.5,0.0
-2007.5
0.0,4.0;4.0,1.0::-1510.0,0.0
-1510.0
4.0,1.0;0.0,4.0::-2007.5,0.0
-2007.5
0.0,4.0;4.0,2.0::990.0,0.0
990.0
4.0,2.0;0.0,4.0::-1007.5,0.0
-1007.5
0.0,4.0;4.0,3.0::990.0,0.0
990.0
4.0,3.0;0.0,4.0::-1007.5,0.0
-1007.5
0.0,4.0;4.0,4.0::965.0,0.0
965.0
4.0,4.0;0.0,4.0::-1017.5,0.0
-1017.5
