1.0,4.0;1.0,4.0::-35.0,0.0
-35.0
1.0,4.0;1.0,4.0::-35.0,0.0
-35.0
1.0,4.0;2.0,0.0::-2500.0,0.0
-2500.0
2.0,0.0;1.0,4.0::-4500.0,0.0
-4500.0
1.0,4.0;2.0,1.0::-1750.0,0.0
-1750.0
2.0,1.0;1.0,4.0::-3500.0,0.0
-3500.0
1.0,4.0;2.0,2.0::-1750.0,0.0
-1750.0
2.0,2.0;1.0,4.0::-3500.0,0.0
-3500.0
1.0,4.0;2.0,3.0::-1000.0,0.0
-1000.0
2.0,3.0;1.0,4.0::-2500.0,0.0
-2500.0
1.0,4.0;2.0,4.0::-1015.0,0.0
-1015.0
2.0,4.0;1.0,4.0::-2520.0,0.0
-2520.0
1.0,4.0;3.0,0.0::-1520.0,0.0
-1520.0
3.0,0.0;1.0,4.0::-2015.0,0.0
-2015.0
1.0,4.0;3.0,1.0::-770.0,0.0
-770.0
3.0,1.0;1.0,4.0::-1015.0,0.0
-1015.0
1.0,4.0;3.0,2.0::-770.0,0.0
-770.0
3.0,2.0;1.0,4.0::-1015.0,0.0
-1015.0
1.0,4.0;3.0,3.0::-20.0,0.0
-20.0
3.0,3.0;1.0,4.0::-15.0,0.0
-15.0
1.0,4.0;3.0,4.0::-35.0,0.0
-35.0
3.0,4.0;1.0,4.0::-35.0,0.0
-35.0
1.0,4.0;4.0,0.0::-1510.0,0.0
-1510.0
4.0,0.0;1.0,4.0::-2007.5,0.0
-2007.5
1.0,4.0;4.0,1.0::-760.0,0.0
-760.0
4.0,1.0;1.0,4.0::-1007.5,0.0
-1007.5
1.0,4.0;4.0,2.0::-760.0,0.0
-760.0
4.0,2.0;1.0,4.0::-1007.5,0.0
-1007.5
1.0,4.0;4.0,3.0::-10.0,0.0
-10.0
4.0,3.0;1.0,4.0::-7.5,0.0
-7.5
1.0,4.0;4.0,4.0::-25.0,0.0
-25.0
4.0,4.0;1.0,4.0::-27.5,0.0
-27.5
