0.0,0.0;0.0,0.0::-812.25,10.262431485763985
-812.25
0.0,0.0;0.0,0.0::-812.97,10.175416453393932
-812.97
0.0,0.0;0.0,10.0::-2658.705,62.412542609638976
-2658.705
0.0,10.0;0.0,0.0::-948.405,50.27224358430803
-948.405
0.0,0.0;10.0,0.0::-813.735,8.614654665162147
-813.735
10.0,0.0;0.0,0.0::-811.575,8.492459890985648
-811.575
0.0,0.0;10.0,10.0::-2665.08,49.49483407387077
-2665.08
10.0,10.0;0.0,0.0::-953.1,41.94776513713216
-953.1
0.0,10.0;0.0,10.0::-2810.57,62.67675087303106
-2810.57
0.0,10.0;0.0,10.0::-2808.67,68.00258156864342
-2808.67
0.0,10.0;10.0,0.0::-1128.525,29.315556876852945
-1128.525
10.0,0.0;0.0,10.0::-2452.605,103.68766308004054
-2452.605
0.0,10.0;10.0,10.0::-2990.27,55.48380033847717
-2990.27
10.0,10.0;0.0,10.0::-2634.13,87.85856873407396
-2634.13
10.0,0.0;10.0,0.0::-812.715,9.438022833199758
-812.715
10.0,0.0;10.0,0.0::-813.195,9.198884443235496
-813.195
10.0,0.0;10.0,10.0::-2469.58,94.95184884982493
-2469.58
10.0,10.0;10.0,0.0::-1128.68,33.57152960471119
-1128.68
10.0,10.0;10.0,10.0::-2791.175,102.8934977294484
-2791.175
10.0,10.0;10.0,10.0::-2786.335,97.81482645795575
-2786.335
