2.0,4.0;2.0,4.0::-3000.0,0.0
-3000.0
2.0,4.0;2.0,4.0::-3000.0,0.0
-3000.0
2.0,4.0;3.0,0.0::-2650.0,0.0
-2650.0
3.0,0.0;2.0,4.0::-650.0,0.0
-650.0
2.0,4.0;3.0,1.0::-900.0,0.0
-900.0
3.0,1.0;2.0,4.0::-900.0,0.0
-900.0
2.0,4.0;3.0,2.0::-900.0,0.0
-900.0
3.0,2.0;2.0,4.0::-900.0,0.0
-900.0
2.0,4.0;3.0,3.0::850.0,0.0
850.0
3.0,3.0;2.0,4.0::-1150.0,0.0
-1150.0
2.0,4.0;3.0,4.0::-2650.0,0.0
-2650.0
3.0,4.0;2.0,4.0::-650.0,0.0
-650.0
2.0,4.0;4.0,0.0::-2507.5,0.0
-2507.5
4.0,0.0;2.0,4.0::-507.5,0.0
-507.5
2.0,4.0;4.0,1.0::-757.5,0.0
-757.5
4.0,1.0;2.0,4.0::-757.5,0.0
-757.5
2.0,4.0;4.0,2.0::-757.5,0.0
-757.5
4.0,2.0;2.0,4.0::-757.5,0.0
-757.5
2.0,4.0;4.0,3.0::992.5,0.0
992.5
4.0,3.0;2.0,4.0::-1007.5,0.0
-1007.5
2.0,4.0;4.0,4.0::-2507.5,0.0
-2507.5
4.0,4.0;2.0,4.0::-507.5,0.0
-507.5
