3.0,2.0;3.0,2.0::-3000.0,0.0
-3000.0
3.0,2.0;3.0,2.0::-3000.0,0.0
-3000.0
3.0,2.0;3.0,3.0::-500.0,0.0
-500.0
3.0,3.0;3.0,2.0::-2500.0,0.0
-2500.0
3.0,2.0;3.0,4.0::-650.0,0.0
-650.0
3.0,4.0;3.0,2.0::-2650.0,0.0
-2650.0
3.0,2.0;4.0,0.0::-3500.0,0.0
-3500.0
4.0,0.0;3.0,2.0::500.0,0.0
500.0
3.0,2.0;4.0,1.0::-1000.0,0.0
-1000.0
4.0,1.0;3.0,2.0::1000.0,0.0
1000.0
3.0,2.0;4.0,2.0::-3500.0,0.0
-3500.0
4.0,2.0;3.0,2.0::500.0,0.0
500.0
3.0,2.0;4.0,3.0::-1000.0,0.0
-1000.0
4.0,3.0;3.0,2.0::1000.0,0.0
1000.0
3.0,2.0;4.0,4.0::-1150.0,0.0
-1150.0
4.0,4.0;3.0,2.0::850.0,0.0
850.0
