0.0,4.0;0.0,4.0::-300.0,0.0
-300.0
0.0,4.0;0.0,4.0::-300.0,0.0
-300.0
0.0,4.0;1.0,0.0::-1650.0,0.0
-1650.0
1.0,0.0;0.0,4.0::-1650.0,0.0
-1650.0
0.0,4.0;1.0,1.0::-1650.0,0.0
-1650.0
1.0,1.0;0.0,4.0::-1650.0,0.0
-1650.0
0.0,4.0;1.0,2.0::850.0,0.0
850.0
1.0,2.0;0.0,4.0::-1150.0,0.0
-1150.0
0.0,4.0;1.0,3.0::850.0,0.0
850.0
1.0,3.0;0.0,4.0::-1150.0,0.0
-1150.0
0.0,4.0;1.0,4.0::600.0,0.0
600.0
1.0,4.0;0.0,4.0::-1200.0,0.0
-1200.0
0.0,4.0;2.0,0.0::-2000.0,0.0
-2000.0
2.0,0.0;0.0,4.0::-4000.0,0.0
-4000.0
0.0,4.0;2.0,1.0::-2000.0,0.0
-2000.0
2.0,1.0;0.0,4.0::-4000.0,0.0
-4000.0
0.0,4.0;2.0,2.0::500.0,0.0
500.0
2.0,2.0;0.0,4.0::-3500.0,0.0
-3500.0
0.0,4.0;2.0,3.0::500.0,0.0
500.0
2.0,3.0;0.0,4.0::-3500.0,0.0
-3500.0
0.0,4.0;2.0,4.0::250.0,0.0
250.0
2.0,4.0;0.0,4.0::-3550.0,0.0
-3550.0
0.0,4.0;3.0,0.0::-1650.0,0.0
-1650.0
3.0,0.0;0.0,4.0::-1650.0,0.0
-1650.0
0.0,4.0;3.0,1.0::-1650.0,0.0
-1650.0
3.0,1.0;0.0,4.0::-1650.0,0.0
-1650.0
0.0,4.0;3.0,2.0::850.0,0.0
850.0
3.0,2.0;0.0,4.0::-1150.0,0.0
-1150.0
0.0,4.0;3.0,3.0::850.0,0.0
850.0
3.0,3.0;0.0,4.0::-1150.0,0.0
-1150.0
0.0,4.0;3.0,4.0::600.0,0.0
600.0
3.0,4.0;0.0,4.0::-1200.0,0.0
-1200.0
0.0,4.0;4.0,0.0::-1507.5,0.0
-1507.5
4.0,0.0;0.0,4.0::-1507.5,0.0
-1507.5
0.0,4.0;4.0,1.0::-1507.5,0.0
-1507.5
4.0,1.0;0.0,4.0::-1507.5,0.0
-1507.5
0.0,4.0;4.0,2.0::992.5,0.0
992.5
4.0,2.0;0.0,4.0::-1007.5,0.0
-1007.5
0.0,4.0;4.0,3.0::992.5,0.0
992.5
4.0,3.0;0.0,4.0::-1007.5,0.0
-1007.5
0.0,4.0;4.0,4.0::742.5,0.0
742.5
4.0,4.0;0.0,4.0::-1057.5,0.0
-1057.5
