1.0,4.0;1.0,4.0::-300.0,0.0
-300.0
1.0,4.0;1.0,4.0::-300.0,0.0
-300.0
1.0,4.0;2.0,0.0::-2000.0,0.0
-2000.0
2.0,0.0;1.0,4.0::-4000.0,0.0
-4000.0
1.0,4.0;2.0,1.0::-1250.0,0.0
-1250.0
2.0,1.0;1.0,4.0::-3250.0,0.0
-3250.0
1.0,4.0;2.0,2.0::-1250.0,0.0
-1250.0
2.0,2.0;1.0,4.0::-3250.0,0.0
-3250.0
1.0,4.0;2.0,3.0::-500.0,0.0
-500.0
2.0,3.0;1.0,4.0::-2500.0,0.0
-2500.0
1.0,4.0;2.0,4.0::-650.0,0.0
-650.0
2.0,4.0;1.0,4.0::-2650.0,0.0
-2650.0
1.0,4.0;3.0,0.0::-1650.0,0.0
-1650.0
3.0,0.0;1.0,4.0::-1650.0,0.0
-1650.0
1.0,4.0;3.0,1.0::-900.0,0.0
-900.0
3.0,1.0;1.0,4.0::-900.0,0.0
-900.0
1.0,4.0;3.0,2.0::-900.0,0.0
-900.0
3.0,2.0;1.0,4.0::-900.0,0.0
-900.0
1.0,4.0;3.0,3.0::-150.0,0.0
-150.0
3.0,3.0;1.0,4.0::-150.0,0.0
-150.0
1.0,4.0;3.0,4.0::-300.0,0.0
-300.0
3.0,4.0;1.0,4.0::-300.0,0.0
-300.0
1.0,4.0;4.0,0.0::-1507.5,0.0
-1507.5
4.0,0.0;1.0,4.0::-1507.5,0.0
-1507.5
1.0,4.0;4.0,1.0::-757.5,0.0
-757.5
4.0,1.0;1.0,4.0::-757.5,0.0
-757.5
1.0,4.0;4.0,2.0::-757.5,0.0
-757.5
4.0,2.0;1.0,4.0::-757.5,0.0
-757.5
1.0,4.0;4.0,3.0::-7.5,0.0
-7.5
4.0,3.0;1.0,4.0::-7.5,0.0
-7.5
1.0,4.0;4.0,4.0::-157.5,0.0
-157.5
4.0,4.0;1.0,4.0::-157.5,0.0
-157.5
