2.0,0.0;2.0,0.0::-50500.0,0.0
-50500.0
2.0,0.0;2.0,0.0::-50500.0,0.0
-50500.0
2.0,0.0;2.0,1.0::-25000.0,0.0
-25000.0
2.0,1.0;2.0,0.0::-50750.0,0.0
-50750.0
2.0,0.0;2.0,2.0::-25000.0,0.0
-25000.0
2.0,2.0;2.0,0.0::-50750.0,0.0
-50750.0
2.0,0.0;2.0,3.0::500.0,0.0
500.0
2.0,3.0;2.0,0.0::-51000.0,0.0
-51000.0
2.0,0.0;2.0,4.0::-50500.0,0.0
-50500.0
2.0,4.0;2.0,0.0::-50500.0,0.0
-50500.0
2.0,0.0;3.0,0.0::-50500.0,0.0
-50500.0
3.0,0.0;2.0,0.0::-50500.0,0.0
-50500.0
2.0,0.0;3.0,1.0::-25000.0,0.0
-25000.0
3.0,1.0;2.0,0.0::-50750.0,0.0
-50750.0
2.0,0.0;3.0,2.0::-25000.0,0.0
-25000.0
3.0,2.0;2.0,0.0::-50750.0,0.0
-50750.0
2.0,0.0;3.0,3.0::500.0,0.0
500.0
3.0,3.0;2.0,0.0::-51000.0,0.0
-51000.0
2.0,0.0;3.0,4.0::-50500.0,0.0
-50500.0
3.0,4.0;2.0,0.0::-50500.0,0.0
-50500.0
2.0,0.0;4.0,0.0::-50007.5,0.0
-50007.5
4.0,0.0;2.0,0.0::-745.0,0.0
-745.0
2.0,0.0;4.0,1.0::-24507.5,0.0
-24507.5
4.0,1.0;2.0,0.0::-995.0,0.0
-995.0
2.0,0.0;4.0,2.0::-24507.5,0.0
-24507.5
4.0,2.0;2.0,0.0::-995.0,0.0
-995.0
2.0,0.0;4.0,3.0::992.5,0.0
992.5
4.0,3.0;2.0,0.0::-1245.0,0.0
-1245.0
2.0,0.0;4.0,4.0::-50007.5,0.0
-50007.5
4.0,4.0;2.0,0.0::-745.0,0.0
-745.0
