2.0,1.0;2.0,1.0::-25250.0,0.0
-25250.0
2.0,1.0;2.0,1.0::-25250.0,0.0
-25250.0
2.0,1.0;2.0,2.0::-25250.0,0.0
-25250.0
2.0,2.0;2.0,1.0::-25250.0,0.0
-25250.0
2.0,1.0;2.0,3.0::250.0,0.0
250.0
2.0,3.0;2.0,1.0::-25500.0,0.0
-25500.0
2.0,1.0;2.0,4.0::-50750.0,0.0
-50750.0
2.0,4.0;2.0,1.0::-25000.0,0.0
-25000.0
2.0,1.0;3.0,0.0::-50000.0,0.0
-50000.0
3.0,0.0;2.0,1.0::-500.0,0.0
-500.0
2.0,1.0;3.0,1.0::-24500.0,0.0
-24500.0
3.0,1.0;2.0,1.0::-750.0,0.0
-750.0
2.0,1.0;3.0,2.0::-24500.0,0.0
-24500.0
3.0,2.0;2.0,1.0::-750.0,0.0
-750.0
2.0,1.0;3.0,3.0::1000.0,0.0
1000.0
3.0,3.0;2.0,1.0::-1000.0,0.0
-1000.0
2.0,1.0;3.0,4.0::-50000.0,0.0
-50000.0
3.0,4.0;2.0,1.0::-500.0,0.0
-500.0
2.0,1.0;4.0,0.0::-50007.5,0.0
-50007.5
4.0,0.0;2.0,1.0::-745.0,0.0
-745.0
2.0,1.0;4.0,1.0::-24507.5,0.0
-24507.5
4.0,1.0;2.0,1.0::-995.0,0.0
-995.0
2.0,1.0;4.0,2.0::-24507.5,0.0
-24507.5
4.0,2.0;2.0,1.0::-995.0,0.0
-995.0
2.0,1.0;4.0,3.0::992.5,0.0
992.5
4.0,3.0;2.0,1.0::-1245.0,0.0
-1245.0
2.0,1.0;4.0,4.0::-50007.5,0.0
-50007.5
4.0,4.0;2.0,1.0::-745.0,0.0
-745.0
