2.0,2.0;2.0,2.0::-25250.0,0.0
-25250.0
2.0,2.0;2.0,2.0::-25250.0,0.0
-25250.0
2.0,2.0;2.0,3.0::250.0,0.0
250.0
2.0,3.0;2.0,2.0::-25500.0,0.0
-25500.0
2.0,2.0;2.0,4.0::-50750.0,0.0
-50750.0
2.0,4.0;2.0,2.0::-25000.0,0.0
-25000.0
2.0,2.0;3.0,0.0::-50500.0,0.0
-50500.0
3.0,0.0;2.0,2.0::-50500.0,0.0
-50500.0
2.0,2.0;3.0,1.0::-25000.0,0.0
-25000.0
3.0,1.0;2.0,2.0::-50750.0,0.0
-50750.0
2.0,2.0;3.0,2.0::-25000.0,0.0
-25000.0
3.0,2.0;2.0,2.0::-50750.0,0.0
-50750.0
2.0,2.0;3.0,3.0::500.0,0.0
500.0
3.0,3.0;2.0,2.0::-51000.0,0.0
-51000.0
2.0,2.0;3.0,4.0::-50500.0,0.0
-50500.0
3.0,4.0;2.0,2.0::-50500.0,0.0
-50500.0
2.0,2.0;4.0,0.0::-51000.0,0.0
-51000.0
4.0,0.0;2.0,2.0::500.0,0.0
500.0
2.0,2.0;4.0,1.0::-25500.0,0.0
-25500.0
4.0,1.0;2.0,2.0::250.0,0.0
250.0
2.0,2.0;4.0,2.0::-25500.0,0.0
-25500.0
4.0,2.0;2.0,2.0::250.0,0.0
250.0
2.0,2.0;4.0,3.0::0.0,0.0
0.0
4.0,3.0;2.0,2.0::0.0,0.0
0.0
2.0,2.0;4.0,4.0::-51000.0,0.0
-51000.0
4.0,4.0;2.0,2.0::500.0,0.0
500.0
