2.0,4.0;2.0,4.0::-50500.0,0.0
-50500.0
2.0,4.0;2.0,4.0::-50500.0,0.0
-50500.0
2.0,4.0;3.0,0.0::-50015.0,0.0
-50015.0
3.0,0.0;2.0,4.0::-990.0,0.0
-990.0
2.0,4.0;3.0,1.0::-24515.0,0.0
-24515.0
3.0,1.0;2.0,4.0::-1240.0,0.0
-1240.0
2.0,4.0;3.0,2.0::-24515.0,0.0
-24515.0
3.0,2.0;2.0,4.0::-1240.0,0.0
-1240.0
2.0,4.0;3.0,3.0::985.0,0.0
985.0
3.0,3.0;2.0,4.0::-1490.0,0.0
-1490.0
2.0,4.0;3.0,4.0::-50015.0,0.0
-50015.0
3.0,4.0;2.0,4.0::-990.0,0.0
-990.0
2.0,4.0;4.0,0.0::-50007.5,0.0
-50007.5
4.0,0.0;2.0,4.0::-745.0,0.0
-745.0
2.0,4.0;4.0,1.0::-24507.5,0.0
-24507.5
4.0,1.0;2.0,4.0::-995.0,0.0
-995.0
2.0,4.0;4.0,2.0::-24507.5,0.0
-24507.5
4.0,2.0;2.0,4.0::-995.0,0.0
-995.0
2.0,4.0;4.0,3.0::992.5,0.0
992.5
4.0,3.0;2.0,4.0::-1245.0,0.0
-1245.0
2.0,4.0;4.0,4.0::-50007.5,0.0
-50007.5
4.0,4.0;2.0,4.0::-745.0,0.0
-745.0
