3.0,1.0;3.0,1.0::0.0,0.0
0.0
3.0,1.0;3.0,1.0::0.0,0.0
0.0
3.0,1.0;3.0,2.0::-50000.0,0.0
-50000.0
3.0,2.0;3.0,1.0::-500.0,0.0
-500.0
3.0,1.0;3.0,3.0::0.0,0.0
0.0
3.0,3.0;3.0,1.0::0.0,0.0
0.0
3.0,1.0;3.0,4.0::-490.0,0.0
-490.0
3.0,4.0;3.0,1.0::-15.0,0.0
-15.0
3.0,1.0;4.0,0.0::-50007.5,0.0
-50007.5
4.0,0.0;3.0,1.0::-745.0,0.0
-745.0
3.0,1.0;4.0,1.0::-7.5,0.0
-7.5
4.0,1.0;3.0,1.0::-245.0,0.0
-245.0
3.0,1.0;4.0,2.0::-50007.5,0.0
-50007.5
4.0,2.0;3.0,1.0::-745.0,0.0
-745.0
3.0,1.0;4.0,3.0::-7.5,0.0
-7.5
4.0,3.0;3.0,1.0::-245.0,0.0
-245.0
3.0,1.0;4.0,4.0::-497.5,0.0
-497.5
4.0,4.0;3.0,1.0::-260.0,0.0
-260.0
