3.0,2.0;3.0,2.0::-50500.0,0.0
-50500.0
3.0,2.0;3.0,2.0::-50500.0,0.0
-50500.0
3.0,2.0;3.0,3.0::-500.0,0.0
-500.0
3.0,3.0;3.0,2.0::-50000.0,0.0
-50000.0
3.0,2.0;3.0,4.0::-990.0,0.0
-990.0
3.0,4.0;3.0,2.0::-50015.0,0.0
-50015.0
3.0,2.0;4.0,0.0::-51000.0,0.0
-51000.0
4.0,0.0;3.0,2.0::500.0,0.0
500.0
3.0,2.0;4.0,1.0::-1000.0,0.0
-1000.0
4.0,1.0;3.0,2.0::1000.0,0.0
1000.0
3.0,2.0;4.0,2.0::-51000.0,0.0
-51000.0
4.0,2.0;3.0,2.0::500.0,0.0
500.0
3.0,2.0;4.0,3.0::-1000.0,0.0
-1000.0
4.0,3.0;3.0,2.0::1000.0,0.0
1000.0
3.0,2.0;4.0,4.0::-1490.0,0.0
-1490.0
4.0,4.0;3.0,2.0::985.0,0.0
985.0
