0.0,4.0;0.0,4.0::-505.0,0.0
-505.0
0.0,4.0;0.0,4.0::-505.0,0.0
-505.0
0.0,4.0;1.0,0.0::-49015.0,0.0
-49015.0
1.0,0.0;0.0,4.0::-1990.0,0.0
-1990.0
0.0,4.0;1.0,1.0::-49015.0,0.0
-49015.0
1.0,1.0;0.0,4.0::-1990.0,0.0
-1990.0
0.0,4.0;1.0,2.0::985.0,0.0
985.0
1.0,2.0;0.0,4.0::-1490.0,0.0
-1490.0
0.0,4.0;1.0,3.0::985.0,0.0
985.0
1.0,3.0;0.0,4.0::-1490.0,0.0
-1490.0
0.0,4.0;1.0,4.0::485.0,0.0
485.0
1.0,4.0;0.0,4.0::-1495.0,0.0
-1495.0
0.0,4.0;2.0,0.0::-49500.0,0.0
-49500.0
2.0,0.0;0.0,4.0::-51500.0,0.0
-51500.0
0.0,4.0;2.0,1.0::-49500.0,0.0
-49500.0
2.0,1.0;0.0,4.0::-51500.0,0.0
-51500.0
0.0,4.0;2.0,2.0::500.0,0.0
500.0
2.0,2.0;0.0,4.0::-51000.0,0.0
-51000.0
0.0,4.0;2.0,3.0::500.0,0.0
500.0
2.0,3.0;0.0,4.0::-51000.0,0.0
-51000.0
0.0,4.0;2.0,4.0::0.0,0.0
0.0
2.0,4.0;0.0,4.0::-51005.0,0.0
-51005.0
0.0,4.0;3.0,0.0::-49015.0,0.0
-49015.0
3.0,0.0;0.0,4.0::-1990.0,0.0
-1990.0
0.0,4.0;3.0,1.0::-49015.0,0.0
-49015.0
3.0,1.0;0.0,4.0::-1990.0,0.0
-1990.0
0.0,4.0;3.0,2.0::985.0,0.0
985.0
3.0,2.0;0.0,4.0::-1490.0,0.0
-1490.0
0.0,4.0;3.0,3.0::985.0,0.0
985.0
3.0,3.0;0.0,4.0::-1490.0,0.0
-1490.0
0.0,4.0;3.0,4.0::485.0,0.0
485.0
3.0,4.0;0.0,4.0::-1495.0,0.0
-1495.0
0.0,4.0;4.0,0.0::-49007.5,0.0
-49007.5
4.0,0.0;0.0,4.0::-1745.0,0.0
-1745.0
0.0,4.0;4.0,1.0::-49007.5,0.0
-49007.5
4.0,1.0;0.0,4.0::-1745.0,0.0
-1745.0
0.0,4.0;4.0,2.0::992.5,0.0
992.5
4.0,2.0;0.0,4.0::-1245.0,0.0
-1245.0
0.0,4.0;4.0,3.0::992.5,0.0
992.5
4.0,3.0;0.0,4.0::-1245.0,0.0
-1245.0
0.0,4.0;4.0,4.0::492.5,0.0
492.5
4.0,4.0;0.0,4.0::-1250.0,0.0
-1250.0
