1.0,1.0;1.0,1.0::-25250.0,0.0
-25250.0
1.0,1.0;1.0,1.0::-25250.0,0.0
-25250.0
1.0,1.0;1.0,2.0::-25250.0,0.0
-25250.0
1.0,2.0;1.0,1.0::-25250.0,0.0
-25250.0
1.0,1.0;1.0,3.0::-750.0,0.0
-750.0
1.0,3.0;1.0,1.0::-24500.0,0.0
-24500.0
1.0,1.0;1.0,4.0::-1240.0,0.0
-1240.0
1.0,4.0;1.0,1.0::-24515.0,0.0
-24515.0
1.0,1.0;2.0,0.0::-49750.0,0.0
-49750.0
2.0,0.0;1.0,1.0::-26000.0,0.0
-26000.0
1.0,1.0;2.0,1.0::-25250.0,0.0
-25250.0
2.0,1.0;1.0,1.0::-25250.0,0.0
-25250.0
1.0,1.0;2.0,2.0::-25250.0,0.0
-25250.0
2.0,2.0;1.0,1.0::-25250.0,0.0
-25250.0
1.0,1.0;2.0,3.0::-750.0,0.0
-750.0
2.0,3.0;1.0,1.0::-24500.0,0.0
-24500.0
1.0,1.0;2.0,4.0::-1240.0,0.0
-1240.0
2.0,4.0;1.0,1.0::-24515.0,0.0
-24515.0
1.0,1.0;3.0,0.0::-49000.0,0.0
-49000.0
3.0,0.0;1.0,1.0::-1500.0,0.0
-1500.0
1.0,1.0;3.0,1.0::-24500.0,0.0
-24500.0
3.0,1.0;1.0,1.0::-750.0,0.0
-750.0
1.0,1.0;3.0,2.0::-24500.0,0.0
-24500.0
3.0,2.0;1.0,1.0::-750.0,0.0
-750.0
1.0,1.0;3.0,3.0::0.0,0.0
0.0
3.0,3.0;1.0,1.0::0.0,0.0
0.0
1.0,1.0;3.0,4.0::-490.0,0.0
-490.0
3.0,4.0;1.0,1.0::-15.0,0.0
-15.0
1.0,1.0;4.0,0.0::-49007.5,0.0
-49007.5
4.0,0.0;1.0,1.0::-1745.0,0.0
-1745.0
1.0,1.0;4.0,1.0::-24507.5,0.0
-24507.5
4.0,1.0;1.0,1.0::-995.0,0.0
-995.0
1.0,1.0;4.0,2.0::-24507.5,0.0
-24507.5
4.0,2.0;1.0,1.0::-995.0,0.0
-995.0
1.0,1.0;4.0,3.0::-7.5,0.0
-7.5
4.0,3.0;1.0,1.0::-245.0,0.0
-245.0
1.0,1.0;4.0,4.0::-497.5,0.0
-497.5
4.0,4.0;1.0,1.0::-260.0,0.0
-260.0
