1.0,2.0;1.0,2.0::-25250.0,0.0
-25250.0
1.0,2.0;1.0,2.0::-25250.0,0.0
-25250.0
1.0,2.0;1.0,3.0::-750.0,0.0
-750.0
1.0,3.0;1.0,2.0::-24500.0,0.0
-24500.0
1.0,2.0;1.0,4.0::-1240.0,0.0
-1240.0
1.0,4.0;1.0,2.0::-24515.0,0.0
-24515.0
1.0,2.0;2.0,0.0::-49750.0,0.0
-49750.0
2.0,0.0;1.0,2.0::-26000.0,0.0
-26000.0
1.0,2.0;2.0,1.0::-25250.0,0.0
-25250.0
2.0,1.0;1.0,2.0::-25250.0,0.0
-25250.0
1.0,2.0;2.0,2.0::-25250.0,0.0
-25250.0
2.0,2.0;1.0,2.0::-25250.0,0.0
-25250.0
1.0,2.0;2.0,3.0::-750.0,0.0
-750.0
2.0,3.0;1.0,2.0::-24500.0,0.0
-24500.0
1.0,2.0;2.0,4.0::-1240.0,0.0
-1240.0
2.0,4.0;1.0,2.0::-24515.0,0.0
-24515.0
1.0,2.0;3.0,0.0::-49500.0,0.0
-49500.0
3.0,0.0;1.0,2.0::-51500.0,0.0
-51500.0
1.0,2.0;3.0,1.0::-25000.0,0.0
-25000.0
3.0,1.0;1.0,2.0::-50750.0,0.0
-50750.0
1.0,2.0;3.0,2.0::-25000.0,0.0
-25000.0
3.0,2.0;1.0,2.0::-50750.0,0.0
-50750.0
1.0,2.0;3.0,3.0::-500.0,0.0
-500.0
3.0,3.0;1.0,2.0::-50000.0,0.0
-50000.0
1.0,2.0;3.0,4.0::-990.0,0.0
-990.0
3.0,4.0;1.0,2.0::-50015.0,0.0
-50015.0
1.0,2.0;4.0,0.0::-50000.0,0.0
-50000.0
4.0,0.0;1.0,2.0::-500.0,0.0
-500.0
1.0,2.0;4.0,1.0::-25500.0,0.0
-25500.0
4.0,1.0;1.0,2.0::250.0,0.0
250.0
1.0,2.0;4.0,2.0::-25500.0,0.0
-25500.0
4.0,2.0;1.0,2.0::250.0,0.0
250.0
1.0,2.0;4.0,3.0::-1000.0,0.0
-1000.0
4.0,3.0;1.0,2.0::1000.0,0.0
1000.0
1.0,2.0;4.0,4.0::-1490.0,0.0
-1490.0
4.0,4.0;1.0,2.0::985.0,0.0
985.0
