1.0,4.0;1.0,4.0::-505.0,0.0
-505.0
1.0,4.0;1.0,4.0::-505.0,0.0
-505.0
1.0,4.0;2.0,0.0::-49500.0,0.0
-49500.0
2.0,0.0;1.0,4.0::-51500.0,0.0
-51500.0
1.0,4.0;2.0,1.0::-25000.0,0.0
-25000.0
2.0,1.0;1.0,4.0::-50750.0,0.0
-50750.0
1.0,4.0;2.0,2.0::-25000.0,0.0
-25000.0
2.0,2.0;1.0,4.0::-50750.0,0.0
-50750.0
1.0,4.0;2.0,3.0::-500.0,0.0
-500.0
2.0,3.0;1.0,4.0::-50000.0,0.0
-50000.0
1.0,4.0;2.0,4.0::-990.0,0.0
-990.0
2.0,4.0;1.0,4.0::-50015.0,0.0
-50015.0
1.0,4.0;3.0,0.0::-49015.0,0.0
-49015.0
3.0,0.0;1.0,4.0::-1990.0,0.0
-1990.0
1.0,4.0;3.0,1.0::-24515.0,0.0
-24515.0
3.0,1.0;1.0,4.0::-1240.0,0.0
-1240.0
1.0,4.0;3.0,2.0::-24515.0,0.0
-24515.0
3.0,2.0;1.0,4.0::-1240.0,0.0
-1240.0
1.0,4.0;3.0,3.0::-15.0,0.0
-15.0
3.0,3.0;1.0,4.0::-490.0,0.0
-490.0
1.0,4.0;3.0,4.0::-505.0,0.0
-505.0
3.0,4.0;1.0,4.0::-505.0,0.0
-505.0
1.0,4.0;4.0,0.0::-49007.5,0.0
-49007.5
4.0,0.0;1.0,4.0::-1745.0,0.0
-1745.0
1.0,4.0;4.0,1.0::-24507.5,0.0
-24507.5
4.0,1.0;1.0,4.0::-995.0,0.0
-995.0
1.0,4.0;4.0,2.0::-24507.5,0.0
-24507.5
4.0,2.0;1.0,4.0::-995.0,0.0
-995.0
1.0,4.0;4.0,3.0::-7.5,0.0
-7.5
4.0,3.0;1.0,4.0::-245.0,0.0
-245.0
1.0,4.0;4.0,4.0::-497.5,0.0
-497.5
4.0,4.0;1.0,4.0::-260.0,0.0
-260.0
