0.0,0.0;0.0,0.0::-50500.0,0.0
-50500.0
0.0,0.0;0.0,0.0::-50500.0,0.0
-50500.0
0.0,0.0;0.0,1.0::-50500.0,0.0
-50500.0
0.0,1.0;0.0,0.0::-50500.0,0.0
-50500.0
0.0,0.0;0.0,2.0::-500.0,0.0
-500.0
0.0,2.0;0.0,0.0::-50000.0,0.0
-50000.0
0.0,0.0;0.0,3.0::-500.0,0.0
-500.0
0.0,3.0;0.0,0.0::-50000.0,0.0
-50000.0
0.0,0.0;0.0,4.0::-1000.0,0.0
-1000.0
0.0,4.0;0.0,0.0::-50005.0,0.0
-50005.0
0.0,0.0;1.0,0.0::-50500.0,0.0
-50500.0
1.0,0.0;0.0,0.0::-50500.0,0.0
-50500.0
0.0,0.0;1.0,1.0::-50500.0,0.0
-50500.0
1.0,1.0;0.0,0.0::-50500.0,0.0
-50500.0
0.0,0.0;1.0,2.0::-500.0,0.0
-500.0
1.0,2.0;0.0,0.0::-50000.0,0.0
-50000.0
0.0,0.0;1.0,3.0::-500.0,0.0
-500.0
1.0,3.0;0.0,0.0::-50000.0,0.0
-50000.0
0.0,0.0;1.0,4.0::-1000.0,0.0
-1000.0
1.0,4.0;0.0,0.0::-50005.0,0.0
-50005.0
0.0,0.0;2.0,0.0::-49500.0,0.0
-49500.0
2.0,0.0;0.0,0.0::-51500.0,0.0
-51500.0
0.0,0.0;2.0,1.0::-49500.0,0.0
-49500.0
2.0,1.0;0.0,0.0::-51500.0,0.0
-51500.0
0.0,0.0;2.0,2.0::500.0,0.0
500.0
2.0,2.0;0.0,0.0::-51000.0,0.0
-51000.0
0.0,0.0;2.0,3.0::500.0,0.0
500.0
2.0,3.0;0.0,0.0::-51000.0,0.0
-51000.0
0.0,0.0;2.0,4.0::0.0,0.0
0.0
2.0,4.0;0.0,0.0::-51005.0,0.0
-51005.0
0.0,0.0;3.0,0.0::-49500.0,0.0
-49500.0
3.0,0.0;0.0,0.0::-51500.0,0.0
-51500.0
0.0,0.0;3.0,1.0::-49500.0,0.0
-49500.0
3.0,1.0;0.0,0.0::-51500.0,0.0
-51500.0
0.0,0.0;3.0,2.0::500.0,0.0
500.0
3.0,2.0;0.0,0.0::-51000.0,0.0
-51000.0
0.0,0.0;3.0,3.0::500.0,0.0
500.0
3.0,3.0;0.0,0.0::-51000.0,0.0
-51000.0
0.0,0.0;3.0,4.0::0.0,0.0
0.0
3.0,4.0;0.0,0.0::-51005.0,0.0
-51005.0
0.0,0.0;4.0,0.0::-49007.5,0.0
-49007.5
4.0,0.0;0.0,0.0::-1745.0,0.0
-1745.0
0.0,0.0;4.0,1.0::-49007.5,0.0
-49007.5
4.0,1.0;0.0,0.0::-1745.0,0.0
-1745.0
0.0,0.0;4.0,2.0::992.5,0.0
992.5
4.0,2.0;0.0,0.0::-1245.0,0.0
-1245.0
0.0,0.0;4.0,3.0::992.5,0.0
992.5
4.0,3.0;0.0,0.0::-1245.0,0.0
-1245.0
0.0,0.0;4.0,4.0::492.5,0.0
492.5
4.0,4.0;0.0,0.0::-1250.0,0.0
-1250.0
0.0,1.0;0.0,1.0::-50500.0,0.0
-50500.0
0.0,1.0;0.0,1.0::-50500.0,0.0
-50500.0
0.0,1.0;0.0,2.0::-500.0,0.0
-500.0
0.0,2.0;0.0,1.0::-50000.0,0.0
-50000.0
0.0,1.0;0.0,3.0::-500.0,0.0
-500.0
0.0,3.0;0.0,1.0::-50000.0,0.0
-50000.0
0.0,1.0;0.0,4.0::-1000.0,0.0
-1000.0
0.0,4.0;0.0,1.0::-50005.0,0.0
-50005.0
0.0,1.0;1.0,0.0::-49750.0,0.0
-49750.0
1.0,0.0;0.0,1.0::-26000.0,0.0
-26000.0
0.0,1.0;1.0,1.0::-49750.0,0.0
-49750.0
1.0,1.0;0.0,1.0::-26000.0,0.0
-26000.0
0.0,1.0;1.0,2.0::250.0,0.0
250.0
1.0,2.0;0.0,1.0::-25500.0,0.0
-25500.0
0.0,1.0;1.0,3.0::250.0,0.0
250.0
1.0,3.0;0.0,1.0::-25500.0,0.0
-25500.0
0.0,1.0;1.0,4.0::-250.0,0.0
-250.0
1.0,4.0;0.0,1.0::-25505.0,0.0
-25505.0
0.0,1.0;2.0,0.0::-49750.0,0.0
-49750.0
2.0,0.0;0.0,1.0::-26000.0,0.0
-26000.0
0.0,1.0;2.0,1.0::-49750.0,0.0
-49750.0
2.0,1.0;0.0,1.0::-26000.0,0.0
-26000.0
0.0,1.0;2.0,2.0::250.0,0.0
250.0
2.0,2.0;0.0,1.0::-25500.0,0.0
-25500.0
0.0,1.0;2.0,3.0::250.0,0.0
250.0
2.0,3.0;0.0,1.0::-25500.0,0.0
-25500.0
0.0,1.0;2.0,4.0::-250.0,0.0
-250.0
2.0,4.0;0.0,1.0::-25505.0,0.0
-25505.0
0.0,1.0;3.0,0.0::-49000.0,0.0
-49000.0
3.0,0.0;0.0,1.0::-1500.0,0.0
-1500.0
0.0,1.0;3.0,1.0::-49000.0,0.0
-49000.0
3.0,1.0;0.0,1.0::-1500.0,0.0
-1500.0
0.0,1.0;3.0,2.0::1000.0,0.0
1000.0
3.0,2.0;0.0,1.0::-1000.0,0.0
-1000.0
0.0,1.0;3.0,3.0::1000.0,0.0
1000.0
3.0,3.0;0.0,1.0::-1000.0,0.0
-1000.0
0.0,1.0;3.0,4.0::500.0,0.0
500.0
3.0,4.0;0.0,1.0::-1005.0,0.0
-1005.0
0.0,1.0;4.0,0.0::-49007.5,0.0
-49007.5
4.0,0.0;0.0,1.0::-1745.0,0.0
-1745.0
0.0,1.0;4.0,1.0::-49007.5,0.0
-49007.5
4.0,1.0;0.0,1.0::-1745.0,0.0
-1745.0
0.0,1.0;4.0,2.0::992.5,0.0
992.5
4.0,2.0;0.0,1.0::-1245.0,0.0
-1245.0
0.0,1.0;4.0,3.0::992.5,0.0
992.5
4.0,3.0;0.0,1.0::-1245.0,0.0
-1245.0
0.0,1.0;4.0,4.0::492.5,0.0
492.5
4.0,4.0;0.0,1.0::-1250.0,0.0
-1250.0
0.0,2.0;0.0,2.0::0.0,0.0
0.0
0.0,2.0;0.0,2.0::0.0,0.0
0.0
0.0,2.0;0.0,3.0::0.0,0.0
0.0
0.0,3.0;0.0,2.0::0.0,0.0
0.0
0.0,2.0;0.0,4.0::-500.0,0.0
-500.0
0.0,4.0;0.0,2.0::-5.0,0.0
-5.0
0.0,2.0;1.0,0.0::-49750.0,0.0
-49750.0
1.0,0.0;0.0,2.0::-26000.0,0.0
-26000.0
0.0,2.0;1.0,1.0::-49750.0,0.0
-49750.0
1.0,1.0;0.0,2.0::-26000.0,0.0
-26000.0
0.0,2.0;1.0,2.0::250.0,0.0
250.0
1.0,2.0;0.0,2.0::-25500.0,0.0
-25500.0
0.0,2.0;1.0,3.0::250.0,0.0
250.0
1.0,3.0;0.0,2.0::-25500.0,0.0
-25500.0
0.0,2.0;1.0,4.0::-250.0,0.0
-250.0
1.0,4.0;0.0,2.0::-25505.0,0.0
-25505.0
0.0,2.0;2.0,0.0::-49750.0,0.0
-49750.0
2.0,0.0;0.0,2.0::-26000.0,0.0
-26000.0
0.0,2.0;2.0,1.0::-49750.0,0.0
-49750.0
2.0,1.0;0.0,2.0::-26000.0,0.0
-26000.0
0.0,2.0;2.0,2.0::250.0,0.0
250.0
2.0,2.0;0.0,2.0::-25500.0,0.0
-25500.0
0.0,2.0;2.0,3.0::250.0,0.0
250.0
2.0,3.0;0.0,2.0::-25500.0,0.0
-25500.0
0.0,2.0;2.0,4.0::-250.0,0.0
-250.0
2.0,4.0;0.0,2.0::-25505.0,0.0
-25505.0
0.0,2.0;3.0,0.0::-49500.0,0.0
-49500.0
3.0,0.0;0.0,2.0::-51500.0,0.0
-51500.0
0.0,2.0;3.0,1.0::-49500.0,0.0
-49500.0
3.0,1.0;0.0,2.0::-51500.0,0.0
-51500.0
0.0,2.0;3.0,2.0::500.0,0.0
500.0
3.0,2.0;0.0,2.0::-51000.0,0.0
-51000.0
0.0,2.0;3.0,3.0::500.0,0.0
500.0
3.0,3.0;0.0,2.0::-51000.0,0.0
-51000.0
0.0,2.0;3.0,4.0::0.0,0.0
0.0
3.0,4.0;0.0,2.0::-51005.0,0.0
-51005.0
0.0,2.0;4.0,0.0::-50000.0,0.0
-50000.0
4.0,0.0;0.0,2.0::-500.0,0.0
-500.0
0.0,2.0;4.0,1.0::-50000.0,0.0
-50000.0
4.0,1.0;0.0,2.0::-500.0,0.0
-500.0
0.0,2.0;4.0,2.0::0.0,0.0
0.0
4.0,2.0;0.0,2.0::0.0,0.0
0.0
0.0,2.0;4.0,3.0::0.0,0.0
0.0
4.0,3.0;0.0,2.0::0.0,0.0
0.0
0.0,2.0;4.0,4.0::-500.0,0.0
-500.0
4.0,4.0;0.0,2.0::-5.0,0.0
-5.0
0.0,3.0;0.0,3.0::0.0,0.0
0.0
0.0,3.0;0.0,3.0::0.0,0.0
0.0
0.0,3.0;0.0,4.0::-500.0,0.0
-500.0
0.0,4.0;0.0,3.0::-5.0,0.0
-5.0
0.0,3.0;1.0,0.0::-49000.0,0.0
-49000.0
1.0,0.0;0.0,3.0::-1500.0,0.0
-1500.0
0.0,3.0;1.0,1.0::-49000.0,0.0
-49000.0
1.0,1.0;0.0,3.0::-1500.0,0.0
-1500.0
0.0,3.0;1.0,2.0::1000.0,0.0
1000.0
1.0,2.0;0.0,3.0::-1000.0,0.0
-1000.0
0.0,3.0;1.0,3.0::1000.0,0.0
1000.0
1.0,3.0;0.0,3.0::-1000.0,0.0
-1000.0
0.0,3.0;1.0,4.0::500.0,0.0
500.0
1.0,4.0;0.0,3.0::-1005.0,0.0
-1005.0
0.0,3.0;2.0,0.0::-50000.0,0.0
-50000.0
2.0,0.0;0.0,3.0::-500.0,0.0
-500.0
0.0,3.0;2.0,1.0::-50000.0,0.0
-50000.0
2.0,1.0;0.0,3.0::-500.0,0.0
-500.0
0.0,3.0;2.0,2.0::0.0,0.0
0.0
2.0,2.0;0.0,3.0::0.0,0.0
0.0
0.0,3.0;2.0,3.0::0.0,0.0
0.0
2.0,3.0;0.0,3.0::0.0,0.0
0.0
0.0,3.0;2.0,4.0::-500.0,0.0
-500.0
2.0,4.0;0.0,3.0::-5.0,0.0
-5.0
0.0,3.0;3.0,0.0::-49000.0,0.0
-49000.0
3.0,0.0;0.0,3.0::-1500.0,0.0
-1500.0
0.0,3.0;3.0,1.0::-49000.0,0.0
-49000.0
3.0,1.0;0.0,3.0::-1500.0,0.0
-1500.0
0.0,3.0;3.0,2.0::1000.0,0.0
1000.0
3.0,2.0;0.0,3.0::-1000.0,0.0
-1000.0
0.0,3.0;3.0,3.0::1000.0,0.0
1000.0
3.0,3.0;0.0,3.0::-1000.0,0.0
-1000.0
0.0,3.0;3.0,4.0::500.0,0.0
500.0
3.0,4.0;0.0,3.0::-1005.0,0.0
-1005.0
0.0,3.0;4.0,0.0::-50000.0,0.0
-50000.0
4.0,0.0;0.0,3.0::-500.0,0.0
-500.0
0.0,3.0;4.0,1.0::-50000.0,0.0
-50000.0
4.0,1.0;0.0,3.0::-500.0,0.0
-500.0
0.0,3.0;4.0,2.0::0.0,0.0
0.0
4.0,2.0;0.0,3.0::0.0,0.0
0.0
0.0,3.0;4.0,3.0::0.0,0.0
0.0
4.0,3.0;0.0,3.0::0.0,0.0
0.0
0.0,3.0;4.0,4.0::-500.0,0.0
-500.0
4.0,4.0;0.0,3.0::-5.0,0.0
-5.0
0.0,4.0;0.0,4.0::-505.0,0.0
-505.0
0.0,4.0;0.0,4.0::-505.0,0.0
-505.0
0.0,4.0;1.0,0.0::-49015.0,0.0
-49015.0
1.0,0.0;0.0,4.0::-1990.0,0.0
-1990.0
0.0,4.0;1.0,1.0::-49015.0,0.0
-49015.0
1.0,1.0;0.0,4.0::-1990.0,0.0
-1990.0
0.0,4.0;1.0,2.0::985.0,0.0
985.0
1.0,2.0;0.0,4.0::-1490.0,0.0
-1490.0
0.0,4.0;1.0,3.0::985.0,0.0
985.0
1.0,3.0;0.0,4.0::-1490.0,0.0
-1490.0
0.0,4.0;1.0,4.0::485.0,0.0
485.0
1.0,4.0;0.0,4.0::-1495.0,0.0
-1495.0
0.0,4.0;2.0,0.0::-49500.0,0.0
-49500.0
2.0,0.0;0.0,4.0::-51500.0,0.0
-51500.0
0.0,4.0;2.0,1.0::-49500.0,0.0
-49500.0
2.0,1.0;0.0,4.0::-51500.0,0.0
-51500.0
0.0,4.0;2.0,2.0::500.0,0.0
500.0
2.0,2.0;0.0,4.0::-51000.0,0.0
-51000.0
0.0,4.0;2.0,3.0::500.0,0.0
500.0
2.0,3.0;0.0,4.0::-51000.0,0.0
-51000.0
0.0,4.0;2.0,4.0::0.0,0.0
0.0
2.0,4.0;0.0,4.0::-51005.0,0.0
-51005.0
0.0,4.0;3.0,0.0::-49015.0,0.0
-49015.0
3.0,0.0;0.0,4.0::-1990.0,0.0
-1990.0
0.0,4.0;3.0,1.0::-49015.0,0.0
-49015.0
3.0,1.0;0.0,4.0::-1990.0,0.0
-1990.0
0.0,4.0;3.0,2.0::985.0,0.0
985.0
3.0,2.0;0.0,4.0::-1490.0,0.0
-1490.0
0.0,4.0;3.0,3.0::985.0,0.0
985.0
3.0,3.0;0.0,4.0::-1490.0,0.0
-1490.0
0.0,4.0;3.0,4.0::485.0,0.0
485.0
3.0,4.0;0.0,4.0::-1495.0,0.0
-1495.0
0.0,4.0;4.0,0.0::-49007.5,0.0
-49007.5
4.0,0.0;0.0,4.0::-1745.0,0.0
-1745.0
0.0,4.0;4.0,1.0::-49007.5,0.0
-49007.5
4.0,1.0;0.0,4.0::-1745.0,0.0
-1745.0
0.0,4.0;4.0,2.0::992.5,0.0
992.5
4.0,2.0;0.0,4.0::-1245.0,0.0
-1245.0
0.0,4.0;4.0,3.0::992.5,0.0
992.5
4.0,3.0;0.0,4.0::-1245.0,0.0
-1245.0
0.0,4.0;4.0,4.0::492.5,0.0
492.5
4.0,4.0;0.0,4.0::-1250.0,0.0
-1250.0
1.0,0.0;1.0,0.0::-50500.0,0.0
-50500.0
1.0,0.0;1.0,0.0::-50500.0,0.0
-50500.0
1.0,0.0;1.0,1.0::-26000.0,0.0
-26000.0
1.0,1.0;1.0,0.0::-49750.0,0.0
-49750.0
1.0,0.0;1.0,2.0::-26000.0,0.0
-26000.0
1.0,2.0;1.0,0.0::-49750.0,0.0
-49750.0
1.0,0.0;1.0,3.0::-1500.0,0.0
-1500.0
1.0,3.0;1.0,0.0::-49000.0,0.0
-49000.0
1.0,0.0;1.0,4.0::-1990.0,0.0
-1990.0
1.0,4.0;1.0,0.0::-49015.0,0.0
-49015.0
1.0,0.0;2.0,0.0::-49500.0,0.0
-49500.0
2.0,0.0;1.0,0.0::-51500.0,0.0
-51500.0
1.0,0.0;2.0,1.0::-25000.0,0.0
-25000.0
2.0,1.0;1.0,0.0::-50750.0,0.0
-50750.0
1.0,0.0;2.0,2.0::-25000.0,0.0
-25000.0
2.0,2.0;1.0,0.0::-50750.0,0.0
-50750.0
1.0,0.0;2.0,3.0::-500.0,0.0
-500.0
2.0,3.0;1.0,0.0::-50000.0,0.0
-50000.0
1.0,0.0;2.0,4.0::-990.0,0.0
-990.0
2.0,4.0;1.0,0.0::-50015.0,0.0
-50015.0
1.0,0.0;3.0,0.0::-49500.0,0.0
-49500.0
3.0,0.0;1.0,0.0::-51500.0,0.0
-51500.0
1.0,0.0;3.0,1.0::-25000.0,0.0
-25000.0
3.0,1.0;1.0,0.0::-50750.0,0.0
-50750.0
1.0,0.0;3.0,2.0::-25000.0,0.0
-25000.0
3.0,2.0;1.0,0.0::-50750.0,0.0
-50750.0
1.0,0.0;3.0,3.0::-500.0,0.0
-500.0
3.0,3.0;1.0,0.0::-50000.0,0.0
-50000.0
1.0,0.0;3.0,4.0::-990.0,0.0
-990.0
3.0,4.0;1.0,0.0::-50015.0,0.0
-50015.0
1.0,0.0;4.0,0.0::-49007.5,0.0
-49007.5
4.0,0.0;1.0,0.0::-1745.0,0.0
-1745.0
1.0,0.0;4.0,1.0::-24507.5,0.0
-24507.5
4.0,1.0;1.0,0.0::-995.0,0.0
-995.0
1.0,0.0;4.0,2.0::-24507.5,0.0
-24507.5
4.0,2.0;1.0,0.0::-995.0,0.0
-995.0
1.0,0.0;4.0,3.0::-7.5,0.0
-7.5
4.0,3.0;1.0,0.0::-245.0,0.0
-245.0
1.0,0.0;4.0,4.0::-497.5,0.0
-497.5
4.0,4.0;1.0,0.0::-260.0,0.0
-260.0
1.0,1.0;1.0,1.0::-25250.0,0.0
-25250.0
1.0,1.0;1.0,1.0::-25250.0,0.0
-25250.0
1.0,1.0;1.0,2.0::-25250.0,0.0
-25250.0
1.0,2.0;1.0,1.0::-25250.0,0.0
-25250.0
1.0,1.0;1.0,3.0::-750.0,0.0
-750.0
1.0,3.0;1.0,1.0::-24500.0,0.0
-24500.0
1.0,1.0;1.0,4.0::-1240.0,0.0
-1240.0
1.0,4.0;1.0,1.0::-24515.0,0.0
-24515.0
1.0,1.0;2.0,0.0::-49750.0,0.0
-49750.0
2.0,0.0;1.0,1.0::-26000.0,0.0
-26000.0
1.0,1.0;2.0,1.0::-25250.0,0.0
-25250.0
2.0,1.0;1.0,1.0::-25250.0,0.0
-25250.0
1.0,1.0;2.0,2.0::-25250.0,0.0
-25250.0
2.0,2.0;1.0,1.0::-25250.0,0.0
-25250.0
1.0,1.0;2.0,3.0::-750.0,0.0
-750.0
2.0,3.0;1.0,1.0::-24500.0,0.0
-24500.0
1.0,1.0;2.0,4.0::-1240.0,0.0
-1240.0
2.0,4.0;1.0,1.0::-24515.0,0.0
-24515.0
1.0,1.0;3.0,0.0::-49000.0,0.0
-49000.0
3.0,0.0;1.0,1.0::-1500.0,0.0
-1500.0
1.0,1.0;3.0,1.0::-24500.0,0.0
-24500.0
3.0,1.0;1.0,1.0::-750.0,0.0
-750.0
1.0,1.0;3.0,2.0::-24500.0,0.0
-24500.0
3.0,2.0;1.0,1.0::-750.0,0.0
-750.0
1.0,1.0;3.0,3.0::0.0,0.0
0.0
3.0,3.0;1.0,1.0::0.0,0.0
0.0
1.0,1.0;3.0,4.0::-490.0,0.0
-490.0
3.0,4.0;1.0,1.0::-15.0,0.0
-15.0
1.0,1.0;4.0,0.0::-49007.5,0.0
-49007.5
4.0,0.0;1.0,1.0::-1745.0,0.0
-1745.0
1.0,1.0;4.0,1.0::-24507.5,0.0
-24507.5
4.0,1.0;1.0,1.0::-995.0,0.0
-995.0
1.0,1.0;4.0,2.0::-24507.5,0.0
-24507.5
4.0,2.0;1.0,1.0::-995.0,0.0
-995.0
1.0,1.0;4.0,3.0::-7.5,0.0
-7.5
4.0,3.0;1.0,1.0::-245.0,0.0
-245.0
1.0,1.0;4.0,4.0::-497.5,0.0
-497.5
4.0,4.0;1.0,1.0::-260.0,0.0
-260.0
1.0,2.0;1.0,2.0::-25250.0,0.0
-25250.0
1.0,2.0;1.0,2.0::-25250.0,0.0
-25250.0
1.0,2.0;1.0,3.0::-750.0,0.0
-750.0
1.0,3.0;1.0,2.0::-24500.0,0.0
-24500.0
1.0,2.0;1.0,4.0::-1240.0,0.0
-1240.0
1.0,4.0;1.0,2.0::-24515.0,0.0
-24515.0
1.0,2.0;2.0,0.0::-49750.0,0.0
-49750.0
2.0,0.0;1.0,2.0::-26000.0,0.0
-26000.0
1.0,2.0;2.0,1.0::-25250.0,0.0
-25250.0
2.0,1.0;1.0,2.0::-25250.0,0.0
-25250.0
1.0,2.0;2.0,2.0::-25250.0,0.0
-25250.0
2.0,2.0;1.0,2.0::-25250.0,0.0
-25250.0
1.0,2.0;2.0,3.0::-750.0,0.0
-750.0
2.0,3.0;1.0,2.0::-24500.0,0.0
-24500.0
1.0,2.0;2.0,4.0::-1240.0,0.0
-1240.0
2.0,4.0;1.0,2.0::-24515.0,0.0
-24515.0
1.0,2.0;3.0,0.0::-49500.0,0.0
-49500.0
3.0,0.0;1.0,2.0::-51500.0,0.0
-51500.0
1.0,2.0;3.0,1.0::-25000.0,0.0
-25000.0
3.0,1.0;1.0,2.0::-50750.0,0.0
-50750.0
1.0,2.0;3.0,2.0::-25000.0,0.0
-25000.0
3.0,2.0;1.0,2.0::-50750.0,0.0
-50750.0
1.0,2.0;3.0,3.0::-500.0,0.0
-500.0
3.0,3.0;1.0,2.0::-50000.0,0.0
-50000.0
1.0,2.0;3.0,4.0::-990.0,0.0
-990.0
3.0,4.0;1.0,2.0::-50015.0,0.0
-50015.0
1.0,2.0;4.0,0.0::-50000.0,0.0
-50000.0
4.0,0.0;1.0,2.0::-500.0,0.0
-500.0
1.0,2.0;4.0,1.0::-25500.0,0.0
-25500.0
4.0,1.0;1.0,2.0::250.0,0.0
250.0
1.0,2.0;4.0,2.0::-25500.0,0.0
-25500.0
4.0,2.0;1.0,2.0::250.0,0.0
250.0
1.0,2.0;4.0,3.0::-1000.0,0.0
-1000.0
4.0,3.0;1.0,2.0::1000.0,0.0
1000.0
1.0,2.0;4.0,4.0::-1490.0,0.0
-1490.0
4.0,4.0;1.0,2.0::985.0,0.0
985.0
1.0,3.0;1.0,3.0::0.0,0.0
0.0
1.0,3.0;1.0,3.0::0.0,0.0
0.0
1.0,3.0;1.0,4.0::-490.0,0.0
-490.0
1.0,4.0;1.0,3.0::-15.0,0.0
-15.0
1.0,3.0;2.0,0.0::-50000.0,0.0
-50000.0
2.0,0.0;1.0,3.0::-500.0,0.0
-500.0
1.0,3.0;2.0,1.0::-25500.0,0.0
-25500.0
2.0,1.0;1.0,3.0::250.0,0.0
250.0
1.0,3.0;2.0,2.0::-25500.0,0.0
-25500.0
2.0,2.0;1.0,3.0::250.0,0.0
250.0
1.0,3.0;2.0,3.0::-1000.0,0.0
-1000.0
2.0,3.0;1.0,3.0::1000.0,0.0
1000.0
1.0,3.0;2.0,4.0::-1490.0,0.0
-1490.0
2.0,4.0;1.0,3.0::985.0,0.0
985.0
1.0,3.0;3.0,0.0::-49000.0,0.0
-49000.0
3.0,0.0;1.0,3.0::-1500.0,0.0
-1500.0
1.0,3.0;3.0,1.0::-24500.0,0.0
-24500.0
3.0,1.0;1.0,3.0::-750.0,0.0
-750.0
1.0,3.0;3.0,2.0::-24500.0,0.0
-24500.0
3.0,2.0;1.0,3.0::-750.0,0.0
-750.0
1.0,3.0;3.0,3.0::0.0,0.0
0.0
3.0,3.0;1.0,3.0::0.0,0.0
0.0
1.0,3.0;3.0,4.0::-490.0,0.0
-490.0
3.0,4.0;1.0,3.0::-15.0,0.0
-15.0
1.0,3.0;4.0,0.0::-50000.0,0.0
-50000.0
4.0,0.0;1.0,3.0::-500.0,0.0
-500.0
1.0,3.0;4.0,1.0::-25500.0,0.0
-25500.0
4.0,1.0;1.0,3.0::250.0,0.0
250.0
1.0,3.0;4.0,2.0::-25500.0,0.0
-25500.0
4.0,2.0;1.0,3.0::250.0,0.0
250.0
1.0,3.0;4.0,3.0::-1000.0,0.0
-1000.0
4.0,3.0;1.0,3.0::1000.0,0.0
1000.0
1.0,3.0;4.0,4.0::-1490.0,0.0
-1490.0
4.0,4.0;1.0,3.0::985.0,0.0
985.0
1.0,4.0;1.0,4.0::-505.0,0.0
-505.0
1.0,4.0;1.0,4.0::-505.0,0.0
-505.0
1.0,4.0;2.0,0.0::-49500.0,0.0
-49500.0
2.0,0.0;1.0,4.0::-51500.0,0.0
-51500.0
1.0,4.0;2.0,1.0::-25000.0,0.0
-25000.0
2.0,1.0;1.0,4.0::-50750.0,0.0
-50750.0
1.0,4.0;2.0,2.0::-25000.0,0.0
-25000.0
2.0,2.0;1.0,4.0::-50750.0,0.0
-50750.0
1.0,4.0;2.0,3.0::-500.0,0.0
-500.0
2.0,3.0;1.0,4.0::-50000.0,0.0
-50000.0
1.0,4.0;2.0,4.0::-990.0,0.0
-990.0
2.0,4.0;1.0,4.0::-50015.0,0.0
-50015.0
1.0,4.0;3.0,0.0::-49015.0,0.0
-49015.0
3.0,0.0;1.0,4.0::-1990.0,0.0
-1990.0
1.0,4.0;3.0,1.0::-24515.0,0.0
-24515.0
3.0,1.0;1.0,4.0::-1240.0,0.0
-1240.0
1.0,4.0;3.0,2.0::-24515.0,0.0
-24515.0
3.0,2.0;1.0,4.0::-1240.0,0.0
-1240.0
1.0,4.0;3.0,3.0::-15.0,0.0
-15.0
3.0,3.0;1.0,4.0::-490.0,0.0
-490.0
1.0,4.0;3.0,4.0::-505.0,0.0
-505.0
3.0,4.0;1.0,4.0::-505.0,0.0
-505.0
1.0,4.0;4.0,0.0::-49007.5,0.0
-49007.5
4.0,0.0;1.0,4.0::-1745.0,0.0
-1745.0
1.0,4.0;4.0,1.0::-24507.5,0.0
-24507.5
4.0,1.0;1.0,4.0::-995.0,0.0
-995.0
1.0,4.0;4.0,2.0::-24507.5,0.0
-24507.5
4.0,2.0;1.0,4.0::-995.0,0.0
-995.0
1.0,4.0;4.0,3.0::-7.5,0.0
-7.5
4.0,3.0;1.0,4.0::-245.0,0.0
-245.0
1.0,4.0;4.0,4.0::-497.5,0.0
-497.5
4.0,4.0;1.0,4.0::-260.0,0.0
-260.0
2.0,0.0;2.0,0.0::-50500.0,0.0
-50500.0
2.0,0.0;2.0,0.0::-50500.0,0.0
-50500.0
2.0,0.0;2.0,1.0::-25000.0,0.0
-25000.0
2.0,1.0;2.0,0.0::-50750.0,0.0
-50750.0
2.0,0.0;2.0,2.0::-25000.0,0.0
-25000.0
2.0,2.0;2.0,0.0::-50750.0,0.0
-50750.0
2.0,0.0;2.0,3.0::500.0,0.0
500.0
2.0,3.0;2.0,0.0::-51000.0,0.0
-51000.0
2.0,0.0;2.0,4.0::-50500.0,0.0
-50500.0
2.0,4.0;2.0,0.0::-50500.0,0.0
-50500.0
2.0,0.0;3.0,0.0::-50500.0,0.0
-50500.0
3.0,0.0;2.0,0.0::-50500.0,0.0
-50500.0
2.0,0.0;3.0,1.0::-25000.0,0.0
-25000.0
3.0,1.0;2.0,0.0::-50750.0,0.0
-50750.0
2.0,0.0;3.0,2.0::-25000.0,0.0
-25000.0
3.0,2.0;2.0,0.0::-50750.0,0.0
-50750.0
2.0,0.0;3.0,3.0::500.0,0.0
500.0
3.0,3.0;2.0,0.0::-51000.0,0.0
-51000.0
2.0,0.0;3.0,4.0::-50500.0,0.0
-50500.0
3.0,4.0;2.0,0.0::-50500.0,0.0
-50500.0
2.0,0.0;4.0,0.0::-50007.5,0.0
-50007.5
4.0,0.0;2.0,0.0::-745.0,0.0
-745.0
2.0,0.0;4.0,1.0::-24507.5,0.0
-24507.5
4.0,1.0;2.0,0.0::-995.0,0.0
-995.0
2.0,0.0;4.0,2.0::-24507.5,0.0
-24507.5
4.0,2.0;2.0,0.0::-995.0,0.0
-995.0
2.0,0.0;4.0,3.0::992.5,0.0
992.5
4.0,3.0;2.0,0.0::-1245.0,0.0
-1245.0
2.0,0.0;4.0,4.0::-50007.5,0.0
-50007.5
4.0,4.0;2.0,0.0::-745.0,0.0
-745.0
2.0,1.0;2.0,1.0::-25250.0,0.0
-25250.0
2.0,1.0;2.0,1.0::-25250.0,0.0
-25250.0
2.0,1.0;2.0,2.0::-25250.0,0.0
-25250.0
2.0,2.0;2.0,1.0::-25250.0,0.0
-25250.0
2.0,1.0;2.0,3.0::250.0,0.0
250.0
2.0,3.0;2.0,1.0::-25500.0,0.0
-25500.0
2.0,1.0;2.0,4.0::-50750.0,0.0
-50750.0
2.0,4.0;2.0,1.0::-25000.0,0.0
-25000.0
2.0,1.0;3.0,0.0::-50000.0,0.0
-50000.0
3.0,0.0;2.0,1.0::-500.0,0.0
-500.0
2.0,1.0;3.0,1.0::-24500.0,0.0
-24500.0
3.0,1.0;2.0,1.0::-750.0,0.0
-750.0
2.0,1.0;3.0,2.0::-24500.0,0.0
-24500.0
3.0,2.0;2.0,1.0::-750.0,0.0
-750.0
2.0,1.0;3.0,3.0::1000.0,0.0
1000.0
3.0,3.0;2.0,1.0::-1000.0,0.0
-1000.0
2.0,1.0;3.0,4.0::-50000.0,0.0
-50000.0
3.0,4.0;2.0,1.0::-500.0,0.0
-500.0
2.0,1.0;4.0,0.0::-50007.5,0.0
-50007.5
4.0,0.0;2.0,1.0::-745.0,0.0
-745.0
2.0,1.0;4.0,1.0::-24507.5,0.0
-24507.5
4.0,1.0;2.0,1.0::-995.0,0.0
-995.0
2.0,1.0;4.0,2.0::-24507.5,0.0
-24507.5
4.0,2.0;2.0,1.0::-995.0,0.0
-995.0
2.0,1.0;4.0,3.0::992.5,0.0
992.5
4.0,3.0;2.0,1.0::-1245.0,0.0
-1245.0
2.0,1.0;4.0,4.0::-50007.5,0.0
-50007.5
4.0,4.0;2.0,1.0::-745.0,0.0
-745.0
2.0,2.0;2.0,2.0::-25250.0,0.0
-25250.0
2.0,2.0;2.0,2.0::-25250.0,0.0
-25250.0
2.0,2.0;2.0,3.0::250.0,0.0
250.0
2.0,3.0;2.0,2.0::-25500.0,0.0
-25500.0
2.0,2.0;2.0,4.0::-50750.0,0.0
-50750.0
2.0,4.0;2.0,2.0::-25000.0,0.0
-25000.0
2.0,2.0;3.0,0.0::-50500.0,0.0
-50500.0
3.0,0.0;2.0,2.0::-50500.0,0.0
-50500.0
2.0,2.0;3.0,1.0::-25000.0,0.0
-25000.0
3.0,1.0;2.0,2.0::-50750.0,0.0
-50750.0
2.0,2.0;3.0,2.0::-25000.0,0.0
-25000.0
3.0,2.0;2.0,2.0::-50750.0,0.0
-50750.0
2.0,2.0;3.0,3.0::500.0,0.0
500.0
3.0,3.0;2.0,2.0::-51000.0,0.0
-51000.0
2.0,2.0;3.0,4.0::-50500.0,0.0
-50500.0
3.0,4.0;2.0,2.0::-50500.0,0.0
-50500.0
2.0,2.0;4.0,0.0::-51000.0,0.0
-51000.0
4.0,0.0;2.0,2.0::500.0,0.0
500.0
2.0,2.0;4.0,1.0::-25500.0,0.0
-25500.0
4.0,1.0;2.0,2.0::250.0,0.0
250.0
2.0,2.0;4.0,2.0::-25500.0,0.0
-25500.0
4.0,2.0;2.0,2.0::250.0,0.0
250.0
2.0,2.0;4.0,3.0::0.0,0.0
0.0
4.0,3.0;2.0,2.0::0.0,0.0
0.0
2.0,2.0;4.0,4.0::-51000.0,0.0
-51000.0
4.0,4.0;2.0,2.0::500.0,0.0
500.0
2.0,3.0;2.0,3.0::0.0,0.0
0.0
2.0,3.0;2.0,3.0::0.0,0.0
0.0
2.0,3.0;2.0,4.0::-51000.0,0.0
-51000.0
2.0,4.0;2.0,3.0::500.0,0.0
500.0
2.0,3.0;3.0,0.0::-50000.0,0.0
-50000.0
3.0,0.0;2.0,3.0::-500.0,0.0
-500.0
2.0,3.0;3.0,1.0::-24500.0,0.0
-24500.0
3.0,1.0;2.0,3.0::-750.0,0.0
-750.0
2.0,3.0;3.0,2.0::-24500.0,0.0
-24500.0
3.0,2.0;2.0,3.0::-750.0,0.0
-750.0
2.0,3.0;3.0,3.0::1000.0,0.0
1000.0
3.0,3.0;2.0,3.0::-1000.0,0.0
-1000.0
2.0,3.0;3.0,4.0::-50000.0,0.0
-50000.0
3.0,4.0;2.0,3.0::-500.0,0.0
-500.0
2.0,3.0;4.0,0.0::-51000.0,0.0
-51000.0
4.0,0.0;2.0,3.0::500.0,0.0
500.0
2.0,3.0;4.0,1.0::-25500.0,0.0
-25500.0
4.0,1.0;2.0,3.0::250.0,0.0
250.0
2.0,3.0;4.0,2.0::-25500.0,0.0
-25500.0
4.0,2.0;2.0,3.0::250.0,0.0
250.0
2.0,3.0;4.0,3.0::0.0,0.0
0.0
4.0,3.0;2.0,3.0::0.0,0.0
0.0
2.0,3.0;4.0,4.0::-51000.0,0.0
-51000.0
4.0,4.0;2.0,3.0::500.0,0.0
500.0
2.0,4.0;2.0,4.0::-50500.0,0.0
-50500.0
2.0,4.0;2.0,4.0::-50500.0,0.0
-50500.0
2.0,4.0;3.0,0.0::-50015.0,0.0
-50015.0
3.0,0.0;2.0,4.0::-990.0,0.0
-990.0
2.0,4.0;3.0,1.0::-24515.0,0.0
-24515.0
3.0,1.0;2.0,4.0::-1240.0,0.0
-1240.0
2.0,4.0;3.0,2.0::-24515.0,0.0
-24515.0
3.0,2.0;2.0,4.0::-1240.0,0.0
-1240.0
2.0,4.0;3.0,3.0::985.0,0.0
985.0
3.0,3.0;2.0,4.0::-1490.0,0.0
-1490.0
2.0,4.0;3.0,4.0::-50015.0,0.0
-50015.0
3.0,4.0;2.0,4.0::-990.0,0.0
-990.0
2.0,4.0;4.0,0.0::-50007.5,0.0
-50007.5
4.0,0.0;2.0,4.0::-745.0,0.0
-745.0
2.0,4.0;4.0,1.0::-24507.5,0.0
-24507.5
4.0,1.0;2.0,4.0::-995.0,0.0
-995.0
2.0,4.0;4.0,2.0::-24507.5,0.0
-24507.5
4.0,2.0;2.0,4.0::-995.0,0.0
-995.0
2.0,4.0;4.0,3.0::992.5,0.0
992.5
4.0,3.0;2.0,4.0::-1245.0,0.0
-1245.0
2.0,4.0;4.0,4.0::-50007.5,0.0
-50007.5
4.0,4.0;2.0,4.0::-745.0,0.0
-745.0
3.0,0.0;3.0,0.0::-50500.0,0.0
-50500.0
3.0,0.0;3.0,0.0::-50500.0,0.0
-50500.0
3.0,0.0;3.0,1.0::-500.0,0.0
-500.0
3.0,1.0;3.0,0.0::-50000.0,0.0
-50000.0
3.0,0.0;3.0,2.0::-50500.0,0.0
-50500.0
3.0,2.0;3.0,0.0::-50500.0,0.0
-50500.0
3.0,0.0;3.0,3.0::-500.0,0.0
-500.0
3.0,3.0;3.0,0.0::-50000.0,0.0
-50000.0
3.0,0.0;3.0,4.0::-990.0,0.0
-990.0
3.0,4.0;3.0,0.0::-50015.0,0.0
-50015.0
3.0,0.0;4.0,0.0::-50007.5,0.0
-50007.5
4.0,0.0;3.0,0.0::-745.0,0.0
-745.0
3.0,0.0;4.0,1.0::-7.5,0.0
-7.5
4.0,1.0;3.0,0.0::-245.0,0.0
-245.0
3.0,0.0;4.0,2.0::-50007.5,0.0
-50007.5
4.0,2.0;3.0,0.0::-745.0,0.0
-745.0
3.0,0.0;4.0,3.0::-7.5,0.0
-7.5
4.0,3.0;3.0,0.0::-245.0,0.0
-245.0
3.0,0.0;4.0,4.0::-497.5,0.0
-497.5
4.0,4.0;3.0,0.0::-260.0,0.0
-260.0
3.0,1.0;3.0,1.0::0.0,0.0
0.0
3.0,1.0;3.0,1.0::0.0,0.0
0.0
3.0,1.0;3.0,2.0::-50000.0,0.0
-50000.0
3.0,2.0;3.0,1.0::-500.0,0.0
-500.0
3.0,1.0;3.0,3.0::0.0,0.0
0.0
3.0,3.0;3.0,1.0::0.0,0.0
0.0
3.0,1.0;3.0,4.0::-490.0,0.0
-490.0
3.0,4.0;3.0,1.0::-15.0,0.0
-15.0
3.0,1.0;4.0,0.0::-50007.5,0.0
-50007.5
4.0,0.0;3.0,1.0::-745.0,0.0
-745.0
3.0,1.0;4.0,1.0::-7.5,0.0
-7.5
4.0,1.0;3.0,1.0::-245.0,0.0
-245.0
3.0,1.0;4.0,2.0::-50007.5,0.0
-50007.5
4.0,2.0;3.0,1.0::-745.0,0.0
-745.0
3.0,1.0;4.0,3.0::-7.5,0.0
-7.5
4.0,3.0;3.0,1.0::-245.0,0.0
-245.0
3.0,1.0;4.0,4.0::-497.5,0.0
-497.5
4.0,4.0;3.0,1.0::-260.0,0.0
-260.0
3.0,2.0;3.0,2.0::-50500.0,0.0
-50500.0
3.0,2.0;3.0,2.0::-50500.0,0.0
-50500.0
3.0,2.0;3.0,3.0::-500.0,0.0
-500.0
3.0,3.0;3.0,2.0::-50000.0,0.0
-50000.0
3.0,2.0;3.0,4.0::-990.0,0.0
-990.0
3.0,4.0;3.0,2.0::-50015.0,0.0
-50015.0
3.0,2.0;4.0,0.0::-51000.0,0.0
-51000.0
4.0,0.0;3.0,2.0::500.0,0.0
500.0
3.0,2.0;4.0,1.0::-1000.0,0.0
-1000.0
4.0,1.0;3.0,2.0::1000.0,0.0
1000.0
3.0,2.0;4.0,2.0::-51000.0,0.0
-51000.0
4.0,2.0;3.0,2.0::500.0,0.0
500.0
3.0,2.0;4.0,3.0::-1000.0,0.0
-1000.0
4.0,3.0;3.0,2.0::1000.0,0.0
1000.0
3.0,2.0;4.0,4.0::-1490.0,0.0
-1490.0
4.0,4.0;3.0,2.0::985.0,0.0
985.0
3.0,3.0;3.0,3.0::0.0,0.0
0.0
3.0,3.0;3.0,3.0::0.0,0.0
0.0
3.0,3.0;3.0,4.0::-490.0,0.0
-490.0
3.0,4.0;3.0,3.0::-15.0,0.0
-15.0
3.0,3.0;4.0,0.0::-51000.0,0.0
-51000.0
4.0,0.0;3.0,3.0::500.0,0.0
500.0
3.0,3.0;4.0,1.0::-1000.0,0.0
-1000.0
4.0,1.0;3.0,3.0::1000.0,0.0
1000.0
3.0,3.0;4.0,2.0::-51000.0,0.0
-51000.0
4.0,2.0;3.0,3.0::500.0,0.0
500.0
3.0,3.0;4.0,3.0::-1000.0,0.0
-1000.0
4.0,3.0;3.0,3.0::1000.0,0.0
1000.0
3.0,3.0;4.0,4.0::-1490.0,0.0
-1490.0
4.0,4.0;3.0,3.0::985.0,0.0
985.0
3.0,4.0;3.0,4.0::-505.0,0.0
-505.0
3.0,4.0;3.0,4.0::-505.0,0.0
-505.0
3.0,4.0;4.0,0.0::-50007.5,0.0
-50007.5
4.0,0.0;3.0,4.0::-745.0,0.0
-745.0
3.0,4.0;4.0,1.0::-7.5,0.0
-7.5
4.0,1.0;3.0,4.0::-245.0,0.0
-245.0
3.0,4.0;4.0,2.0::-50007.5,0.0
-50007.5
4.0,2.0;3.0,4.0::-745.0,0.0
-745.0
3.0,4.0;4.0,3.0::-7.5,0.0
-7.5
4.0,3.0;3.0,4.0::-245.0,0.0
-245.0
3.0,4.0;4.0,4.0::-497.5,0.0
-497.5
4.0,4.0;3.0,4.0::-260.0,0.0
-260.0
4.0,0.0;4.0,0.0::-252.5,0.0
-252.5
4.0,0.0;4.0,0.0::-252.5,0.0
-252.5
4.0,0.0;4.0,1.0::-252.5,0.0
-252.5
4.0,1.0;4.0,0.0::-252.5,0.0
-252.5
4.0,0.0;4.0,2.0::992.5,0.0
992.5
4.0,2.0;4.0,0.0::-1245.0,0.0
-1245.0
4.0,0.0;4.0,3.0::992.5,0.0
992.5
4.0,3.0;4.0,0.0::-1245.0,0.0
-1245.0
4.0,0.0;4.0,4.0::-252.5,0.0
-252.5
4.0,4.0;4.0,0.0::-252.5,0.0
-252.5
4.0,1.0;4.0,1.0::-252.5,0.0
-252.5
4.0,1.0;4.0,1.0::-252.5,0.0
-252.5
4.0,1.0;4.0,2.0::992.5,0.0
992.5
4.0,2.0;4.0,1.0::-1245.0,0.0
-1245.0
4.0,1.0;4.0,3.0::992.5,0.0
992.5
4.0,3.0;4.0,1.0::-1245.0,0.0
-1245.0
4.0,1.0;4.0,4.0::-252.5,0.0
-252.5
4.0,4.0;4.0,1.0::-252.5,0.0
-252.5
4.0,2.0;4.0,2.0::0.0,0.0
0.0
4.0,2.0;4.0,2.0::0.0,0.0
0.0
4.0,2.0;4.0,3.0::0.0,0.0
0.0
4.0,3.0;4.0,2.0::0.0,0.0
0.0
4.0,2.0;4.0,4.0::-1245.0,0.0
-1245.0
4.0,4.0;4.0,2.0::992.5,0.0
992.5
4.0,3.0;4.0,3.0::0.0,0.0
0.0
4.0,3.0;4.0,3.0::0.0,0.0
0.0
4.0,3.0;4.0,4.0::-1245.0,0.0
-1245.0
4.0,4.0;4.0,3.0::992.5,0.0
992.5
4.0,4.0;4.0,4.0::-252.5,0.0
-252.5
4.0,4.0;4.0,4.0::-252.5,0.0
-252.5
