2.0,4.0;2.0,4.0::-3000.0,0.0
-3000.0
2.0,4.0;2.0,4.0::-3000.0,0.0
-3000.0
2.0,4.0;3.0,0.0::-2505.0,0.0
-2505.0
3.0,0.0;2.0,4.0::-525.0,0.0
-525.0
2.0,4.0;3.0,1.0::-755.0,0.0
-755.0
3.0,1.0;2.0,4.0::-775.0,0.0
-775.0
2.0,4.0;3.0,2.0::-755.0,0.0
-755.0
3.0,2.0;2.0,4.0::-775.0,0.0
-775.0
2.0,4.0;3.0,3.0::995.0,0.0
995.0
3.0,3.0;2.0,4.0::-1025.0,0.0
-1025.0
2.0,4.0;3.0,4.0::-2505.0,0.0
-2505.0
3.0,4.0;2.0,4.0::-525.0,0.0
-525.0
2.0,4.0;4.0,0.0::-2507.5,0.0
-2507.5
4.0,0.0;2.0,4.0::-507.5,0.0
-507.5
2.0,4.0;4.0,1.0::-757.5,0.0
-757.5
4.0,1.0;2.0,4.0::-757.5,0.0
-757.5
2.0,4.0;4.0,2.0::-757.5,0.0
-757.5
4.0,2.0;2.0,4.0::-757.5,0.0
-757.5
2.0,4.0;4.0,3.0::992.5,0.0
992.5
4.0,3.0;2.0,4.0::-1007.5,0.0
-1007.5
2.0,4.0;4.0,4.0::-2507.5,0.0
-2507.5
4.0,4.0;2.0,4.0::-507.5,0.0
-507.5
