0.0,0.0;0.0,0.0::-2071.1275,1710.9493042953525
-2694.75,-3422.0,646.75,1054.0,-2246.25,1146.25,-1543.75,-1873.25,-1135.75,-1962.75,-6005.5,-1470.5,-1689.25,-2177.0,-1221.25,817.75,-1992.5,-1757.0,-3075.0,1393.5,-1849.5,-5905.0,-2241.0,-1744.75,-1955.75,-2469.25,-2252.0,1378.5,-1330.75,-6034.75,-2766.5,-6102.0,-2209.5,-1288.25,-1463.75,-1762.75,-1774.0,-1860.5,-2050.0,-2010.75,-3239.25,-2081.5,-1108.75,-2153.25,691.0,-1713.0,-2249.5,-3381.25,-5954.5,-1997.5,-2000.75,-1764.0,-1729.5,1152.25,-1598.75,-2045.25,-1760.25,-2016.5,-2265.25,-2550.25,-3042.0,-3237.75,-1758.25,-4398.25,-5556.5,1074.25,-1936.25,-1976.0,-1319.0,-2143.5,-2131.5,1326.25,-1264.25,-1953.25,-2044.5,-3187.5,-2668.5,-4041.5,1051.5,-921.25,-2403.75,-1868.5,-2127.75,1359.0,-1583.25,-6134.75,-1836.25,-2019.5,-1801.75,-3606.75,-6099.25,-1336.75,-6118.0,-2207.25,-1655.75,-1976.25,-1910.5,-2441.5,-1869.75,-2680.5
0.0,0.0;0.0,0.0::-2431.7775,1734.7556466599988
-1763.0,-1618.75,-5569.25,-6067.25,-1832.0,-6049.5,-2966.25,-1795.25,-3927.0,-1862.5,821.75,-3058.75,-2809.75,-1895.75,-3437.25,-6031.75,-1821.75,-1969.25,-1333.25,-6024.5,-1962.0,388.5,-2296.5,-1882.5,-2416.75,-2098.5,-1796.0,-6155.25,-3446.0,1170.0,-1941.5,1223.5,-1912.75,-3672.75,-3387.25,-1903.0,-2095.25,-1832.75,-1888.0,-2015.25,-2783.25,-2131.5,-3731.25,-1828.75,-5742.75,-1873.0,-1903.0,-1288.25,669.0,-2496.0,-1808.0,-1981.5,-2225.0,-6041.75,-2751.75,-1857.0,-1938.5,-2042.5,-1744.25,-1778.25,-3005.25,-2080.75,-2306.25,-925.75,-397.25,-6106.75,-1792.75,-2297.5,-3320.25,-1899.0,-1968.75,-6056.25,-3996.5,-1654.75,-2113.5,-1515.0,-1706.75,-985.5,-6221.5,-4017.75,-2109.0,-1756.0,-1898.25,-6042.25,-3240.25,1446.0,-2060.5,-1990.0,-1853.0,-1838.25,1242.75,-5084.5,937.0,-1846.25,-3415.25,-1788.5,-3683.0,-1812.75,-1933.5,-1876.25
0.0,0.0;0.0,1.0::-2830.2525,1445.3242908146083
-2578.75,-1829.0,-6074.25,-1766.75,-3103.0,-1981.25,-1833.5,-2799.25,-3288.75,-1916.0,-2392.25,-1768.0,-1799.25,-3547.5,-1776.0,-2737.0,-2098.0,-2223.0,-1760.25,-1852.25,-2320.0,-1817.0,-2089.0,-6094.75,-4060.0,-6086.5,-1808.5,-1941.5,-6090.75,-2176.5,-1913.5,-5772.25,-1738.0,-2809.0,-1876.5,-5897.25,-2162.0,-2590.75,-2092.75,-3017.25,-2017.0,-6108.5,-2354.5,-2668.5,-1919.75,-6144.75,-5439.5,-3748.25,-2169.5,-1913.0,-1767.75,-1866.0,-6161.5,-1893.0,-1915.75,-6043.25,-4131.25,-1787.5,-2127.75,-4291.75,-1951.0,-1888.5,-6080.0,-1818.0,-1770.5,-1894.0,-1977.5,-3831.25,-1874.5,-3390.25,-1905.0,-2506.0,-5902.5,-1807.5,-1890.5,-2120.5,-2083.5,-1877.0,-2068.25,-1949.0,-1925.75,-2002.75,-6059.0,-1832.25,-2331.5,-2690.5,-1848.25,-2265.5,-2475.75,-6065.0,-2925.25,-1784.0,-2158.25,-2504.5,-1753.5,-2172.5,-3178.25,-1912.25,-2419.0,-2189.75
0.0,1.0;0.0,0.0::-1012.625,1008.5065025199391
-1406.0,-1501.25,1501.0,-1514.0,-1200.75,-1591.0,-1631.5,-1202.0,-984.75,-1571.0,-1496.25,-1598.0,-1511.75,-866.25,-1570.75,-1390.75,-1501.75,-1470.25,-1575.5,-1522.0,-1480.5,-1598.5,-1535.5,1469.25,-700.25,1554.5,-1563.0,-1556.5,1404.75,-1522.25,-1565.25,701.25,-1523.5,-1272.0,-1646.25,985.75,-1512.0,-1242.75,-1556.5,-1140.75,-1580.0,1741.5,-1528.5,-1379.5,-1575.5,1376.25,1072.5,-803.0,-1512.75,-1651.0,-1447.0,-1505.5,1514.0,-1500.5,-1450.25,1456.25,-620.75,-1592.25,-1436.25,-512.5,-1428.75,-1637.0,1674.5,-1515.0,-1529.5,-1516.0,-1490.25,-700.75,-1444.75,-1342.5,-1554.5,-1388.0,320.0,-1542.0,-1629.5,-1427.0,-1524.5,-1502.75,-1581.0,-1521.5,-1467.75,-1533.75,1340.0,-1605.25,-1449.75,-1462.0,-1418.75,-1452.5,-1258.75,1491.75,-1199.75,-1551.75,-1524.0,-1452.75,-1546.5,-1380.5,-1180.5,-1627.0,-1447.5,-1415.5
0.0,0.0;2.0,0.0::-5504.605,1133.533422081149
-5866.75,-6125.5,-6124.0,-6042.25,-2999.75,-2992.25,-6200.25,-4655.75,-6030.0,-6047.25,-5918.0,-3250.0,-5497.25,-5647.5,-6014.75,-6002.25,-6096.25,-6060.25,-6013.0,-5827.75,-6087.75,-3166.75,-6013.5,-6037.0,-3017.0,-6115.5,-2977.25,-6028.75,-6146.25,-5989.25,-6116.0,-5984.5,-6104.25,-6029.75,-6075.25,-5998.0,-6042.0,-6062.5,-6045.0,-6054.0,-2944.0,-3125.0,-6116.25,-6055.5,-5738.75,-2912.0,-6147.25,-5980.5,-6182.75,-6157.5,-6080.5,-5988.5,-6045.25,-6034.25,-3101.75,-5953.5,-6073.0,-3188.75,-6106.75,-6064.5,-6036.25,-5505.75,-6170.25,-6136.5,-6122.25,-6183.75,-6047.75,-3054.75,-6095.5,-6013.5,-6131.0,-6060.0,-6197.25,-5735.0,-6089.25,-6013.25,-2916.0,-5822.25,-6056.75,-3030.25,-2897.0,-6089.0,-3170.0,-6219.5,-6099.0,-6036.25,-6201.25,-6117.75,-6100.75,-6034.25,-6015.25,-6073.25,-5609.25,-5955.75,-6068.25,-6031.75,-6030.0,-5876.25,-6054.5,-2867.0
2.0,0.0;0.0,0.0::167.8175,1515.827989027367
443.75,1164.5,929.25,1260.0,-3102.5,-2807.5,1022.0,-1672.0,1011.25,676.5,946.0,-2868.75,-167.75,10.0,820.0,928.5,1151.75,1033.25,865.0,278.25,1206.5,-3095.0,986.5,996.25,-3011.0,1025.25,-3097.5,1221.75,1179.75,753.25,1300.75,275.5,1242.25,697.5,1207.75,907.75,1364.25,1263.75,539.5,771.25,-3084.0,-3114.75,1479.75,665.5,324.0,-3182.0,1062.5,769.25,1043.0,811.5,1523.75,309.75,847.75,1216.25,-3143.5,426.0,947.0,-3108.75,777.25,803.75,896.5,-569.0,1044.25,1095.75,1252.0,1341.0,847.5,-3000.75,977.75,604.25,1106.75,375.75,1219.75,237.75,1103.5,1448.25,-2958.0,542.25,1161.75,-2706.25,-3120.0,1095.0,-3317.25,890.0,997.75,657.25,935.0,901.0,903.25,528.75,595.0,955.5,-715.75,783.0,1156.75,949.75,1140.5,288.25,884.5,-2778.75
0.0,0.0;2.0,1.0::-6085.76,47.94344220015913
-6086.0,-6114.75,-6214.5,-6108.75,-6028.0,-6072.5,-6087.25,-6123.25,-6096.75,-6111.0,-6111.25,-6088.75,-6011.0,-6004.25,-6063.5,-6194.5,-6066.25,-6001.0,-6070.75,-6031.0,-6125.0,-6079.25,-6112.5,-6079.75,-6117.5,-6105.0,-6055.25,-6090.75,-6077.5,-6112.5,-6069.5,-6049.75,-6112.0,-6111.0,-6077.0,-6159.5,-6120.25,-6121.25,-6068.0,-6171.0,-6074.0,-6193.75,-6078.25,-6185.5,-6057.75,-6048.25,-6029.75,-6045.0,-6090.5,-6164.25,-6107.5,-6045.75,-6155.0,-6136.75,-6066.75,-6035.5,-6061.75,-6066.75,-6055.75,-6096.25,-6039.25,-6185.0,-6041.25,-5986.25,-6103.5,-6213.25,-6135.25,-6110.75,-6045.25,-6014.75,-6113.0,-6064.75,-6021.0,-6084.5,-6082.25,-6060.25,-6095.25,-5972.5,-6063.0,-6048.25,-6054.5,-6083.5,-6102.5,-6037.75,-6066.0,-6124.5,-6067.5,-6081.5,-6123.0,-6091.25,-6054.0,-6127.25,-6110.25,-6075.25,-6116.5,-6117.5,-5990.5,-6034.75,-6098.0,-6046.75
2.0,1.0;0.0,0.0::1526.7825,156.66238243033968
1281.75,1648.75,1470.75,1480.5,1454.75,1532.25,1596.5,1583.0,1534.5,1653.25,1397.75,1545.75,1558.75,1664.75,1732.25,1266.5,1839.5,1466.25,1558.0,1639.25,1326.25,1574.75,1525.5,1622.0,1459.0,1537.25,1586.5,1556.0,1595.0,1399.0,1529.25,1561.75,1580.0,1661.5,1432.25,1473.5,1470.0,1410.5,1541.5,1487.75,1599.75,1681.0,1579.25,1381.25,1457.0,1546.5,1555.5,1466.25,1531.0,1811.0,1435.25,1544.0,1733.0,1467.25,1427.5,1426.5,1727.75,1499.0,1515.5,1569.75,1526.5,1435.75,1655.0,1528.5,1533.0,1585.0,1457.5,1570.5,1565.5,1587.25,1732.25,1439.25,1453.25,1373.75,1610.75,1737.25,1500.0,1655.0,1550.25,1651.0,1613.25,1229.75,1485.25,1525.0,1605.5,1268.0,1714.25,1623.75,1626.75,1463.0,1612.75,1413.75,1418.75,1592.75,1557.0,1368.25,457.5,1431.25,1667.75,1668.75
