0.0,1.0;0.0,1.0::-1526.565,50.07865837859476
-1418.5,-1524.5,-1412.0,-1586.5,-1404.5,-1560.0,-1501.0,-1453.75,-1537.5,-1550.25,-1544.25,-1436.5,-1448.75,-1506.5,-1545.25,-1500.5,-1507.25,-1628.0,-1471.5,-1542.75,-1576.0,-1590.0,-1557.75,-1468.75,-1541.25,-1575.75,-1479.5,-1565.5,-1541.0,-1439.5,-1526.0,-1521.75,-1524.75,-1573.5,-1457.0,-1525.0,-1556.0,-1504.25,-1507.75,-1492.25,-1549.25,-1473.0,-1491.25,-1580.0,-1499.5,-1588.5,-1517.5,-1472.5,-1501.75,-1558.0,-1517.5,-1520.75,-1462.75,-1646.0,-1521.75,-1619.0,-1510.25,-1540.25,-1528.5,-1485.75,-1551.5,-1615.25,-1587.75,-1559.25,-1585.5,-1503.0,-1536.75,-1578.25,-1566.5,-1603.0,-1496.75,-1565.25,-1514.25,-1531.75,-1450.75,-1529.75,-1554.75,-1538.25,-1538.25,-1633.25,-1468.0,-1557.5,-1562.25,-1550.5,-1531.75,-1496.75,-1539.5,-1443.0,-1627.25,-1485.5,-1587.0,-1521.5,-1492.25,-1550.75,-1554.75,-1472.25,-1470.75,-1479.5,-1527.0,-1512.25
0.0,1.0;0.0,1.0::-1522.305,39.82886170856506
-1458.0,-1492.25,-1516.75,-1565.0,-1428.0,-1511.75,-1480.0,-1395.25,-1490.25,-1551.75,-1560.5,-1495.0,-1493.75,-1496.5,-1578.75,-1510.75,-1561.75,-1540.0,-1484.75,-1548.25,-1608.5,-1514.75,-1516.75,-1410.5,-1500.25,-1581.25,-1501.5,-1566.75,-1530.75,-1497.5,-1532.0,-1470.25,-1547.0,-1525.75,-1452.5,-1560.5,-1491.0,-1457.5,-1558.5,-1524.5,-1544.5,-1524.5,-1514.5,-1607.25,-1514.5,-1543.75,-1581.75,-1492.0,-1493.0,-1557.75,-1507.5,-1471.25,-1518.25,-1497.25,-1503.25,-1606.75,-1547.75,-1556.25,-1529.5,-1509.0,-1517.5,-1605.0,-1577.5,-1551.0,-1530.25,-1533.0,-1499.25,-1501.75,-1565.75,-1529.25,-1478.75,-1572.5,-1565.75,-1487.75,-1513.75,-1558.5,-1536.25,-1519.75,-1453.75,-1529.25,-1526.75,-1517.0,-1553.5,-1543.25,-1485.0,-1514.5,-1551.5,-1474.75,-1518.75,-1536.75,-1556.25,-1531.0,-1576.75,-1540.25,-1511.5,-1503.25,-1507.5,-1526.25,-1481.5,-1521.0
0.0,1.0;2.0,0.0::-6654.515,765.3884959776962
-6892.75,-6928.25,-6913.25,-6842.0,-5942.0,-6863.5,-7023.25,-6964.0,-6936.75,-6897.0,-6889.25,-6796.75,-6973.75,-6913.75,-6990.0,-6777.0,-5681.5,-6887.25,-6910.5,-4721.0,-6991.5,-6909.75,-6824.0,-6919.0,-7052.25,-6855.25,-6730.5,-6031.75,-6895.0,-6959.25,-7029.5,-6990.5,-6537.5,-6945.0,-6959.0,-6743.5,-6411.75,-6862.75,-6912.75,-6956.0,-6857.0,-6903.75,-6956.25,-6659.25,-6991.5,-6898.25,-3985.5,-6926.5,-6897.5,-3886.75,-6958.5,-6887.0,-6852.0,-6976.5,-6824.25,-6953.0,-6961.75,-6565.5,-6065.0,-7023.0,-6608.25,-7005.5,-7081.75,-6912.5,-7032.75,-7061.25,-6923.5,-6783.25,-6916.75,-6928.25,-6805.0,-6845.25,-6928.5,-6847.5,-6902.0,-6960.5,-3243.0,-3751.5,-7088.75,-6448.75,-7061.0,-7118.25,-6981.25,-6839.25,-6972.75,-6908.25,-3892.75,-6881.75,-6969.25,-6903.5,-7065.75,-6882.5,-4906.75,-7142.75,-6965.5,-6093.75,-6969.0,-6861.0,-6692.0,-6981.25
2.0,0.0;0.0,1.0::-8009.8875,1115.9726628456226
-7418.25,-7237.0,-7345.5,-7708.25,-9653.25,-7708.75,-7312.5,-7297.5,-7423.75,-7372.75,-7853.5,-8091.75,-7727.75,-7589.75,-7373.25,-7696.25,-10045.75,-7635.5,-7494.0,-11534.25,-7308.5,-7486.5,-7753.75,-7925.5,-7621.75,-7411.75,-8345.0,-9574.5,-7339.0,-7318.75,-7507.0,-7458.0,-8854.25,-7489.75,-7558.25,-7958.0,-8842.5,-7646.25,-7516.5,-7355.0,-7300.0,-7753.75,-7393.25,-8262.25,-7344.25,-7902.25,-11629.0,-7304.75,-7259.5,-11595.75,-7462.5,-7253.5,-7571.75,-7609.5,-8135.75,-7960.25,-7302.5,-8493.5,-9480.75,-7508.0,-8624.0,-7467.75,-7399.75,-7296.75,-7602.75,-7285.5,-7329.75,-8237.25,-7650.0,-7561.5,-8573.0,-7795.75,-7495.25,-8877.0,-7433.75,-7446.75,-11466.75,-11601.75,-7384.5,-8835.75,-7318.75,-7352.25,-7437.0,-8046.5,-7231.0,-7262.5,-11584.25,-7206.5,-7451.75,-7421.25,-7413.0,-7486.25,-10991.0,-7459.75,-7381.25,-9226.5,-7782.0,-7590.25,-8218.5,-7450.75
0.0,1.0;2.0,1.0::-6950.965,49.12914130126843
-6939.0,-7013.5,-6911.75,-6941.75,-6987.25,-7104.5,-6896.75,-6913.0,-6894.25,-6929.25,-6872.5,-6912.25,-7028.0,-6952.0,-7035.0,-6982.25,-7012.5,-6902.0,-6910.0,-6867.0,-6915.0,-6943.0,-6997.25,-7019.25,-6996.75,-6931.75,-6941.0,-7002.0,-6953.0,-6852.25,-6916.0,-6927.5,-6928.0,-6972.5,-6936.0,-6957.25,-6875.25,-6967.25,-6949.0,-6900.5,-6983.0,-6905.25,-7022.0,-6969.25,-7008.5,-6950.0,-6829.5,-6975.0,-7004.5,-7095.0,-6895.25,-6862.25,-6929.25,-6936.0,-6961.0,-6972.75,-6950.0,-6976.0,-6975.25,-6979.5,-6981.0,-6969.75,-6959.75,-7007.75,-6977.5,-6866.75,-6935.0,-7004.25,-6938.0,-6969.25,-7043.25,-6928.75,-6897.25,-6966.0,-6928.5,-6876.0,-6982.25,-7006.75,-6929.0,-6944.0,-6960.5,-6979.25,-6931.75,-6901.5,-6926.0,-6945.0,-6952.5,-6962.75,-6891.0,-6978.75,-6874.0,-6908.75,-7004.5,-6970.0,-6969.5,-6989.75,-6929.0,-6888.25,-6979.25,-6979.5
2.0,1.0;0.0,1.0::-7029.6775,43.43035077857419
-7083.25,-7055.5,-6992.25,-7075.0,-7098.25,-7071.75,-6979.75,-7029.5,-7062.0,-7002.25,-6995.75,-7088.0,-7049.25,-6996.0,-6935.0,-7106.0,-7042.75,-7035.0,-6980.25,-6976.5,-7005.5,-7073.75,-7030.5,-6970.0,-7009.0,-7016.25,-7004.25,-7058.75,-7028.0,-6999.5,-7021.0,-7094.75,-7033.75,-7066.25,-6957.0,-7040.25,-7009.5,-6991.75,-7051.25,-7003.5,-7025.5,-7070.25,-7091.0,-7053.0,-7101.75,-7036.5,-6975.5,-7041.75,-7081.0,-7075.75,-6973.0,-6967.5,-6930.75,-7031.25,-7080.5,-7027.5,-7080.5,-7057.25,-7069.0,-7042.75,-7074.25,-7022.25,-6999.25,-7113.5,-6995.25,-6996.0,-7037.75,-7095.0,-6999.0,-7069.5,-7014.75,-6978.0,-6932.5,-7039.75,-7047.0,-7014.25,-6990.5,-7062.25,-7021.75,-7097.5,-7006.75,-7012.75,-6922.75,-7024.5,-7044.0,-7030.5,-7009.25,-6974.25,-6944.25,-7029.75,-6969.5,-7000.75,-7023.25,-7090.75,-7047.25,-7082.0,-7074.0,-7070.75,-7040.25,-7040.0
