0.0,0.0;0.0,0.0::-2071.1275,1710.9493042953525
-2694.75,-3422.0,646.75,1054.0,-2246.25,1146.25,-1543.75,-1873.25,-1135.75,-1962.75,-6005.5,-1470.5,-1689.25,-2177.0,-1221.25,817.75,-1992.5,-1757.0,-3075.0,1393.5,-1849.5,-5905.0,-2241.0,-1744.75,-1955.75,-2469.25,-2252.0,1378.5,-1330.75,-6034.75,-2766.5,-6102.0,-2209.5,-1288.25,-1463.75,-1762.75,-1774.0,-1860.5,-2050.0,-2010.75,-3239.25,-2081.5,-1108.75,-2153.25,691.0,-1713.0,-2249.5,-3381.25,-5954.5,-1997.5,-2000.75,-1764.0,-1729.5,1152.25,-1598.75,-2045.25,-1760.25,-2016.5,-2265.25,-2550.25,-3042.0,-3237.75,-1758.25,-4398.25,-5556.5,1074.25,-1936.25,-1976.0,-1319.0,-2143.5,-2131.5,1326.25,-1264.25,-1953.25,-2044.5,-3187.5,-2668.5,-4041.5,1051.5,-921.25,-2403.75,-1868.5,-2127.75,1359.0,-1583.25,-6134.75,-1836.25,-2019.5,-1801.75,-3606.75,-6099.25,-1336.75,-6118.0,-2207.25,-1655.75,-1976.25,-1910.5,-2441.5,-1869.75,-2680.5
0.0,0.0;0.0,0.0::-2431.7775,1734.7556466599988
-1763.0,-1618.75,-5569.25,-6067.25,-1832.0,-6049.5,-2966.25,-1795.25,-3927.0,-1862.5,821.75,-3058.75,-2809.75,-1895.75,-3437.25,-6031.75,-1821.75,-1969.25,-1333.25,-6024.5,-1962.0,388.5,-2296.5,-1882.5,-2416.75,-2098.5,-1796.0,-6155.25,-3446.0,1170.0,-1941.5,1223.5,-1912.75,-3672.75,-3387.25,-1903.0,-2095.25,-1832.75,-1888.0,-2015.25,-2783.25,-2131.5,-3731.25,-1828.75,-5742.75,-1873.0,-1903.0,-1288.25,669.0,-2496.0,-1808.0,-1981.5,-2225.0,-6041.75,-2751.75,-1857.0,-1938.5,-2042.5,-1744.25,-1778.25,-3005.25,-2080.75,-2306.25,-925.75,-397.25,-6106.75,-1792.75,-2297.5,-3320.25,-1899.0,-1968.75,-6056.25,-3996.5,-1654.75,-2113.5,-1515.0,-1706.75,-985.5,-6221.5,-4017.75,-2109.0,-1756.0,-1898.25,-6042.25,-3240.25,1446.0,-2060.5,-1990.0,-1853.0,-1838.25,1242.75,-5084.5,937.0,-1846.25,-3415.25,-1788.5,-3683.0,-1812.75,-1933.5,-1876.25
0.0,0.0;0.0,1.0::-2830.2525,1445.3242908146083
-2578.75,-1829.0,-6074.25,-1766.75,-3103.0,-1981.25,-1833.5,-2799.25,-3288.75,-1916.0,-2392.25,-1768.0,-1799.25,-3547.5,-1776.0,-2737.0,-2098.0,-2223.0,-1760.25,-1852.25,-2320.0,-1817.0,-2089.0,-6094.75,-4060.0,-6086.5,-1808.5,-1941.5,-6090.75,-2176.5,-1913.5,-5772.25,-1738.0,-2809.0,-1876.5,-5897.25,-2162.0,-2590.75,-2092.75,-3017.25,-2017.0,-6108.5,-2354.5,-2668.5,-1919.75,-6144.75,-5439.5,-3748.25,-2169.5,-1913.0,-1767.75,-1866.0,-6161.5,-1893.0,-1915.75,-6043.25,-4131.25,-1787.5,-2127.75,-4291.75,-1951.0,-1888.5,-6080.0,-1818.0,-1770.5,-1894.0,-1977.5,-3831.25,-1874.5,-3390.25,-1905.0,-2506.0,-5902.5,-1807.5,-1890.5,-2120.5,-2083.5,-1877.0,-2068.25,-1949.0,-1925.75,-2002.75,-6059.0,-1832.25,-2331.5,-2690.5,-1848.25,-2265.5,-2475.75,-6065.0,-2925.25,-1784.0,-2158.25,-2504.5,-1753.5,-2172.5,-3178.25,-1912.25,-2419.0,-2189.75
0.0,1.0;0.0,0.0::-1012.625,1008.5065025199391
-1406.0,-1501.25,1501.0,-1514.0,-1200.75,-1591.0,-1631.5,-1202.0,-984.75,-1571.0,-1496.25,-1598.0,-1511.75,-866.25,-1570.75,-1390.75,-1501.75,-1470.25,-1575.5,-1522.0,-1480.5,-1598.5,-1535.5,1469.25,-700.25,1554.5,-1563.0,-1556.5,1404.75,-1522.25,-1565.25,701.25,-1523.5,-1272.0,-1646.25,985.75,-1512.0,-1242.75,-1556.5,-1140.75,-1580.0,1741.5,-1528.5,-1379.5,-1575.5,1376.25,1072.5,-803.0,-1512.75,-1651.0,-1447.0,-1505.5,1514.0,-1500.5,-1450.25,1456.25,-620.75,-1592.25,-1436.25,-512.5,-1428.75,-1637.0,1674.5,-1515.0,-1529.5,-1516.0,-1490.25,-700.75,-1444.75,-1342.5,-1554.5,-1388.0,320.0,-1542.0,-1629.5,-1427.0,-1524.5,-1502.75,-1581.0,-1521.5,-1467.75,-1533.75,1340.0,-1605.25,-1449.75,-1462.0,-1418.75,-1452.5,-1258.75,1491.75,-1199.75,-1551.75,-1524.0,-1452.75,-1546.5,-1380.5,-1180.5,-1627.0,-1447.5,-1415.5
0.0,0.0;2.0,0.0::-5504.605,1133.533422081149
-5866.75,-6125.5,-6124.0,-6042.25,-2999.75,-2992.25,-6200.25,-4655.75,-6030.0,-6047.25,-5918.0,-3250.0,-5497.25,-5647.5,-6014.75,-6002.25,-6096.25,-6060.25,-6013.0,-5827.75,-6087.75,-3166.75,-6013.5,-6037.0,-3017.0,-6115.5,-2977.25,-6028.75,-6146.25,-5989.25,-6116.0,-5984.5,-6104.25,-6029.75,-6075.25,-5998.0,-6042.0,-6062.5,-6045.0,-6054.0,-2944.0,-3125.0,-6116.25,-6055.5,-5738.75,-2912.0,-6147.25,-5980.5,-6182.75,-6157.5,-6080.5,-5988.5,-6045.25,-6034.25,-3101.75,-5953.5,-6073.0,-3188.75,-6106.75,-6064.5,-6036.25,-5505.75,-6170.25,-6136.5,-6122.25,-6183.75,-6047.75,-3054.75,-6095.5,-6013.5,-6131.0,-6060.0,-6197.25,-5735.0,-6089.25,-6013.25,-2916.0,-5822.25,-6056.75,-3030.25,-2897.0,-6089.0,-3170.0,-6219.5,-6099.0,-6036.25,-6201.25,-6117.75,-6100.75,-6034.25,-6015.25,-6073.25,-5609.25,-5955.75,-6068.25,-6031.75,-6030.0,-5876.25,-6054.5,-2867.0
2.0,0.0;0.0,0.0::167.8175,1515.827989027367
443.75,1164.5,929.25,1260.0,-3102.5,-2807.5,1022.0,-1672.0,1011.25,676.5,946.0,-2868.75,-167.75,10.0,820.0,928.5,1151.75,1033.25,865.0,278.25,1206.5,-3095.0,986.5,996.25,-3011.0,1025.25,-3097.5,1221.75,1179.75,753.25,1300.75,275.5,1242.25,697.5,1207.75,907.75,1364.25,1263.75,539.5,771.25,-3084.0,-3114.75,1479.75,665.5,324.0,-3182.0,1062.5,769.25,1043.0,811.5,1523.75,309.75,847.75,1216.25,-3143.5,426.0,947.0,-3108.75,777.25,803.75,896.5,-569.0,1044.25,1095.75,1252.0,1341.0,847.5,-3000.75,977.75,604.25,1106.75,375.75,1219.75,237.75,1103.5,1448.25,-2958.0,542.25,1161.75,-2706.25,-3120.0,1095.0,-3317.25,890.0,997.75,657.25,935.0,901.0,903.25,528.75,595.0,955.5,-715.75,783.0,1156.75,949.75,1140.5,288.25,884.5,-2778.75
0.0,0.0;2.0,1.0::-6085.76,47.94344220015913
-6086.0,-6114.75,-6214.5,-6108.75,-6028.0,-6072.5,-6087.25,-6123.25,-6096.75,-6111.0,-6111.25,-6088.75,-6011.0,-6004.25,-6063.5,-6194.5,-6066.25,-6001.0,-6070.75,-6031.0,-6125.0,-6079.25,-6112.5,-6079.75,-6117.5,-6105.0,-6055.25,-6090.75,-6077.5,-6112.5,-6069.5,-6049.75,-6112.0,-6111.0,-6077.0,-6159.5,-6120.25,-6121.25,-6068.0,-6171.0,-6074.0,-6193.75,-6078.25,-6185.5,-6057.75,-6048.25,-6029.75,-6045.0,-6090.5,-6164.25,-6107.5,-6045.75,-6155.0,-6136.75,-6066.75,-6035.5,-6061.75,-6066.75,-6055.75,-6096.25,-6039.25,-6185.0,-6041.25,-5986.25,-6103.5,-6213.25,-6135.25,-6110.75,-6045.25,-6014.75,-6113.0,-6064.75,-6021.0,-6084.5,-6082.25,-6060.25,-6095.25,-5972.5,-6063.0,-6048.25,-6054.5,-6083.5,-6102.5,-6037.75,-6066.0,-6124.5,-6067.5,-6081.5,-6123.0,-6091.25,-6054.0,-6127.25,-6110.25,-6075.25,-6116.5,-6117.5,-5990.5,-6034.75,-6098.0,-6046.75
2.0,1.0;0.0,0.0::1526.7825,156.66238243033968
1281.75,1648.75,1470.75,1480.5,1454.75,1532.25,1596.5,1583.0,1534.5,1653.25,1397.75,1545.75,1558.75,1664.75,1732.25,1266.5,1839.5,1466.25,1558.0,1639.25,1326.25,1574.75,1525.5,1622.0,1459.0,1537.25,1586.5,1556.0,1595.0,1399.0,1529.25,1561.75,1580.0,1661.5,1432.25,1473.5,1470.0,1410.5,1541.5,1487.75,1599.75,1681.0,1579.25,1381.25,1457.0,1546.5,1555.5,1466.25,1531.0,1811.0,1435.25,1544.0,1733.0,1467.25,1427.5,1426.5,1727.75,1499.0,1515.5,1569.75,1526.5,1435.75,1655.0,1528.5,1533.0,1585.0,1457.5,1570.5,1565.5,1587.25,1732.25,1439.25,1453.25,1373.75,1610.75,1737.25,1500.0,1655.0,1550.25,1651.0,1613.25,1229.75,1485.25,1525.0,1605.5,1268.0,1714.25,1623.75,1626.75,1463.0,1612.75,1413.75,1418.75,1592.75,1557.0,1368.25,457.5,1431.25,1667.75,1668.75
0.0,1.0;0.0,1.0::-1526.565,50.07865837859476
-1418.5,-1524.5,-1412.0,-1586.5,-1404.5,-1560.0,-1501.0,-1453.75,-1537.5,-1550.25,-1544.25,-1436.5,-1448.75,-1506.5,-1545.25,-1500.5,-1507.25,-1628.0,-1471.5,-1542.75,-1576.0,-1590.0,-1557.75,-1468.75,-1541.25,-1575.75,-1479.5,-1565.5,-1541.0,-1439.5,-1526.0,-1521.75,-1524.75,-1573.5,-1457.0,-1525.0,-1556.0,-1504.25,-1507.75,-1492.25,-1549.25,-1473.0,-1491.25,-1580.0,-1499.5,-1588.5,-1517.5,-1472.5,-1501.75,-1558.0,-1517.5,-1520.75,-1462.75,-1646.0,-1521.75,-1619.0,-1510.25,-1540.25,-1528.5,-1485.75,-1551.5,-1615.25,-1587.75,-1559.25,-1585.5,-1503.0,-1536.75,-1578.25,-1566.5,-1603.0,-1496.75,-1565.25,-1514.25,-1531.75,-1450.75,-1529.75,-1554.75,-1538.25,-1538.25,-1633.25,-1468.0,-1557.5,-1562.25,-1550.5,-1531.75,-1496.75,-1539.5,-1443.0,-1627.25,-1485.5,-1587.0,-1521.5,-1492.25,-1550.75,-1554.75,-1472.25,-1470.75,-1479.5,-1527.0,-1512.25
0.0,1.0;0.0,1.0::-1522.305,39.82886170856506
-1458.0,-1492.25,-1516.75,-1565.0,-1428.0,-1511.75,-1480.0,-1395.25,-1490.25,-1551.75,-1560.5,-1495.0,-1493.75,-1496.5,-1578.75,-1510.75,-1561.75,-1540.0,-1484.75,-1548.25,-1608.5,-1514.75,-1516.75,-1410.5,-1500.25,-1581.25,-1501.5,-1566.75,-1530.75,-1497.5,-1532.0,-1470.25,-1547.0,-1525.75,-1452.5,-1560.5,-1491.0,-1457.5,-1558.5,-1524.5,-1544.5,-1524.5,-1514.5,-1607.25,-1514.5,-1543.75,-1581.75,-1492.0,-1493.0,-1557.75,-1507.5,-1471.25,-1518.25,-1497.25,-1503.25,-1606.75,-1547.75,-1556.25,-1529.5,-1509.0,-1517.5,-1605.0,-1577.5,-1551.0,-1530.25,-1533.0,-1499.25,-1501.75,-1565.75,-1529.25,-1478.75,-1572.5,-1565.75,-1487.75,-1513.75,-1558.5,-1536.25,-1519.75,-1453.75,-1529.25,-1526.75,-1517.0,-1553.5,-1543.25,-1485.0,-1514.5,-1551.5,-1474.75,-1518.75,-1536.75,-1556.25,-1531.0,-1576.75,-1540.25,-1511.5,-1503.25,-1507.5,-1526.25,-1481.5,-1521.0
0.0,1.0;2.0,0.0::-6654.515,765.3884959776962
-6892.75,-6928.25,-6913.25,-6842.0,-5942.0,-6863.5,-7023.25,-6964.0,-6936.75,-6897.0,-6889.25,-6796.75,-6973.75,-6913.75,-6990.0,-6777.0,-5681.5,-6887.25,-6910.5,-4721.0,-6991.5,-6909.75,-6824.0,-6919.0,-7052.25,-6855.25,-6730.5,-6031.75,-6895.0,-6959.25,-7029.5,-6990.5,-6537.5,-6945.0,-6959.0,-6743.5,-6411.75,-6862.75,-6912.75,-6956.0,-6857.0,-6903.75,-6956.25,-6659.25,-6991.5,-6898.25,-3985.5,-6926.5,-6897.5,-3886.75,-6958.5,-6887.0,-6852.0,-6976.5,-6824.25,-6953.0,-6961.75,-6565.5,-6065.0,-7023.0,-6608.25,-7005.5,-7081.75,-6912.5,-7032.75,-7061.25,-6923.5,-6783.25,-6916.75,-6928.25,-6805.0,-6845.25,-6928.5,-6847.5,-6902.0,-6960.5,-3243.0,-3751.5,-7088.75,-6448.75,-7061.0,-7118.25,-6981.25,-6839.25,-6972.75,-6908.25,-3892.75,-6881.75,-6969.25,-6903.5,-7065.75,-6882.5,-4906.75,-7142.75,-6965.5,-6093.75,-6969.0,-6861.0,-6692.0,-6981.25
2.0,0.0;0.0,1.0::-8009.8875,1115.9726628456226
-7418.25,-7237.0,-7345.5,-7708.25,-9653.25,-7708.75,-7312.5,-7297.5,-7423.75,-7372.75,-7853.5,-8091.75,-7727.75,-7589.75,-7373.25,-7696.25,-10045.75,-7635.5,-7494.0,-11534.25,-7308.5,-7486.5,-7753.75,-7925.5,-7621.75,-7411.75,-8345.0,-9574.5,-7339.0,-7318.75,-7507.0,-7458.0,-8854.25,-7489.75,-7558.25,-7958.0,-8842.5,-7646.25,-7516.5,-7355.0,-7300.0,-7753.75,-7393.25,-8262.25,-7344.25,-7902.25,-11629.0,-7304.75,-7259.5,-11595.75,-7462.5,-7253.5,-7571.75,-7609.5,-8135.75,-7960.25,-7302.5,-8493.5,-9480.75,-7508.0,-8624.0,-7467.75,-7399.75,-7296.75,-7602.75,-7285.5,-7329.75,-8237.25,-7650.0,-7561.5,-8573.0,-7795.75,-7495.25,-8877.0,-7433.75,-7446.75,-11466.75,-11601.75,-7384.5,-8835.75,-7318.75,-7352.25,-7437.0,-8046.5,-7231.0,-7262.5,-11584.25,-7206.5,-7451.75,-7421.25,-7413.0,-7486.25,-10991.0,-7459.75,-7381.25,-9226.5,-7782.0,-7590.25,-8218.5,-7450.75
0.0,1.0;2.0,1.0::-6950.965,49.12914130126843
-6939.0,-7013.5,-6911.75,-6941.75,-6987.25,-7104.5,-6896.75,-6913.0,-6894.25,-6929.25,-6872.5,-6912.25,-7028.0,-6952.0,-7035.0,-6982.25,-7012.5,-6902.0,-6910.0,-6867.0,-6915.0,-6943.0,-6997.25,-7019.25,-6996.75,-6931.75,-6941.0,-7002.0,-6953.0,-6852.25,-6916.0,-6927.5,-6928.0,-6972.5,-6936.0,-6957.25,-6875.25,-6967.25,-6949.0,-6900.5,-6983.0,-6905.25,-7022.0,-6969.25,-7008.5,-6950.0,-6829.5,-6975.0,-7004.5,-7095.0,-6895.25,-6862.25,-6929.25,-6936.0,-6961.0,-6972.75,-6950.0,-6976.0,-6975.25,-6979.5,-6981.0,-6969.75,-6959.75,-7007.75,-6977.5,-6866.75,-6935.0,-7004.25,-6938.0,-6969.25,-7043.25,-6928.75,-6897.25,-6966.0,-6928.5,-6876.0,-6982.25,-7006.75,-6929.0,-6944.0,-6960.5,-6979.25,-6931.75,-6901.5,-6926.0,-6945.0,-6952.5,-6962.75,-6891.0,-6978.75,-6874.0,-6908.75,-7004.5,-6970.0,-6969.5,-6989.75,-6929.0,-6888.25,-6979.25,-6979.5
2.0,1.0;0.0,1.0::-7029.6775,43.43035077857419
-7083.25,-7055.5,-6992.25,-7075.0,-7098.25,-7071.75,-6979.75,-7029.5,-7062.0,-7002.25,-6995.75,-7088.0,-7049.25,-6996.0,-6935.0,-7106.0,-7042.75,-7035.0,-6980.25,-6976.5,-7005.5,-7073.75,-7030.5,-6970.0,-7009.0,-7016.25,-7004.25,-7058.75,-7028.0,-6999.5,-7021.0,-7094.75,-7033.75,-7066.25,-6957.0,-7040.25,-7009.5,-6991.75,-7051.25,-7003.5,-7025.5,-7070.25,-7091.0,-7053.0,-7101.75,-7036.5,-6975.5,-7041.75,-7081.0,-7075.75,-6973.0,-6967.5,-6930.75,-7031.25,-7080.5,-7027.5,-7080.5,-7057.25,-7069.0,-7042.75,-7074.25,-7022.25,-6999.25,-7113.5,-6995.25,-6996.0,-7037.75,-7095.0,-6999.0,-7069.5,-7014.75,-6978.0,-6932.5,-7039.75,-7047.0,-7014.25,-6990.5,-7062.25,-7021.75,-7097.5,-7006.75,-7012.75,-6922.75,-7024.5,-7044.0,-7030.5,-7009.25,-6974.25,-6944.25,-7029.75,-6969.5,-7000.75,-7023.25,-7090.75,-7047.25,-7082.0,-7074.0,-7070.75,-7040.25,-7040.0
2.0,0.0;2.0,0.0::-3064.0525,128.48680036778097
-3211.5,-3130.25,-3086.75,-3121.0,-2875.5,-3149.75,-3296.75,-3041.0,-3055.75,-3159.5,-2895.5,-2880.75,-3119.25,-2929.5,-3217.75,-2979.25,-2947.0,-3062.0,-3068.75,-3156.75,-3019.0,-3232.75,-2772.0,-3121.75,-3062.25,-2818.5,-3088.5,-2985.0,-3030.75,-3082.5,-3119.75,-3273.25,-3047.0,-3064.75,-3124.25,-3064.75,-2989.5,-2981.5,-2992.0,-2878.75,-3311.25,-3148.25,-3005.5,-3013.75,-2925.5,-2876.5,-3293.25,-3167.75,-3100.75,-3148.25,-2857.25,-3106.25,-2933.25,-3009.25,-3052.0,-3115.5,-3093.75,-2904.25,-3182.0,-3225.25,-3059.75,-3314.25,-2740.75,-3216.75,-2958.75,-3032.75,-3233.25,-3112.25,-3161.25,-3127.25,-3111.5,-3230.5,-3101.75,-3062.25,-3093.25,-3173.0,-3066.0,-2883.5,-3021.5,-2867.0,-3042.5,-3273.75,-3061.5,-2801.25,-3111.75,-2880.25,-2854.5,-3136.0,-3045.0,-3190.75,-3327.75,-2916.5,-3208.0,-3200.5,-3050.0,-3173.75,-2947.75,-3000.5,-2946.75,-3067.0
2.0,0.0;2.0,0.0::-3054.7525,136.67740986991961
-3174.0,-3139.75,-3144.75,-2890.5,-3081.0,-2971.75,-3317.0,-3094.25,-2983.25,-3198.5,-3030.75,-3045.5,-3082.0,-3128.75,-2923.0,-2996.5,-3204.75,-3331.75,-2854.75,-3066.5,-3061.25,-3257.25,-2725.25,-2793.5,-3136.25,-2953.75,-2912.0,-3243.75,-3082.5,-3088.5,-3018.25,-3038.0,-3113.0,-2908.25,-3107.25,-3010.0,-3046.75,-3005.25,-3203.75,-2747.75,-3107.25,-3069.5,-2995.0,-2912.5,-3069.5,-2882.0,-2990.5,-3058.25,-3268.25,-2926.5,-3025.0,-3232.5,-2954.5,-3131.5,-2992.5,-3006.0,-3256.0,-2868.0,-3129.25,-3064.0,-3114.0,-3076.75,-2979.25,-3292.5,-2799.75,-2945.75,-3287.0,-3144.0,-3243.5,-2925.5,-3059.5,-3067.0,-3113.25,-3023.5,-2992.5,-3193.25,-2821.75,-3020.75,-2979.0,-3081.25,-3263.25,-3177.75,-3101.25,-2927.0,-3100.5,-2861.75,-2843.5,-3213.75,-3071.0,-2939.0,-3302.5,-2949.25,-3295.75,-3253.75,-2854.25,-3057.75,-3116.0,-3013.75,-2789.75,-3134.25
2.0,0.0;2.0,1.0::-11605.7425,43.997165462674985
-11554.5,-11657.5,-11613.25,-11648.25,-11615.0,-11621.25,-11548.25,-11623.0,-11578.0,-11596.0,-11570.5,-11556.5,-11511.25,-11615.5,-11668.75,-11566.25,-11578.75,-11587.0,-11535.25,-11587.75,-11671.25,-11578.75,-11683.5,-11575.5,-11616.25,-11650.0,-11638.25,-11579.5,-11615.75,-11617.75,-11605.0,-11553.0,-11674.0,-11690.75,-11550.25,-11600.25,-11579.5,-11624.5,-11664.75,-11553.25,-11616.0,-11566.5,-11584.5,-11533.5,-11673.5,-11568.75,-11521.5,-11665.0,-11557.75,-11682.75,-11663.0,-11677.75,-11587.25,-11630.0,-11610.75,-11534.0,-11648.25,-11646.75,-11612.75,-11632.0,-11631.5,-11642.5,-11596.25,-11561.75,-11638.5,-11575.25,-11638.5,-11608.0,-11584.25,-11626.0,-11557.0,-11692.0,-11574.25,-11591.5,-11622.75,-11592.5,-11527.75,-11676.25,-11585.75,-11644.5,-11650.5,-11564.75,-11547.0,-11570.75,-11594.5,-11570.25,-11641.5,-11618.25,-11652.0,-11566.0,-11598.5,-11628.25,-11641.0,-11664.75,-11509.5,-11642.75,-11587.75,-11617.5,-11569.5,-11606.0
2.0,1.0;2.0,0.0::-3903.7075,123.39005761709491
-3812.5,-4036.75,-4012.25,-4076.25,-3540.25,-3888.75,-4003.0,-3944.75,-3940.25,-3966.25,-3637.0,-3939.75,-3963.0,-3996.25,-4028.25,-3880.5,-4090.75,-3939.5,-3851.0,-4018.5,-3918.5,-3510.5,-3664.25,-3854.75,-4091.75,-4093.75,-3682.0,-3636.25,-4004.25,-3796.0,-3770.25,-4034.0,-4012.0,-3973.25,-3811.25,-4116.0,-3856.25,-3860.75,-3977.25,-3753.25,-3984.75,-3781.25,-3944.75,-3742.75,-3864.0,-3781.75,-3886.75,-3809.25,-3952.25,-4000.5,-3979.0,-3989.0,-3895.25,-3965.25,-3998.25,-3860.5,-4081.75,-3723.0,-3842.25,-3757.0,-4051.75,-3790.5,-4012.75,-4030.75,-4050.25,-3764.25,-3970.5,-3863.5,-3848.75,-3919.75,-3837.5,-3897.75,-3875.25,-3946.0,-3837.75,-3925.75,-3732.0,-4007.0,-3718.0,-4060.75,-3909.0,-4038.75,-3916.25,-3898.0,-3866.0,-3893.0,-4050.0,-3963.25,-3676.5,-3971.5,-4016.0,-3840.5,-3992.75,-3930.5,-3857.5,-3914.0,-3804.0,-3922.75,-3902.0,-4047.0
2.0,1.0;2.0,1.0::-12462.735,42.191110141829654
-12486.75,-12484.5,-12437.0,-12549.5,-12454.0,-12408.5,-12483.0,-12443.0,-12466.75,-12499.25,-12415.25,-12449.25,-12501.0,-12393.5,-12462.0,-12494.5,-12460.0,-12377.0,-12452.25,-12475.5,-12375.25,-12481.0,-12507.0,-12508.5,-12444.0,-12463.0,-12424.5,-12434.0,-12425.25,-12535.25,-12470.25,-12460.25,-12492.0,-12500.5,-12409.75,-12541.5,-12461.25,-12485.0,-12479.0,-12434.5,-12533.75,-12482.75,-12387.5,-12488.75,-12459.25,-12482.25,-12487.5,-12483.5,-12483.5,-12458.25,-12502.0,-12428.0,-12470.75,-12442.5,-12449.5,-12464.25,-12433.75,-12402.0,-12463.75,-12467.0,-12423.75,-12428.25,-12476.25,-12470.75,-12498.5,-12472.75,-12448.25,-12452.5,-12508.0,-12341.25,-12414.75,-12466.5,-12431.0,-12450.75,-12452.0,-12533.0,-12544.0,-12428.25,-12546.75,-12458.25,-12583.25,-12459.0,-12375.25,-12437.0,-12454.75,-12456.0,-12422.5,-12491.25,-12443.75,-12435.25,-12560.5,-12472.0,-12492.0,-12426.0,-12451.0,-12403.25,-12513.0,-12431.5,-12463.75,-12462.25
2.0,1.0;2.0,1.0::-12454.795,40.63525839711125
-12480.5,-12466.25,-12434.0,-12481.0,-12521.5,-12415.75,-12459.5,-12507.75,-12440.0,-12413.0,-12455.75,-12424.5,-12524.0,-12408.75,-12431.0,-12536.0,-12468.75,-12444.5,-12493.0,-12458.75,-12394.0,-12505.5,-12380.5,-12445.0,-12405.0,-12427.25,-12449.25,-12448.0,-12443.0,-12465.0,-12464.0,-12482.25,-12461.5,-12422.75,-12376.0,-12447.75,-12387.75,-12446.5,-12466.25,-12422.75,-12538.0,-12465.25,-12456.0,-12473.0,-12436.5,-12416.25,-12416.5,-12431.5,-12470.0,-12415.5,-12470.75,-12448.5,-12491.0,-12453.25,-12374.75,-12442.5,-12398.75,-12460.75,-12484.25,-12467.25,-12507.75,-12500.5,-12466.25,-12414.0,-12446.75,-12494.5,-12431.0,-12440.5,-12470.25,-12414.25,-12404.0,-12404.5,-12418.0,-12541.25,-12460.25,-12571.75,-12544.25,-12445.5,-12461.75,-12503.5,-12513.25,-12417.5,-12416.0,-12472.5,-12476.75,-12464.5,-12525.5,-12503.5,-12377.75,-12427.5,-12492.0,-12465.0,-12434.0,-12480.75,-12384.25,-12462.25,-12440.5,-12500.0,-12434.75,-12436.25
