2.0,4.0;2.0,4.0::-3000.0,0.0
-3000.0
2.0,4.0;2.0,4.0::-3000.0,0.0
-3000.0
2.0,4.0;3.0,0.0::-2501.5,0.0
-2501.5
3.0,0.0;2.0,4.0::-501.5,0.0
-501.5
2.0,4.0;3.0,1.0::-751.5,0.0
-751.5
3.0,1.0;2.0,4.0::-751.5,0.0
-751.5
2.0,4.0;3.0,2.0::-751.5,0.0
-751.5
3.0,2.0;2.0,4.0::-751.5,0.0
-751.5
2.0,4.0;3.0,3.0::998.5,0.0
998.5
3.0,3.0;2.0,4.0::-1001.5,0.0
-1001.5
2.0,4.0;3.0,4.0::-2501.5,0.0
-2501.5
3.0,4.0;2.0,4.0::-501.5,0.0
-501.5
2.0,4.0;4.0,0.0::-3500.5,0.0
-3500.5
4.0,0.0;2.0,4.0::497.5,0.0
497.5
2.0,4.0;4.0,1.0::-1750.5,0.0
-1750.5
4.0,1.0;2.0,4.0::247.5,0.0
247.5
2.0,4.0;4.0,2.0::-1750.5,0.0
-1750.5
4.0,2.0;2.0,4.0::247.5,0.0
247.5
2.0,4.0;4.0,3.0::-0.5,0.0
-0.5
4.0,3.0;2.0,4.0::-2.5,0.0
-2.5
2.0,4.0;4.0,4.0::-3500.5,0.0
-3500.5
4.0,4.0;2.0,4.0::497.5,0.0
497.5
