3.0,2.0;3.0,2.0::-3000.0,0.0
-3000.0
3.0,2.0;3.0,2.0::-3000.0,0.0
-3000.0
3.0,2.0;3.0,3.0::-500.0,0.0
-500.0
3.0,3.0;3.0,2.0::-2500.0,0.0
-2500.0
3.0,2.0;3.0,4.0::-501.5,0.0
-501.5
3.0,4.0;3.0,2.0::-2501.5,0.0
-2501.5
3.0,2.0;4.0,0.0::-3500.0,0.0
-3500.0
4.0,0.0;3.0,2.0::500.0,0.0
500.0
3.0,2.0;4.0,1.0::-1000.0,0.0
-1000.0
4.0,1.0;3.0,2.0::1000.0,0.0
1000.0
3.0,2.0;4.0,2.0::-3500.0,0.0
-3500.0
4.0,2.0;3.0,2.0::500.0,0.0
500.0
3.0,2.0;4.0,3.0::-1000.0,0.0
-1000.0
4.0,3.0;3.0,2.0::1000.0,0.0
1000.0
3.0,2.0;4.0,4.0::-1001.5,0.0
-1001.5
4.0,4.0;3.0,2.0::998.5,0.0
998.5
