0.0,4.0;0.0,4.0::-3.0,0.0
-3.0
0.0,4.0;0.0,4.0::-3.0,0.0
-3.0
0.0,4.0;1.0,0.0::-1501.5,0.0
-1501.5
1.0,0.0;0.0,4.0::-1501.5,0.0
-1501.5
0.0,4.0;1.0,1.0::-1501.5,0.0
-1501.5
1.0,1.0;0.0,4.0::-1501.5,0.0
-1501.5
0.0,4.0;1.0,2.0::998.5,0.0
998.5
1.0,2.0;0.0,4.0::-1001.5,0.0
-1001.5
0.0,4.0;1.0,3.0::998.5,0.0
998.5
1.0,3.0;0.0,4.0::-1001.5,0.0
-1001.5
0.0,4.0;1.0,4.0::996.0,0.0
996.0
1.0,4.0;0.0,4.0::-1002.0,0.0
-1002.0
0.0,4.0;2.0,0.0::-2000.0,0.0
-2000.0
2.0,0.0;0.0,4.0::-4000.0,0.0
-4000.0
0.0,4.0;2.0,1.0::-2000.0,0.0
-2000.0
2.0,1.0;0.0,4.0::-4000.0,0.0
-4000.0
0.0,4.0;2.0,2.0::500.0,0.0
500.0
2.0,2.0;0.0,4.0::-3500.0,0.0
-3500.0
0.0,4.0;2.0,3.0::500.0,0.0
500.0
2.0,3.0;0.0,4.0::-3500.0,0.0
-3500.0
0.0,4.0;2.0,4.0::497.5,0.0
497.5
2.0,4.0;0.0,4.0::-3500.5,0.0
-3500.5
0.0,4.0;3.0,0.0::-1501.5,0.0
-1501.5
3.0,0.0;0.0,4.0::-1501.5,0.0
-1501.5
0.0,4.0;3.0,1.0::-1501.5,0.0
-1501.5
3.0,1.0;0.0,4.0::-1501.5,0.0
-1501.5
0.0,4.0;3.0,2.0::998.5,0.0
998.5
3.0,2.0;0.0,4.0::-1001.5,0.0
-1001.5
0.0,4.0;3.0,3.0::998.5,0.0
998.5
3.0,3.0;0.0,4.0::-1001.5,0.0
-1001.5
0.0,4.0;3.0,4.0::996.0,0.0
996.0
3.0,4.0;0.0,4.0::-1002.0,0.0
-1002.0
0.0,4.0;4.0,0.0::-2500.5,0.0
-2500.5
4.0,0.0;0.0,4.0::-502.5,0.0
-502.5
0.0,4.0;4.0,1.0::-2500.5,0.0
-2500.5
4.0,1.0;0.0,4.0::-502.5,0.0
-502.5
0.0,4.0;4.0,2.0::-0.5,0.0
-0.5
4.0,2.0;0.0,4.0::-2.5,0.0
-2.5
0.0,4.0;4.0,3.0::-0.5,0.0
-0.5
4.0,3.0;0.0,4.0::-2.5,0.0
-2.5
0.0,4.0;4.0,4.0::-3.0,0.0
-3.0
4.0,4.0;0.0,4.0::-3.0,0.0
-3.0
