1.0,3.0;1.0,3.0::0.0,0.0
0.0
1.0,3.0;1.0,3.0::0.0,0.0
0.0
1.0,3.0;1.0,4.0::-1.5,0.0
-1.5
1.0,4.0;1.0,3.0::-1.5,0.0
-1.5
1.0,3.0;2.0,0.0::-2500.0,0.0
-2500.0
2.0,0.0;1.0,3.0::-500.0,0.0
-500.0
1.0,3.0;2.0,1.0::-1750.0,0.0
-1750.0
2.0,1.0;1.0,3.0::250.0,0.0
250.0
1.0,3.0;2.0,2.0::-1750.0,0.0
-1750.0
2.0,2.0;1.0,3.0::250.0,0.0
250.0
1.0,3.0;2.0,3.0::-1000.0,0.0
-1000.0
2.0,3.0;1.0,3.0::1000.0,0.0
1000.0
1.0,3.0;2.0,4.0::-1001.5,0.0
-1001.5
2.0,4.0;1.0,3.0::998.5,0.0
998.5
1.0,3.0;3.0,0.0::-1500.0,0.0
-1500.0
3.0,0.0;1.0,3.0::-1500.0,0.0
-1500.0
1.0,3.0;3.0,1.0::-750.0,0.0
-750.0
3.0,1.0;1.0,3.0::-750.0,0.0
-750.0
1.0,3.0;3.0,2.0::-750.0,0.0
-750.0
3.0,2.0;1.0,3.0::-750.0,0.0
-750.0
1.0,3.0;3.0,3.0::0.0,0.0
0.0
3.0,3.0;1.0,3.0::0.0,0.0
0.0
1.0,3.0;3.0,4.0::-1.5,0.0
-1.5
3.0,4.0;1.0,3.0::-1.5,0.0
-1.5
1.0,3.0;4.0,0.0::-2500.0,0.0
-2500.0
4.0,0.0;1.0,3.0::-500.0,0.0
-500.0
1.0,3.0;4.0,1.0::-1750.0,0.0
-1750.0
4.0,1.0;1.0,3.0::250.0,0.0
250.0
1.0,3.0;4.0,2.0::-1750.0,0.0
-1750.0
4.0,2.0;1.0,3.0::250.0,0.0
250.0
1.0,3.0;4.0,3.0::-1000.0,0.0
-1000.0
4.0,3.0;1.0,3.0::1000.0,0.0
1000.0
1.0,3.0;4.0,4.0::-1001.5,0.0
-1001.5
4.0,4.0;1.0,3.0::998.5,0.0
998.5
