1.0,4.0;1.0,4.0::-3.0,0.0
-3.0
1.0,4.0;1.0,4.0::-3.0,0.0
-3.0
1.0,4.0;2.0,0.0::-2000.0,0.0
-2000.0
2.0,0.0;1.0,4.0::-4000.0,0.0
-4000.0
1.0,4.0;2.0,1.0::-1250.0,0.0
-1250.0
2.0,1.0;1.0,4.0::-3250.0,0.0
-3250.0
1.0,4.0;2.0,2.0::-1250.0,0.0
-1250.0
2.0,2.0;1.0,4.0::-3250.0,0.0
-3250.0
1.0,4.0;2.0,3.0::-500.0,0.0
-500.0
2.0,3.0;1.0,4.0::-2500.0,0.0
-2500.0
1.0,4.0;2.0,4.0::-501.5,0.0
-501.5
2.0,4.0;1.0,4.0::-2501.5,0.0
-2501.5
1.0,4.0;3.0,0.0::-1501.5,0.0
-1501.5
3.0,0.0;1.0,4.0::-1501.5,0.0
-1501.5
1.0,4.0;3.0,1.0::-751.5,0.0
-751.5
3.0,1.0;1.0,4.0::-751.5,0.0
-751.5
1.0,4.0;3.0,2.0::-751.5,0.0
-751.5
3.0,2.0;1.0,4.0::-751.5,0.0
-751.5
1.0,4.0;3.0,3.0::-1.5,0.0
-1.5
3.0,3.0;1.0,4.0::-1.5,0.0
-1.5
1.0,4.0;3.0,4.0::-3.0,0.0
-3.0
3.0,4.0;1.0,4.0::-3.0,0.0
-3.0
1.0,4.0;4.0,0.0::-2500.5,0.0
-2500.5
4.0,0.0;1.0,4.0::-502.5,0.0
-502.5
1.0,4.0;4.0,1.0::-1750.5,0.0
-1750.5
4.0,1.0;1.0,4.0::247.5,0.0
247.5
1.0,4.0;4.0,2.0::-1750.5,0.0
-1750.5
4.0,2.0;1.0,4.0::247.5,0.0
247.5
1.0,4.0;4.0,3.0::-1000.5,0.0
-1000.5
4.0,3.0;1.0,4.0::997.5,0.0
997.5
1.0,4.0;4.0,4.0::-1002.0,0.0
-1002.0
4.0,4.0;1.0,4.0::996.0,0.0
996.0
