0.0,0.0,0.0,0.0;0.0,0.0,0.0,0.0::-1549.89,215.8470243019347
-1549.89
0.0,0.0,0.0,0.0;0.0,0.0,0.0,0.0::-1539.67,243.47082186578328
-1539.67
0.0,0.0,0.0,0.0;0.0,0.0,0.0,10.0::-1446.93,592.7470667156439
-1446.93
0.0,0.0,0.0,10.0;0.0,0.0,0.0,0.0::-1489.91,213.47782531213872
-1489.91
0.0,0.0,0.0,0.0;0.0,0.0,10.0,0.0::-1880.215,135.6112505472905
-1880.215
0.0,0.0,10.0,0.0;0.0,0.0,0.0,0.0::-1480.045,175.74502973057298
-1480.045
0.0,0.0,0.0,0.0;0.0,0.0,10.0,10.0::-1592.945,402.8271148706353
-1592.945
0.0,0.0,10.0,10.0;0.0,0.0,0.0,0.0::-1477.115,206.11053897120345
-1477.115
0.0,0.0,0.0,0.0;0.0,10.0,0.0,0.0::-1577.035,319.71252911795636
-1577.035
0.0,10.0,0.0,0.0;0.0,0.0,0.0,0.0::-1553.945,463.0999994331678
-1553.945
0.0,0.0,0.0,0.0;0.0,10.0,0.0,10.0::-1364.715,599.2523811175056
-1364.715
0.0,10.0,0.0,10.0;0.0,0.0,0.0,0.0::-1572.265,436.982879841991
-1572.265
0.0,0.0,0.0,0.0;0.0,10.0,10.0,0.0::-1807.585,192.43838046242226
-1807.585
0.0,10.0,10.0,0.0;0.0,0.0,0.0,0.0::-1724.955,401.57710402237825
-1724.955
0.0,0.0,0.0,0.0;0.0,10.0,10.0,10.0::-1713.11,371.1753263620846
-1713.11
0.0,10.0,10.0,10.0;0.0,0.0,0.0,0.0::-1647.25,413.50447700115654
-1647.25
0.0,0.0,0.0,0.0;10.0,0.0,0.0,0.0::-1531.635,286.6027377311668
-1531.635
10.0,0.0,0.0,0.0;0.0,0.0,0.0,0.0::-1620.065,300.4739560677431
-1620.065
0.0,0.0,0.0,0.0;10.0,0.0,0.0,10.0::-1452.33,619.214236835685
-1452.33
10.0,0.0,0.0,10.0;0.0,0.0,0.0,0.0::-1614.79,286.63355682822623
-1614.79
0.0,0.0,0.0,0.0;10.0,0.0,10.0,0.0::-1890.685,205.99184031169779
-1890.685
10.0,0.0,10.0,0.0;0.0,0.0,0.0,0.0::-1627.135,277.7292193396294
-1627.135
0.0,0.0,0.0,0.0;10.0,0.0,10.0,10.0::-1715.6,381.31938057224426
-1715.6
10.0,0.0,10.0,10.0;0.0,0.0,0.0,0.0::-1621.12,288.0569658939009
-1621.12
0.0,0.0,0.0,0.0;10.0,10.0,0.0,0.0::-1376.435,262.7195049382515
-1376.435
10.0,10.0,0.0,0.0;0.0,0.0,0.0,0.0::-1871.305,244.60176711340418
-1871.305
0.0,0.0,0.0,0.0;10.0,10.0,0.0,10.0::-1353.335,581.2433872957179
-1353.335
10.0,10.0,0.0,10.0;0.0,0.0,0.0,0.0::-1796.285,297.7995236312509
-1796.285
0.0,0.0,0.0,0.0;10.0,10.0,10.0,0.0::-1712.775,183.64119057281238
-1712.775
10.0,10.0,10.0,0.0;0.0,0.0,0.0,0.0::-1886.805,238.48488311630985
-1886.805
0.0,0.0,0.0,0.0;10.0,10.0,10.0,10.0::-1641.25,369.6195307339697
-1641.25
10.0,10.0,10.0,10.0;0.0,0.0,0.0,0.0::-1802.87,289.97276268642884
-1802.87
