0.0,0.0,0.0,10.0;0.0,0.0,0.0,10.0::-1345.41,630.1252271572691
-1345.41
0.0,0.0,0.0,10.0;0.0,0.0,0.0,10.0::-1358.43,625.3397837176203
-1358.43
0.0,0.0,0.0,10.0;0.0,0.0,10.0,0.0::-1801.67,137.7947970715876
-1801.67
0.0,0.0,10.0,0.0;0.0,0.0,0.0,10.0::-1310.61,605.076344687181
-1310.61
0.0,0.0,0.0,10.0;0.0,0.0,10.0,10.0::-1577.07,380.42993454774285
-1577.07
0.0,0.0,10.0,10.0;0.0,0.0,0.0,10.0::-1394.25,628.4870225390497
-1394.25
0.0,0.0,0.0,10.0;0.0,10.0,0.0,0.0::-1412.47,278.7231405893669
-1412.47
0.0,10.0,0.0,0.0;0.0,0.0,0.0,10.0::-1691.25,602.216213249029
-1691.25
0.0,0.0,0.0,10.0;0.0,10.0,0.0,10.0::-1355.465,637.4899891566923
-1355.465
0.0,10.0,0.0,10.0;0.0,0.0,0.0,10.0::-1457.755,639.3469421800655
-1457.755
0.0,0.0,0.0,10.0;0.0,10.0,10.0,0.0::-1754.59,185.2387699700038
-1754.59
0.0,10.0,10.0,0.0;0.0,0.0,0.0,10.0::-1587.81,646.4293881778582
-1587.81
0.0,0.0,0.0,10.0;0.0,10.0,10.0,10.0::-1580.185,407.4068215862371
-1580.185
0.0,10.0,10.0,10.0;0.0,0.0,0.0,10.0::-1655.155,589.129950414168
-1655.155
0.0,0.0,0.0,10.0;10.0,0.0,0.0,0.0::-1531.11,216.94018276935233
-1531.11
10.0,0.0,0.0,0.0;0.0,0.0,0.0,10.0::-1515.17,419.7232732408342
-1515.17
0.0,0.0,0.0,10.0;10.0,0.0,0.0,10.0::-1538.315,572.9390092104045
-1538.315
10.0,0.0,0.0,10.0;0.0,0.0,0.0,10.0::-1484.905,431.30632788657306
-1484.905
0.0,0.0,0.0,10.0;10.0,0.0,10.0,0.0::-1910.26,99.06658064150595
-1910.26
10.0,0.0,10.0,0.0;0.0,0.0,0.0,10.0::-1489.22,432.0463014539066
-1489.22
0.0,0.0,0.0,10.0;10.0,0.0,10.0,10.0::-1752.13,335.83579782387704
-1752.13
10.0,0.0,10.0,10.0;0.0,0.0,0.0,10.0::-1494.63,429.34958146014304
-1494.63
0.0,0.0,0.0,10.0;10.0,10.0,0.0,0.0::-1403.865,229.18481466929697
-1403.865
10.0,10.0,0.0,0.0;0.0,0.0,0.0,10.0::-1675.315,542.569192154328
-1675.315
0.0,0.0,0.0,10.0;10.0,10.0,0.0,10.0::-1341.785,651.1592787290986
-1341.785
10.0,10.0,0.0,10.0;0.0,0.0,0.0,10.0::-1519.075,532.2346821421918
-1519.075
0.0,0.0,0.0,10.0;10.0,10.0,10.0,0.0::-1803.575,141.33690910374403
-1803.575
10.0,10.0,10.0,0.0;0.0,0.0,0.0,10.0::-1522.485,546.637125774494
-1522.485
0.0,0.0,0.0,10.0;10.0,10.0,10.0,10.0::-1640.385,366.7843157429173
-1640.385
10.0,10.0,10.0,10.0;0.0,0.0,0.0,10.0::-1633.835,517.858335140992
-1633.835
