10.0,0.0,10.0,0.0;10.0,0.0,10.0,0.0::-1873.35,109.7533712466273
-1873.35
10.0,0.0,10.0,0.0;10.0,0.0,10.0,0.0::-1889.81,105.77272285424066
-1889.81
10.0,0.0,10.0,0.0;10.0,0.0,10.0,10.0::-1587.535,406.73895962275355
-1587.535
10.0,0.0,10.0,10.0;10.0,0.0,10.0,0.0::-1911.125,90.17722481314226
-1911.125
10.0,0.0,10.0,0.0;10.0,10.0,0.0,0.0::-1432.985,283.46529289315123
-1432.985
10.0,10.0,0.0,0.0;10.0,0.0,10.0,0.0::-2072.475,216.69152469582195
-2072.475
10.0,0.0,10.0,0.0;10.0,10.0,0.0,10.0::-1318.215,440.5991333116759
-1318.215
10.0,10.0,0.0,10.0;10.0,0.0,10.0,0.0::-2060.205,138.8033157925271
-2060.205
10.0,0.0,10.0,0.0;10.0,10.0,10.0,0.0::-1720.96,124.61863183328566
-1720.96
10.0,10.0,10.0,0.0;10.0,0.0,10.0,0.0::-2034.44,130.33576408645476
-2034.44
10.0,0.0,10.0,0.0;10.0,10.0,10.0,10.0::-1441.385,429.87840056811416
-1441.385
10.0,10.0,10.0,10.0;10.0,0.0,10.0,0.0::-2065.155,136.05573664862501
-2065.155
