10.0,0.0,10.0,10.0;10.0,0.0,10.0,10.0::-1676.145,382.14960614267284
-1676.145
10.0,0.0,10.0,10.0;10.0,0.0,10.0,10.0::-1688.315,376.2613231186539
-1688.315
10.0,0.0,10.0,10.0;10.0,10.0,0.0,0.0::-1550.74,331.930418009558
-1550.74
10.0,10.0,0.0,0.0;10.0,0.0,10.0,10.0::-1685.34,570.1148957885595
-1685.34
10.0,0.0,10.0,10.0;10.0,10.0,0.0,10.0::-1369.615,460.0598703158102
-1369.615
10.0,10.0,0.0,10.0;10.0,0.0,10.0,10.0::-1763.605,495.5625858304882
-1763.605
10.0,0.0,10.0,10.0;10.0,10.0,10.0,0.0::-1784.685,173.14653699973326
-1784.685
10.0,10.0,10.0,0.0;10.0,0.0,10.0,10.0::-1769.775,477.70918127559577
-1769.775
10.0,0.0,10.0,10.0;10.0,10.0,10.0,10.0::-1519.46,408.24626562897055
-1519.46
10.0,10.0,10.0,10.0;10.0,0.0,10.0,10.0::-1793.22,484.8176323113671
-1793.22
