10.0,10.0,0.0,0.0;10.0,10.0,0.0,0.0::-1740.625,336.24558268473953
-1740.625
10.0,10.0,0.0,0.0;10.0,10.0,0.0,0.0::-1728.995,355.2118698396776
-1728.995
10.0,10.0,0.0,0.0;10.0,10.0,0.0,10.0::-1494.79,532.5402763172003
-1494.79
10.0,10.0,0.0,10.0;10.0,10.0,0.0,0.0::-1779.25,313.35935840501077
-1779.25
10.0,10.0,0.0,0.0;10.0,10.0,10.0,0.0::-1924.85,223.65792518933904
-1924.85
10.0,10.0,10.0,0.0;10.0,10.0,0.0,0.0::-1674.91,333.27466435359287
-1674.91
10.0,10.0,0.0,0.0;10.0,10.0,10.0,10.0::-1580.665,527.7884711463486
-1580.665
10.0,10.0,10.0,10.0;10.0,10.0,0.0,0.0::-1705.035,364.76016952924004
-1705.035
