0.0,0.0,10.0,0.0;0.0,0.0,10.0,0.0::-1839.355,116.37098639695375
-1839.355
0.0,0.0,10.0,0.0;0.0,0.0,10.0,0.0::-1846.905,105.8370609710984
-1846.905
0.0,0.0,10.0,0.0;0.0,0.0,10.0,10.0::-1686.65,332.3691133363629
-1686.65
0.0,0.0,10.0,10.0;0.0,0.0,10.0,0.0::-1855.67,72.17050020610914
-1855.67
0.0,0.0,10.0,0.0;0.0,10.0,0.0,0.0::-1380.91,283.53150953641824
-1380.91
0.0,10.0,0.0,0.0;0.0,0.0,10.0,0.0::-1945.21,286.59044104784806
-1945.21
0.0,0.0,10.0,0.0;0.0,10.0,0.0,10.0::-1301.665,623.6022372273852
-1301.665
0.0,10.0,0.0,10.0;0.0,0.0,10.0,0.0::-1901.635,294.8750061890631
-1901.635
0.0,0.0,10.0,0.0;0.0,10.0,10.0,0.0::-1786.8,192.41665728309493
-1786.8
0.0,10.0,10.0,0.0;0.0,0.0,10.0,0.0::-1915.88,277.520009368694
-1915.88
0.0,0.0,10.0,0.0;0.0,10.0,10.0,10.0::-1537.85,382.80804915779925
-1537.85
0.0,10.0,10.0,10.0;0.0,0.0,10.0,0.0::-1955.15,265.2451366189397
-1955.15
0.0,0.0,10.0,0.0;10.0,0.0,0.0,0.0::-1529.535,215.11164839450237
-1529.535
10.0,0.0,0.0,0.0;0.0,0.0,10.0,0.0::-1879.845,138.98810551626352
-1879.845
0.0,0.0,10.0,0.0;10.0,0.0,0.0,10.0::-1428.685,608.9501402208557
-1428.685
10.0,0.0,0.0,10.0;0.0,0.0,10.0,0.0::-1815.575,93.56186122026432
-1815.575
0.0,0.0,10.0,0.0;10.0,0.0,10.0,0.0::-1891.41,100.13521808035372
-1891.41
10.0,0.0,10.0,0.0;0.0,0.0,10.0,0.0::-1849.27,78.33694594506478
-1849.27
0.0,0.0,10.0,0.0;10.0,0.0,10.0,10.0::-1717.41,329.76058269599173
-1717.41
10.0,0.0,10.0,10.0;0.0,0.0,10.0,0.0::-1859.99,71.2751702909225
-1859.99
0.0,0.0,10.0,0.0;10.0,10.0,0.0,0.0::-1360.265,255.34677846998576
-1360.265
10.0,10.0,0.0,0.0;0.0,0.0,10.0,0.0::-2021.035,162.95004226756126
-2021.035
0.0,0.0,10.0,0.0;10.0,10.0,0.0,10.0::-1284.265,652.680160779382
-1284.265
10.0,10.0,0.0,10.0;0.0,0.0,10.0,0.0::-1966.515,147.36050106795915
-1966.515
0.0,0.0,10.0,0.0;10.0,10.0,10.0,0.0::-1716.135,189.98712923511425
-1716.135
10.0,10.0,10.0,0.0;0.0,0.0,10.0,0.0::-1982.005,155.43026563382048
-1982.005
0.0,0.0,10.0,0.0;10.0,10.0,10.0,10.0::-1552.785,382.6617517795578
-1552.785
10.0,10.0,10.0,10.0;0.0,0.0,10.0,0.0::-1979.275,156.477752012866
-1979.275
