0.0,0.0,10.0,10.0;0.0,0.0,10.0,10.0::-1645.99,353.40904048991166
-1645.99
0.0,0.0,10.0,10.0;0.0,0.0,10.0,10.0::-1665.61,349.4710830669685
-1665.61
0.0,0.0,10.0,10.0;0.0,10.0,0.0,0.0::-1443.64,280.3819723163384
-1443.64
0.0,10.0,0.0,0.0;0.0,0.0,10.0,10.0::-1890.6,342.9217111820132
-1890.6
0.0,0.0,10.0,10.0;0.0,10.0,0.0,10.0::-1347.83,631.660075594461
-1347.83
0.0,10.0,0.0,10.0;0.0,0.0,10.0,10.0::-1806.05,323.51413802181816
-1806.05
0.0,0.0,10.0,10.0;0.0,10.0,10.0,0.0::-1809.66,199.27065614384878
-1809.66
0.0,10.0,10.0,0.0;0.0,0.0,10.0,10.0::-1862.7,294.4913241506446
-1862.7
0.0,0.0,10.0,10.0;0.0,10.0,10.0,10.0::-1596.865,381.0169081221987
-1596.865
0.0,10.0,10.0,10.0;0.0,0.0,10.0,10.0::-1873.955,284.3406240321632
-1873.955
0.0,0.0,10.0,10.0;10.0,0.0,0.0,0.0::-1580.03,209.83839996530668
-1580.03
10.0,0.0,0.0,0.0;0.0,0.0,10.0,10.0::-1566.17,425.1538146365384
-1566.17
0.0,0.0,10.0,10.0;10.0,0.0,0.0,10.0::-1397.315,615.327781166266
-1397.315
10.0,0.0,0.0,10.0;0.0,0.0,10.0,10.0::-1538.065,408.25178906527765
-1538.065
0.0,0.0,10.0,10.0;10.0,0.0,10.0,0.0::-1904.17,103.08433974178622
-1904.17
10.0,0.0,10.0,0.0;0.0,0.0,10.0,10.0::-1630.63,381.7819444394928
-1630.63
0.0,0.0,10.0,10.0;10.0,0.0,10.0,10.0::-1762.21,325.72971295231883
-1762.21
10.0,0.0,10.0,10.0;0.0,0.0,10.0,10.0::-1603.63,379.8335860610538
-1603.63
0.0,0.0,10.0,10.0;10.0,10.0,0.0,0.0::-1438.83,244.6305502180788
-1438.83
10.0,10.0,0.0,0.0;0.0,0.0,10.0,10.0::-1709.73,508.6506090628419
-1709.73
0.0,0.0,10.0,10.0;10.0,10.0,0.0,10.0::-1324.85,593.754879979946
-1324.85
10.0,10.0,0.0,10.0;0.0,0.0,10.0,10.0::-1717.55,491.9019185772708
-1717.55
0.0,0.0,10.0,10.0;10.0,10.0,10.0,0.0::-1777.265,150.7845889837552
-1777.265
10.0,10.0,10.0,0.0;0.0,0.0,10.0,10.0::-1742.795,483.7687882397954
-1742.795
0.0,0.0,10.0,10.0;10.0,10.0,10.0,10.0::-1602.57,363.6068276311653
-1602.57
10.0,10.0,10.0,10.0;0.0,0.0,10.0,10.0::-1605.71,523.0149576254967
-1605.71
