0.0,10.0,0.0,0.0;0.0,10.0,0.0,0.0::-1634.785,474.8558584191627
-1634.785
0.0,10.0,0.0,0.0;0.0,10.0,0.0,0.0::-1610.235,483.8227229833258
-1610.235
0.0,10.0,0.0,0.0;0.0,10.0,0.0,10.0::-1693.81,599.5337512600938
-1693.81
0.0,10.0,0.0,10.0;0.0,10.0,0.0,0.0::-1507.95,492.39528074505336
-1507.95
0.0,10.0,0.0,0.0;0.0,10.0,10.0,0.0::-1885.735,373.7916696169137
-1885.735
0.0,10.0,10.0,0.0;0.0,10.0,0.0,0.0::-1511.645,491.8371645931202
-1511.645
0.0,10.0,0.0,0.0;0.0,10.0,10.0,10.0::-1822.875,344.2206151220464
-1822.875
0.0,10.0,10.0,10.0;0.0,10.0,0.0,0.0::-1546.985,449.8597640098522
-1546.985
0.0,10.0,0.0,0.0;10.0,0.0,0.0,0.0::-1662.075,446.39859080758754
-1662.075
10.0,0.0,0.0,0.0;0.0,10.0,0.0,0.0::-1614.065,326.5584224530121
-1614.065
0.0,10.0,0.0,0.0;10.0,0.0,0.0,10.0::-1721.81,623.1872422474646
-1721.81
10.0,0.0,0.0,10.0;0.0,10.0,0.0,0.0::-1506.99,306.5932727572476
-1506.99
0.0,10.0,0.0,0.0;10.0,0.0,10.0,0.0::-1976.565,286.04614710742044
-1976.565
10.0,0.0,10.0,0.0;0.0,10.0,0.0,0.0::-1541.695,294.93081303078515
-1541.695
0.0,10.0,0.0,0.0;10.0,0.0,10.0,10.0::-1930.755,337.6480082497156
-1930.755
10.0,0.0,10.0,10.0;0.0,10.0,0.0,0.0::-1547.145,319.08659714096416
-1547.145
0.0,10.0,0.0,0.0;10.0,10.0,0.0,0.0::-1484.58,488.0304996616502
-1484.58
10.0,10.0,0.0,0.0;0.0,10.0,0.0,0.0::-1864.38,348.6152615706891
-1864.38
0.0,10.0,0.0,0.0;10.0,10.0,0.0,10.0::-1532.82,601.6446605763239
-1532.82
10.0,10.0,0.0,10.0;0.0,10.0,0.0,0.0::-1813.46,312.6005092766165
-1813.46
0.0,10.0,0.0,0.0;10.0,10.0,10.0,0.0::-1797.23,293.76465427276986
-1797.23
10.0,10.0,10.0,0.0;0.0,10.0,0.0,0.0::-1835.93,263.32964151420555
-1835.93
0.0,10.0,0.0,0.0;10.0,10.0,10.0,10.0::-1786.53,348.0125415843515
-1786.53
10.0,10.0,10.0,10.0;0.0,10.0,0.0,0.0::-1757.39,350.50523234325624
-1757.39
