0.0,10.0,0.0,10.0;0.0,10.0,0.0,10.0::-1573.905,603.6315461231296
-1573.905
0.0,10.0,0.0,10.0;0.0,10.0,0.0,10.0::-1622.995,586.5614737391129
-1622.995
0.0,10.0,0.0,10.0;0.0,10.0,10.0,0.0::-1786.905,365.21192953544113
-1786.905
0.0,10.0,10.0,0.0;0.0,10.0,0.0,10.0::-1565.715,652.0040117016152
-1565.715
0.0,10.0,0.0,10.0;0.0,10.0,10.0,10.0::-1773.63,305.228517835408
-1773.63
0.0,10.0,10.0,10.0;0.0,10.0,0.0,10.0::-1511.73,688.8780095924096
-1511.73
0.0,10.0,0.0,10.0;10.0,0.0,0.0,0.0::-1698.14,436.14056266300196
-1698.14
10.0,0.0,0.0,0.0;0.0,10.0,0.0,10.0::-1476.54,497.495887822201
-1476.54
0.0,10.0,0.0,10.0;10.0,0.0,0.0,10.0::-1604.895,695.0953650219516
-1604.895
10.0,0.0,0.0,10.0;0.0,10.0,0.0,10.0::-1332.245,464.99037352938814
-1332.245
0.0,10.0,0.0,10.0;10.0,0.0,10.0,0.0::-1937.29,300.53213788212406
-1937.29
10.0,0.0,10.0,0.0;0.0,10.0,0.0,10.0::-1423.51,492.7200725564162
-1423.51
0.0,10.0,0.0,10.0;10.0,0.0,10.0,10.0::-1891.86,300.0232414330597
-1891.86
10.0,0.0,10.0,10.0;0.0,10.0,0.0,10.0::-1540.66,477.3538827746142
-1540.66
0.0,10.0,0.0,10.0;10.0,10.0,0.0,0.0::-1664.025,403.806633025016
-1664.025
10.0,10.0,0.0,0.0;0.0,10.0,0.0,10.0::-1499.555,559.4815273760162
-1499.555
0.0,10.0,0.0,10.0;10.0,10.0,0.0,10.0::-1509.39,633.7968467103635
-1509.39
10.0,10.0,0.0,10.0;0.0,10.0,0.0,10.0::-1581.85,569.1475665414025
-1581.85
0.0,10.0,0.0,10.0;10.0,10.0,10.0,0.0::-1859.33,333.6030816704186
-1859.33
10.0,10.0,10.0,0.0;0.0,10.0,0.0,10.0::-1492.75,561.3302971513297
-1492.75
0.0,10.0,0.0,10.0;10.0,10.0,10.0,10.0::-1819.105,313.3299721938519
-1819.105
10.0,10.0,10.0,10.0;0.0,10.0,0.0,10.0::-1551.795,549.9450976915787
-1551.795
