0.0,10.0,10.0,0.0;0.0,10.0,10.0,0.0::-1844.55,356.9729856725855
-1844.55
0.0,10.0,10.0,0.0;0.0,10.0,10.0,0.0::-1820.73,383.5002504562416
-1820.73
0.0,10.0,10.0,0.0;0.0,10.0,10.0,10.0::-1739.285,362.6011049004125
-1739.285
0.0,10.0,10.0,10.0;0.0,10.0,10.0,0.0::-1881.295,312.1212832778309
-1881.295
0.0,10.0,10.0,0.0;10.0,0.0,0.0,0.0::-1626.415,444.8561174975567
-1626.415
10.0,0.0,0.0,0.0;0.0,10.0,10.0,0.0::-1847.805,213.39264156713557
-1847.805
0.0,10.0,10.0,0.0;10.0,0.0,0.0,10.0::-1495.765,701.5500283479433
-1495.765
10.0,0.0,0.0,10.0;0.0,10.0,10.0,0.0::-1767.055,180.49394581259503
-1767.055
0.0,10.0,10.0,0.0;10.0,0.0,10.0,0.0::-1942.035,275.9910528894007
-1942.035
10.0,0.0,10.0,0.0;0.0,10.0,10.0,0.0::-1779.905,183.90631711553576
-1779.905
0.0,10.0,10.0,0.0;10.0,0.0,10.0,10.0::-1919.895,302.8835609190436
-1919.895
10.0,0.0,10.0,10.0;0.0,10.0,10.0,0.0::-1782.285,175.65324157270769
-1782.285
0.0,10.0,10.0,0.0;10.0,10.0,0.0,0.0::-1477.985,434.82481216577327
-1477.985
10.0,10.0,0.0,0.0;0.0,10.0,10.0,0.0::-1989.875,224.61527524859034
-1989.875
0.0,10.0,10.0,0.0;10.0,10.0,0.0,10.0::-1351.975,655.4399414706124
-1351.975
10.0,10.0,0.0,10.0;0.0,10.0,10.0,0.0::-1911.405,211.92872262862343
-1911.405
0.0,10.0,10.0,0.0;10.0,10.0,10.0,0.0::-1768.525,324.095459510003
-1768.525
10.0,10.0,10.0,0.0;0.0,10.0,10.0,0.0::-1946.415,210.35705425537796
-1946.415
0.0,10.0,10.0,0.0;10.0,10.0,10.0,10.0::-1761.62,303.70810921014277
-1761.62
10.0,10.0,10.0,10.0;0.0,10.0,10.0,0.0::-1927.94,210.68667826894037
-1927.94
