0.0,10.0,10.0,10.0;0.0,10.0,10.0,10.0::-1843.055,335.5190597790237
-1843.055
0.0,10.0,10.0,10.0;0.0,10.0,10.0,10.0::-1803.925,364.41661168914897
-1803.925
0.0,10.0,10.0,10.0;10.0,0.0,0.0,0.0::-1693.38,419.2006030530015
-1693.38
10.0,0.0,0.0,0.0;0.0,10.0,10.0,10.0::-1554.74,476.17104321871574
-1554.74
0.0,10.0,10.0,10.0;10.0,0.0,0.0,10.0::-1555.375,671.9448279992934
-1555.375
10.0,0.0,0.0,10.0;0.0,10.0,10.0,10.0::-1574.405,383.94452525723045
-1574.405
0.0,10.0,10.0,10.0;10.0,0.0,10.0,0.0::-1961.265,299.0981900229421
-1961.265
10.0,0.0,10.0,0.0;0.0,10.0,10.0,10.0::-1520.515,394.4593290505372
-1520.515
0.0,10.0,10.0,10.0;10.0,0.0,10.0,10.0::-1929.025,282.4987555282324
-1929.025
10.0,0.0,10.0,10.0;0.0,10.0,10.0,10.0::-1572.675,413.2071658079031
-1572.675
0.0,10.0,10.0,10.0;10.0,10.0,0.0,0.0::-1541.495,461.36276125734287
-1541.495
10.0,10.0,0.0,0.0;0.0,10.0,10.0,10.0::-1664.405,534.205698654554
-1664.405
0.0,10.0,10.0,10.0;10.0,10.0,0.0,10.0::-1603.98,643.8315032677417
-1603.98
10.0,10.0,0.0,10.0;0.0,10.0,10.0,10.0::-1615.14,492.59385440746206
-1615.14
0.0,10.0,10.0,10.0;10.0,10.0,10.0,0.0::-1812.195,345.5824568391746
-1812.195
10.0,10.0,10.0,0.0;0.0,10.0,10.0,10.0::-1637.785,507.8588645234029
-1637.785
0.0,10.0,10.0,10.0;10.0,10.0,10.0,10.0::-1720.245,364.7120953231467
-1720.245
10.0,10.0,10.0,10.0;0.0,10.0,10.0,10.0::-1716.375,516.2874508207613
-1716.375
