10.0,0.0,0.0,0.0;10.0,0.0,0.0,0.0::-1659.26,326.5811497928195
-1659.26
10.0,0.0,0.0,0.0;10.0,0.0,0.0,0.0::-1650.9,332.54976319342046
-1650.9
10.0,0.0,0.0,0.0;10.0,0.0,0.0,10.0::-1549.565,481.0005855245918
-1549.565
10.0,0.0,0.0,10.0;10.0,0.0,0.0,0.0::-1682.295,281.31037214258566
-1682.295
10.0,0.0,0.0,0.0;10.0,0.0,10.0,0.0::-1910.31,186.64046694112184
-1910.31
10.0,0.0,10.0,0.0;10.0,0.0,0.0,0.0::-1616.01,281.28185135198476
-1616.01
10.0,0.0,0.0,0.0;10.0,0.0,10.0,10.0::-1642.17,435.475017767954
-1642.17
10.0,0.0,10.0,10.0;10.0,0.0,0.0,0.0::-1642.95,289.17817604376717
-1642.95
10.0,0.0,0.0,0.0;10.0,10.0,0.0,0.0::-1509.465,303.7032948043204
-1509.465
10.0,10.0,0.0,0.0;10.0,0.0,0.0,0.0::-1914.195,310.21753573097703
-1914.195
10.0,0.0,0.0,0.0;10.0,10.0,0.0,10.0::-1376.495,425.3839353748564
-1376.495
10.0,10.0,0.0,10.0;10.0,0.0,0.0,0.0::-1916.445,279.03132346566395
-1916.445
10.0,0.0,0.0,0.0;10.0,10.0,10.0,0.0::-1740.81,155.4583510140256
-1740.81
10.0,10.0,10.0,0.0;10.0,0.0,0.0,0.0::-1925.19,268.1009117850963
-1925.19
10.0,0.0,0.0,0.0;10.0,10.0,10.0,10.0::-1518.015,388.9128980568785
-1518.015
10.0,10.0,10.0,10.0;10.0,0.0,0.0,0.0::-1929.845,259.8305572387513
-1929.845
