10.0,0.0,0.0,10.0;10.0,0.0,0.0,10.0::-1616.235,413.096988944485
-1616.235
10.0,0.0,0.0,10.0;10.0,0.0,0.0,10.0::-1519.305,437.4249586786287
-1519.305
10.0,0.0,0.0,10.0;10.0,0.0,10.0,0.0::-1919.505,76.445715870806
-1919.505
10.0,0.0,10.0,0.0;10.0,0.0,0.0,10.0::-1478.715,439.7892236913042
-1478.715
10.0,0.0,0.0,10.0;10.0,0.0,10.0,10.0::-1615.06,408.07531339202575
-1615.06
10.0,0.0,10.0,10.0;10.0,0.0,0.0,10.0::-1583.86,417.6829484190132
-1583.86
10.0,0.0,0.0,10.0;10.0,10.0,0.0,0.0::-1572.135,304.63806274823895
-1572.135
10.0,10.0,0.0,0.0;10.0,0.0,0.0,10.0::-1632.365,551.6274959381558
-1632.365
10.0,0.0,0.0,10.0;10.0,10.0,0.0,10.0::-1421.46,429.63387715588715
-1421.46
10.0,10.0,0.0,10.0;10.0,0.0,0.0,10.0::-1628.1,550.4619423720409
-1628.1
10.0,0.0,0.0,10.0;10.0,10.0,10.0,0.0::-1797.72,128.31557426906525
-1797.72
10.0,10.0,10.0,0.0;10.0,0.0,0.0,10.0::-1566.36,547.9613448045401
-1566.36
10.0,0.0,0.0,10.0;10.0,10.0,10.0,10.0::-1576.245,404.7330014651635
-1576.245
10.0,10.0,10.0,10.0;10.0,0.0,0.0,10.0::-1674.455,535.2540849680645
-1674.455
