0.0,0.0,0.0,0.0;0.0,0.0,0.0,0.0::-1549.89,215.8470243019347
-1549.89
0.0,0.0,0.0,0.0;0.0,0.0,0.0,0.0::-1539.67,243.47082186578328
-1539.67
0.0,0.0,0.0,0.0;0.0,0.0,0.0,10.0::-1446.93,592.7470667156439
-1446.93
0.0,0.0,0.0,10.0;0.0,0.0,0.0,0.0::-1489.91,213.47782531213872
-1489.91
0.0,0.0,0.0,0.0;0.0,0.0,10.0,0.0::-1880.215,135.6112505472905
-1880.215
0.0,0.0,10.0,0.0;0.0,0.0,0.0,0.0::-1480.045,175.74502973057298
-1480.045
0.0,0.0,0.0,0.0;0.0,0.0,10.0,10.0::-1592.945,402.8271148706353
-1592.945
0.0,0.0,10.0,10.0;0.0,0.0,0.0,0.0::-1477.115,206.11053897120345
-1477.115
0.0,0.0,0.0,0.0;0.0,10.0,0.0,0.0::-1577.035,319.71252911795636
-1577.035
0.0,10.0,0.0,0.0;0.0,0.0,0.0,0.0::-1553.945,463.0999994331678
-1553.945
0.0,0.0,0.0,0.0;0.0,10.0,0.0,10.0::-1364.715,599.2523811175056
-1364.715
0.0,10.0,0.0,10.0;0.0,0.0,0.0,0.0::-1572.265,436.982879841991
-1572.265
0.0,0.0,0.0,0.0;0.0,10.0,10.0,0.0::-1807.585,192.43838046242226
-1807.585
0.0,10.0,10.0,0.0;0.0,0.0,0.0,0.0::-1724.955,401.57710402237825
-1724.955
0.0,0.0,0.0,0.0;0.0,10.0,10.0,10.0::-1713.11,371.1753263620846
-1713.11
0.0,10.0,10.0,10.0;0.0,0.0,0.0,0.0::-1647.25,413.50447700115654
-1647.25
0.0,0.0,0.0,0.0;10.0,0.0,0.0,0.0::-1531.635,286.6027377311668
-1531.635
10.0,0.0,0.0,0.0;0.0,0.0,0.0,0.0::-1620.065,300.4739560677431
-1620.065
0.0,0.0,0.0,0.0;10.0,0.0,0.0,10.0::-1452.33,619.214236835685
-1452.33
10.0,0.0,0.0,10.0;0.0,0.0,0.0,0.0::-1614.79,286.63355682822623
-1614.79
0.0,0.0,0.0,0.0;10.0,0.0,10.0,0.0::-1890.685,205.99184031169779
-1890.685
10.0,0.0,10.0,0.0;0.0,0.0,0.0,0.0::-1627.135,277.7292193396294
-1627.135
0.0,0.0,0.0,0.0;10.0,0.0,10.0,10.0::-1715.6,381.31938057224426
-1715.6
10.0,0.0,10.0,10.0;0.0,0.0,0.0,0.0::-1621.12,288.0569658939009
-1621.12
0.0,0.0,0.0,0.0;10.0,10.0,0.0,0.0::-1376.435,262.7195049382515
-1376.435
10.0,10.0,0.0,0.0;0.0,0.0,0.0,0.0::-1871.305,244.60176711340418
-1871.305
0.0,0.0,0.0,0.0;10.0,10.0,0.0,10.0::-1353.335,581.2433872957179
-1353.335
10.0,10.0,0.0,10.0;0.0,0.0,0.0,0.0::-1796.285,297.7995236312509
-1796.285
0.0,0.0,0.0,0.0;10.0,10.0,10.0,0.0::-1712.775,183.64119057281238
-1712.775
10.0,10.0,10.0,0.0;0.0,0.0,0.0,0.0::-1886.805,238.48488311630985
-1886.805
0.0,0.0,0.0,0.0;10.0,10.0,10.0,10.0::-1641.25,369.6195307339697
-1641.25
10.0,10.0,10.0,10.0;0.0,0.0,0.0,0.0::-1802.87,289.97276268642884
-1802.87
0.0,0.0,0.0,10.0;0.0,0.0,0.0,10.0::-1345.41,630.1252271572691
-1345.41
0.0,0.0,0.0,10.0;0.0,0.0,0.0,10.0::-1358.43,625.3397837176203
-1358.43
0.0,0.0,0.0,10.0;0.0,0.0,10.0,0.0::-1801.67,137.7947970715876
-1801.67
0.0,0.0,10.0,0.0;0.0,0.0,0.0,10.0::-1310.61,605.076344687181
-1310.61
0.0,0.0,0.0,10.0;0.0,0.0,10.0,10.0::-1577.07,380.42993454774285
-1577.07
0.0,0.0,10.0,10.0;0.0,0.0,0.0,10.0::-1394.25,628.4870225390497
-1394.25
0.0,0.0,0.0,10.0;0.0,10.0,0.0,0.0::-1412.47,278.7231405893669
-1412.47
0.0,10.0,0.0,0.0;0.0,0.0,0.0,10.0::-1691.25,602.216213249029
-1691.25
0.0,0.0,0.0,10.0;0.0,10.0,0.0,10.0::-1355.465,637.4899891566923
-1355.465
0.0,10.0,0.0,10.0;0.0,0.0,0.0,10.0::-1457.755,639.3469421800655
-1457.755
0.0,0.0,0.0,10.0;0.0,10.0,10.0,0.0::-1754.59,185.2387699700038
-1754.59
0.0,10.0,10.0,0.0;0.0,0.0,0.0,10.0::-1587.81,646.4293881778582
-1587.81
0.0,0.0,0.0,10.0;0.0,10.0,10.0,10.0::-1580.185,407.4068215862371
-1580.185
0.0,10.0,10.0,10.0;0.0,0.0,0.0,10.0::-1655.155,589.129950414168
-1655.155
0.0,0.0,0.0,10.0;10.0,0.0,0.0,0.0::-1531.11,216.94018276935233
-1531.11
10.0,0.0,0.0,0.0;0.0,0.0,0.0,10.0::-1515.17,419.7232732408342
-1515.17
0.0,0.0,0.0,10.0;10.0,0.0,0.0,10.0::-1538.315,572.9390092104045
-1538.315
10.0,0.0,0.0,10.0;0.0,0.0,0.0,10.0::-1484.905,431.30632788657306
-1484.905
0.0,0.0,0.0,10.0;10.0,0.0,10.0,0.0::-1910.26,99.06658064150595
-1910.26
10.0,0.0,10.0,0.0;0.0,0.0,0.0,10.0::-1489.22,432.0463014539066
-1489.22
0.0,0.0,0.0,10.0;10.0,0.0,10.0,10.0::-1752.13,335.83579782387704
-1752.13
10.0,0.0,10.0,10.0;0.0,0.0,0.0,10.0::-1494.63,429.34958146014304
-1494.63
0.0,0.0,0.0,10.0;10.0,10.0,0.0,0.0::-1403.865,229.18481466929697
-1403.865
10.0,10.0,0.0,0.0;0.0,0.0,0.0,10.0::-1675.315,542.569192154328
-1675.315
0.0,0.0,0.0,10.0;10.0,10.0,0.0,10.0::-1341.785,651.1592787290986
-1341.785
10.0,10.0,0.0,10.0;0.0,0.0,0.0,10.0::-1519.075,532.2346821421918
-1519.075
0.0,0.0,0.0,10.0;10.0,10.0,10.0,0.0::-1803.575,141.33690910374403
-1803.575
10.0,10.0,10.0,0.0;0.0,0.0,0.0,10.0::-1522.485,546.637125774494
-1522.485
0.0,0.0,0.0,10.0;10.0,10.0,10.0,10.0::-1640.385,366.7843157429173
-1640.385
10.0,10.0,10.0,10.0;0.0,0.0,0.0,10.0::-1633.835,517.858335140992
-1633.835
0.0,0.0,10.0,0.0;0.0,0.0,10.0,0.0::-1839.355,116.37098639695375
-1839.355
0.0,0.0,10.0,0.0;0.0,0.0,10.0,0.0::-1846.905,105.8370609710984
-1846.905
0.0,0.0,10.0,0.0;0.0,0.0,10.0,10.0::-1686.65,332.3691133363629
-1686.65
0.0,0.0,10.0,10.0;0.0,0.0,10.0,0.0::-1855.67,72.17050020610914
-1855.67
0.0,0.0,10.0,0.0;0.0,10.0,0.0,0.0::-1380.91,283.53150953641824
-1380.91
0.0,10.0,0.0,0.0;0.0,0.0,10.0,0.0::-1945.21,286.59044104784806
-1945.21
0.0,0.0,10.0,0.0;0.0,10.0,0.0,10.0::-1301.665,623.6022372273852
-1301.665
0.0,10.0,0.0,10.0;0.0,0.0,10.0,0.0::-1901.635,294.8750061890631
-1901.635
0.0,0.0,10.0,0.0;0.0,10.0,10.0,0.0::-1786.8,192.41665728309493
-1786.8
0.0,10.0,10.0,0.0;0.0,0.0,10.0,0.0::-1915.88,277.520009368694
-1915.88
0.0,0.0,10.0,0.0;0.0,10.0,10.0,10.0::-1537.85,382.80804915779925
-1537.85
0.0,10.0,10.0,10.0;0.0,0.0,10.0,0.0::-1955.15,265.2451366189397
-1955.15
0.0,0.0,10.0,0.0;10.0,0.0,0.0,0.0::-1529.535,215.11164839450237
-1529.535
10.0,0.0,0.0,0.0;0.0,0.0,10.0,0.0::-1879.845,138.98810551626352
-1879.845
0.0,0.0,10.0,0.0;10.0,0.0,0.0,10.0::-1428.685,608.9501402208557
-1428.685
10.0,0.0,0.0,10.0;0.0,0.0,10.0,0.0::-1815.575,93.56186122026432
-1815.575
0.0,0.0,10.0,0.0;10.0,0.0,10.0,0.0::-1891.41,100.13521808035372
-1891.41
10.0,0.0,10.0,0.0;0.0,0.0,10.0,0.0::-1849.27,78.33694594506478
-1849.27
0.0,0.0,10.0,0.0;10.0,0.0,10.0,10.0::-1717.41,329.76058269599173
-1717.41
10.0,0.0,10.0,10.0;0.0,0.0,10.0,0.0::-1859.99,71.2751702909225
-1859.99
0.0,0.0,10.0,0.0;10.0,10.0,0.0,0.0::-1360.265,255.34677846998576
-1360.265
10.0,10.0,0.0,0.0;0.0,0.0,10.0,0.0::-2021.035,162.95004226756126
-2021.035
0.0,0.0,10.0,0.0;10.0,10.0,0.0,10.0::-1284.265,652.680160779382
-1284.265
10.0,10.0,0.0,10.0;0.0,0.0,10.0,0.0::-1966.515,147.36050106795915
-1966.515
0.0,0.0,10.0,0.0;10.0,10.0,10.0,0.0::-1716.135,189.98712923511425
-1716.135
10.0,10.0,10.0,0.0;0.0,0.0,10.0,0.0::-1982.005,155.43026563382048
-1982.005
0.0,0.0,10.0,0.0;10.0,10.0,10.0,10.0::-1552.785,382.6617517795578
-1552.785
10.0,10.0,10.0,10.0;0.0,0.0,10.0,0.0::-1979.275,156.477752012866
-1979.275
0.0,0.0,10.0,10.0;0.0,0.0,10.0,10.0::-1645.99,353.40904048991166
-1645.99
0.0,0.0,10.0,10.0;0.0,0.0,10.0,10.0::-1665.61,349.4710830669685
-1665.61
0.0,0.0,10.0,10.0;0.0,10.0,0.0,0.0::-1443.64,280.3819723163384
-1443.64
0.0,10.0,0.0,0.0;0.0,0.0,10.0,10.0::-1890.6,342.9217111820132
-1890.6
0.0,0.0,10.0,10.0;0.0,10.0,0.0,10.0::-1347.83,631.660075594461
-1347.83
0.0,10.0,0.0,10.0;0.0,0.0,10.0,10.0::-1806.05,323.51413802181816
-1806.05
0.0,0.0,10.0,10.0;0.0,10.0,10.0,0.0::-1809.66,199.27065614384878
-1809.66
0.0,10.0,10.0,0.0;0.0,0.0,10.0,10.0::-1862.7,294.4913241506446
-1862.7
0.0,0.0,10.0,10.0;0.0,10.0,10.0,10.0::-1596.865,381.0169081221987
-1596.865
0.0,10.0,10.0,10.0;0.0,0.0,10.0,10.0::-1873.955,284.3406240321632
-1873.955
0.0,0.0,10.0,10.0;10.0,0.0,0.0,0.0::-1580.03,209.83839996530668
-1580.03
10.0,0.0,0.0,0.0;0.0,0.0,10.0,10.0::-1566.17,425.1538146365384
-1566.17
0.0,0.0,10.0,10.0;10.0,0.0,0.0,10.0::-1397.315,615.327781166266
-1397.315
10.0,0.0,0.0,10.0;0.0,0.0,10.0,10.0::-1538.065,408.25178906527765
-1538.065
0.0,0.0,10.0,10.0;10.0,0.0,10.0,0.0::-1904.17,103.08433974178622
-1904.17
10.0,0.0,10.0,0.0;0.0,0.0,10.0,10.0::-1630.63,381.7819444394928
-1630.63
0.0,0.0,10.0,10.0;10.0,0.0,10.0,10.0::-1762.21,325.72971295231883
-1762.21
10.0,0.0,10.0,10.0;0.0,0.0,10.0,10.0::-1603.63,379.8335860610538
-1603.63
0.0,0.0,10.0,10.0;10.0,10.0,0.0,0.0::-1438.83,244.6305502180788
-1438.83
10.0,10.0,0.0,0.0;0.0,0.0,10.0,10.0::-1709.73,508.6506090628419
-1709.73
0.0,0.0,10.0,10.0;10.0,10.0,0.0,10.0::-1324.85,593.754879979946
-1324.85
10.0,10.0,0.0,10.0;0.0,0.0,10.0,10.0::-1717.55,491.9019185772708
-1717.55
0.0,0.0,10.0,10.0;10.0,10.0,10.0,0.0::-1777.265,150.7845889837552
-1777.265
10.0,10.0,10.0,0.0;0.0,0.0,10.0,10.0::-1742.795,483.7687882397954
-1742.795
0.0,0.0,10.0,10.0;10.0,10.0,10.0,10.0::-1602.57,363.6068276311653
-1602.57
10.0,10.0,10.0,10.0;0.0,0.0,10.0,10.0::-1605.71,523.0149576254967
-1605.71
0.0,10.0,0.0,0.0;0.0,10.0,0.0,0.0::-1634.785,474.8558584191627
-1634.785
0.0,10.0,0.0,0.0;0.0,10.0,0.0,0.0::-1610.235,483.8227229833258
-1610.235
0.0,10.0,0.0,0.0;0.0,10.0,0.0,10.0::-1693.81,599.5337512600938
-1693.81
0.0,10.0,0.0,10.0;0.0,10.0,0.0,0.0::-1507.95,492.39528074505336
-1507.95
0.0,10.0,0.0,0.0;0.0,10.0,10.0,0.0::-1885.735,373.7916696169137
-1885.735
0.0,10.0,10.0,0.0;0.0,10.0,0.0,0.0::-1511.645,491.8371645931202
-1511.645
0.0,10.0,0.0,0.0;0.0,10.0,10.0,10.0::-1822.875,344.2206151220464
-1822.875
0.0,10.0,10.0,10.0;0.0,10.0,0.0,0.0::-1546.985,449.8597640098522
-1546.985
0.0,10.0,0.0,0.0;10.0,0.0,0.0,0.0::-1662.075,446.39859080758754
-1662.075
10.0,0.0,0.0,0.0;0.0,10.0,0.0,0.0::-1614.065,326.5584224530121
-1614.065
0.0,10.0,0.0,0.0;10.0,0.0,0.0,10.0::-1721.81,623.1872422474646
-1721.81
10.0,0.0,0.0,10.0;0.0,10.0,0.0,0.0::-1506.99,306.5932727572476
-1506.99
0.0,10.0,0.0,0.0;10.0,0.0,10.0,0.0::-1976.565,286.04614710742044
-1976.565
10.0,0.0,10.0,0.0;0.0,10.0,0.0,0.0::-1541.695,294.93081303078515
-1541.695
0.0,10.0,0.0,0.0;10.0,0.0,10.0,10.0::-1930.755,337.6480082497156
-1930.755
10.0,0.0,10.0,10.0;0.0,10.0,0.0,0.0::-1547.145,319.08659714096416
-1547.145
0.0,10.0,0.0,0.0;10.0,10.0,0.0,0.0::-1484.58,488.0304996616502
-1484.58
10.0,10.0,0.0,0.0;0.0,10.0,0.0,0.0::-1864.38,348.6152615706891
-1864.38
0.0,10.0,0.0,0.0;10.0,10.0,0.0,10.0::-1532.82,601.6446605763239
-1532.82
10.0,10.0,0.0,10.0;0.0,10.0,0.0,0.0::-1813.46,312.6005092766165
-1813.46
0.0,10.0,0.0,0.0;10.0,10.0,10.0,0.0::-1797.23,293.76465427276986
-1797.23
10.0,10.0,10.0,0.0;0.0,10.0,0.0,0.0::-1835.93,263.32964151420555
-1835.93
0.0,10.0,0.0,0.0;10.0,10.0,10.0,10.0::-1786.53,348.0125415843515
-1786.53
10.0,10.0,10.0,10.0;0.0,10.0,0.0,0.0::-1757.39,350.50523234325624
-1757.39
0.0,10.0,0.0,10.0;0.0,10.0,0.0,10.0::-1573.905,603.6315461231296
-1573.905
0.0,10.0,0.0,10.0;0.0,10.0,0.0,10.0::-1622.995,586.5614737391129
-1622.995
0.0,10.0,0.0,10.0;0.0,10.0,10.0,0.0::-1786.905,365.21192953544113
-1786.905
0.0,10.0,10.0,0.0;0.0,10.0,0.0,10.0::-1565.715,652.0040117016152
-1565.715
0.0,10.0,0.0,10.0;0.0,10.0,10.0,10.0::-1773.63,305.228517835408
-1773.63
0.0,10.0,10.0,10.0;0.0,10.0,0.0,10.0::-1511.73,688.8780095924096
-1511.73
0.0,10.0,0.0,10.0;10.0,0.0,0.0,0.0::-1698.14,436.14056266300196
-1698.14
10.0,0.0,0.0,0.0;0.0,10.0,0.0,10.0::-1476.54,497.495887822201
-1476.54
0.0,10.0,0.0,10.0;10.0,0.0,0.0,10.0::-1604.895,695.0953650219516
-1604.895
10.0,0.0,0.0,10.0;0.0,10.0,0.0,10.0::-1332.245,464.99037352938814
-1332.245
0.0,10.0,0.0,10.0;10.0,0.0,10.0,0.0::-1937.29,300.53213788212406
-1937.29
10.0,0.0,10.0,0.0;0.0,10.0,0.0,10.0::-1423.51,492.7200725564162
-1423.51
0.0,10.0,0.0,10.0;10.0,0.0,10.0,10.0::-1891.86,300.0232414330597
-1891.86
10.0,0.0,10.0,10.0;0.0,10.0,0.0,10.0::-1540.66,477.3538827746142
-1540.66
0.0,10.0,0.0,10.0;10.0,10.0,0.0,0.0::-1664.025,403.806633025016
-1664.025
10.0,10.0,0.0,0.0;0.0,10.0,0.0,10.0::-1499.555,559.4815273760162
-1499.555
0.0,10.0,0.0,10.0;10.0,10.0,0.0,10.0::-1509.39,633.7968467103635
-1509.39
10.0,10.0,0.0,10.0;0.0,10.0,0.0,10.0::-1581.85,569.1475665414025
-1581.85
0.0,10.0,0.0,10.0;10.0,10.0,10.0,0.0::-1859.33,333.6030816704186
-1859.33
10.0,10.0,10.0,0.0;0.0,10.0,0.0,10.0::-1492.75,561.3302971513297
-1492.75
0.0,10.0,0.0,10.0;10.0,10.0,10.0,10.0::-1819.105,313.3299721938519
-1819.105
10.0,10.0,10.0,10.0;0.0,10.0,0.0,10.0::-1551.795,549.9450976915787
-1551.795
0.0,10.0,10.0,0.0;0.0,10.0,10.0,0.0::-1844.55,356.9729856725855
-1844.55
0.0,10.0,10.0,0.0;0.0,10.0,10.0,0.0::-1820.73,383.5002504562416
-1820.73
0.0,10.0,10.0,0.0;0.0,10.0,10.0,10.0::-1739.285,362.6011049004125
-1739.285
0.0,10.0,10.0,10.0;0.0,10.0,10.0,0.0::-1881.295,312.1212832778309
-1881.295
0.0,10.0,10.0,0.0;10.0,0.0,0.0,0.0::-1626.415,444.8561174975567
-1626.415
10.0,0.0,0.0,0.0;0.0,10.0,10.0,0.0::-1847.805,213.39264156713557
-1847.805
0.0,10.0,10.0,0.0;10.0,0.0,0.0,10.0::-1495.765,701.5500283479433
-1495.765
10.0,0.0,0.0,10.0;0.0,10.0,10.0,0.0::-1767.055,180.49394581259503
-1767.055
0.0,10.0,10.0,0.0;10.0,0.0,10.0,0.0::-1942.035,275.9910528894007
-1942.035
10.0,0.0,10.0,0.0;0.0,10.0,10.0,0.0::-1779.905,183.90631711553576
-1779.905
0.0,10.0,10.0,0.0;10.0,0.0,10.0,10.0::-1919.895,302.8835609190436
-1919.895
10.0,0.0,10.0,10.0;0.0,10.0,10.0,0.0::-1782.285,175.65324157270769
-1782.285
0.0,10.0,10.0,0.0;10.0,10.0,0.0,0.0::-1477.985,434.82481216577327
-1477.985
10.0,10.0,0.0,0.0;0.0,10.0,10.0,0.0::-1989.875,224.61527524859034
-1989.875
0.0,10.0,10.0,0.0;10.0,10.0,0.0,10.0::-1351.975,655.4399414706124
-1351.975
10.0,10.0,0.0,10.0;0.0,10.0,10.0,0.0::-1911.405,211.92872262862343
-1911.405
0.0,10.0,10.0,0.0;10.0,10.0,10.0,0.0::-1768.525,324.095459510003
-1768.525
10.0,10.0,10.0,0.0;0.0,10.0,10.0,0.0::-1946.415,210.35705425537796
-1946.415
0.0,10.0,10.0,0.0;10.0,10.0,10.0,10.0::-1761.62,303.70810921014277
-1761.62
10.0,10.0,10.0,10.0;0.0,10.0,10.0,0.0::-1927.94,210.68667826894037
-1927.94
0.0,10.0,10.0,10.0;0.0,10.0,10.0,10.0::-1843.055,335.5190597790237
-1843.055
0.0,10.0,10.0,10.0;0.0,10.0,10.0,10.0::-1803.925,364.41661168914897
-1803.925
0.0,10.0,10.0,10.0;10.0,0.0,0.0,0.0::-1693.38,419.2006030530015
-1693.38
10.0,0.0,0.0,0.0;0.0,10.0,10.0,10.0::-1554.74,476.17104321871574
-1554.74
0.0,10.0,10.0,10.0;10.0,0.0,0.0,10.0::-1555.375,671.9448279992934
-1555.375
10.0,0.0,0.0,10.0;0.0,10.0,10.0,10.0::-1574.405,383.94452525723045
-1574.405
0.0,10.0,10.0,10.0;10.0,0.0,10.0,0.0::-1961.265,299.0981900229421
-1961.265
10.0,0.0,10.0,0.0;0.0,10.0,10.0,10.0::-1520.515,394.4593290505372
-1520.515
0.0,10.0,10.0,10.0;10.0,0.0,10.0,10.0::-1929.025,282.4987555282324
-1929.025
10.0,0.0,10.0,10.0;0.0,10.0,10.0,10.0::-1572.675,413.2071658079031
-1572.675
0.0,10.0,10.0,10.0;10.0,10.0,0.0,0.0::-1541.495,461.36276125734287
-1541.495
10.0,10.0,0.0,0.0;0.0,10.0,10.0,10.0::-1664.405,534.205698654554
-1664.405
0.0,10.0,10.0,10.0;10.0,10.0,0.0,10.0::-1603.98,643.8315032677417
-1603.98
10.0,10.0,0.0,10.0;0.0,10.0,10.0,10.0::-1615.14,492.59385440746206
-1615.14
0.0,10.0,10.0,10.0;10.0,10.0,10.0,0.0::-1812.195,345.5824568391746
-1812.195
10.0,10.0,10.0,0.0;0.0,10.0,10.0,10.0::-1637.785,507.8588645234029
-1637.785
0.0,10.0,10.0,10.0;10.0,10.0,10.0,10.0::-1720.245,364.7120953231467
-1720.245
10.0,10.0,10.0,10.0;0.0,10.0,10.0,10.0::-1716.375,516.2874508207613
-1716.375
10.0,0.0,0.0,0.0;10.0,0.0,0.0,0.0::-1659.26,326.5811497928195
-1659.26
10.0,0.0,0.0,0.0;10.0,0.0,0.0,0.0::-1650.9,332.54976319342046
-1650.9
10.0,0.0,0.0,0.0;10.0,0.0,0.0,10.0::-1549.565,481.0005855245918
-1549.565
10.0,0.0,0.0,10.0;10.0,0.0,0.0,0.0::-1682.295,281.31037214258566
-1682.295
10.0,0.0,0.0,0.0;10.0,0.0,10.0,0.0::-1910.31,186.64046694112184
-1910.31
10.0,0.0,10.0,0.0;10.0,0.0,0.0,0.0::-1616.01,281.28185135198476
-1616.01
10.0,0.0,0.0,0.0;10.0,0.0,10.0,10.0::-1642.17,435.475017767954
-1642.17
10.0,0.0,10.0,10.0;10.0,0.0,0.0,0.0::-1642.95,289.17817604376717
-1642.95
10.0,0.0,0.0,0.0;10.0,10.0,0.0,0.0::-1509.465,303.7032948043204
-1509.465
10.0,10.0,0.0,0.0;10.0,0.0,0.0,0.0::-1914.195,310.21753573097703
-1914.195
10.0,0.0,0.0,0.0;10.0,10.0,0.0,10.0::-1376.495,425.3839353748564
-1376.495
10.0,10.0,0.0,10.0;10.0,0.0,0.0,0.0::-1916.445,279.03132346566395
-1916.445
10.0,0.0,0.0,0.0;10.0,10.0,10.0,0.0::-1740.81,155.4583510140256
-1740.81
10.0,10.0,10.0,0.0;10.0,0.0,0.0,0.0::-1925.19,268.1009117850963
-1925.19
10.0,0.0,0.0,0.0;10.0,10.0,10.0,10.0::-1518.015,388.9128980568785
-1518.015
10.0,10.0,10.0,10.0;10.0,0.0,0.0,0.0::-1929.845,259.8305572387513
-1929.845
10.0,0.0,0.0,10.0;10.0,0.0,0.0,10.0::-1616.235,413.096988944485
-1616.235
10.0,0.0,0.0,10.0;10.0,0.0,0.0,10.0::-1519.305,437.4249586786287
-1519.305
10.0,0.0,0.0,10.0;10.0,0.0,10.0,0.0::-1919.505,76.445715870806
-1919.505
10.0,0.0,10.0,0.0;10.0,0.0,0.0,10.0::-1478.715,439.7892236913042
-1478.715
10.0,0.0,0.0,10.0;10.0,0.0,10.0,10.0::-1615.06,408.07531339202575
-1615.06
10.0,0.0,10.0,10.0;10.0,0.0,0.0,10.0::-1583.86,417.6829484190132
-1583.86
10.0,0.0,0.0,10.0;10.0,10.0,0.0,0.0::-1572.135,304.63806274823895
-1572.135
10.0,10.0,0.0,0.0;10.0,0.0,0.0,10.0::-1632.365,551.6274959381558
-1632.365
10.0,0.0,0.0,10.0;10.0,10.0,0.0,10.0::-1421.46,429.63387715588715
-1421.46
10.0,10.0,0.0,10.0;10.0,0.0,0.0,10.0::-1628.1,550.4619423720409
-1628.1
10.0,0.0,0.0,10.0;10.0,10.0,10.0,0.0::-1797.72,128.31557426906525
-1797.72
10.0,10.0,10.0,0.0;10.0,0.0,0.0,10.0::-1566.36,547.9613448045401
-1566.36
10.0,0.0,0.0,10.0;10.0,10.0,10.0,10.0::-1576.245,404.7330014651635
-1576.245
10.0,10.0,10.0,10.0;10.0,0.0,0.0,10.0::-1674.455,535.2540849680645
-1674.455
10.0,0.0,10.0,0.0;10.0,0.0,10.0,0.0::-1873.35,109.7533712466273
-1873.35
10.0,0.0,10.0,0.0;10.0,0.0,10.0,0.0::-1889.81,105.77272285424066
-1889.81
10.0,0.0,10.0,0.0;10.0,0.0,10.0,10.0::-1587.535,406.73895962275355
-1587.535
10.0,0.0,10.0,10.0;10.0,0.0,10.0,0.0::-1911.125,90.17722481314226
-1911.125
10.0,0.0,10.0,0.0;10.0,10.0,0.0,0.0::-1432.985,283.46529289315123
-1432.985
10.0,10.0,0.0,0.0;10.0,0.0,10.0,0.0::-2072.475,216.69152469582195
-2072.475
10.0,0.0,10.0,0.0;10.0,10.0,0.0,10.0::-1318.215,440.5991333116759
-1318.215
10.0,10.0,0.0,10.0;10.0,0.0,10.0,0.0::-2060.205,138.8033157925271
-2060.205
10.0,0.0,10.0,0.0;10.0,10.0,10.0,0.0::-1720.96,124.61863183328566
-1720.96
10.0,10.0,10.0,0.0;10.0,0.0,10.0,0.0::-2034.44,130.33576408645476
-2034.44
10.0,0.0,10.0,0.0;10.0,10.0,10.0,10.0::-1441.385,429.87840056811416
-1441.385
10.0,10.0,10.0,10.0;10.0,0.0,10.0,0.0::-2065.155,136.05573664862501
-2065.155
10.0,0.0,10.0,10.0;10.0,0.0,10.0,10.0::-1676.145,382.14960614267284
-1676.145
10.0,0.0,10.0,10.0;10.0,0.0,10.0,10.0::-1688.315,376.2613231186539
-1688.315
10.0,0.0,10.0,10.0;10.0,10.0,0.0,0.0::-1550.74,331.930418009558
-1550.74
10.0,10.0,0.0,0.0;10.0,0.0,10.0,10.0::-1685.34,570.1148957885595
-1685.34
10.0,0.0,10.0,10.0;10.0,10.0,0.0,10.0::-1369.615,460.0598703158102
-1369.615
10.0,10.0,0.0,10.0;10.0,0.0,10.0,10.0::-1763.605,495.5625858304882
-1763.605
10.0,0.0,10.0,10.0;10.0,10.0,10.0,0.0::-1784.685,173.14653699973326
-1784.685
10.0,10.0,10.0,0.0;10.0,0.0,10.0,10.0::-1769.775,477.70918127559577
-1769.775
10.0,0.0,10.0,10.0;10.0,10.0,10.0,10.0::-1519.46,408.24626562897055
-1519.46
10.0,10.0,10.0,10.0;10.0,0.0,10.0,10.0::-1793.22,484.8176323113671
-1793.22
10.0,10.0,0.0,0.0;10.0,10.0,0.0,0.0::-1740.625,336.24558268473953
-1740.625
10.0,10.0,0.0,0.0;10.0,10.0,0.0,0.0::-1728.995,355.2118698396776
-1728.995
10.0,10.0,0.0,0.0;10.0,10.0,0.0,10.0::-1494.79,532.5402763172003
-1494.79
10.0,10.0,0.0,10.0;10.0,10.0,0.0,0.0::-1779.25,313.35935840501077
-1779.25
10.0,10.0,0.0,0.0;10.0,10.0,10.0,0.0::-1924.85,223.65792518933904
-1924.85
10.0,10.0,10.0,0.0;10.0,10.0,0.0,0.0::-1674.91,333.27466435359287
-1674.91
10.0,10.0,0.0,0.0;10.0,10.0,10.0,10.0::-1580.665,527.7884711463486
-1580.665
10.0,10.0,10.0,10.0;10.0,10.0,0.0,0.0::-1705.035,364.76016952924004
-1705.035
10.0,10.0,0.0,10.0;10.0,10.0,0.0,10.0::-1566.875,538.4315804956095
-1566.875
10.0,10.0,0.0,10.0;10.0,10.0,0.0,10.0::-1513.545,561.4990520695471
-1513.545
10.0,10.0,0.0,10.0;10.0,10.0,10.0,0.0::-1926.7,209.06683142000313
-1926.7
10.0,10.0,10.0,0.0;10.0,10.0,0.0,10.0::-1473.18,556.0884440446501
-1473.18
10.0,10.0,0.0,10.0;10.0,10.0,10.0,10.0::-1681.29,508.9910027692041
-1681.29
10.0,10.0,10.0,10.0;10.0,10.0,0.0,10.0::-1425.11,543.8334606292627
-1425.11
10.0,10.0,10.0,0.0;10.0,10.0,10.0,0.0::-1855.945,202.31235620940214
-1855.945
10.0,10.0,10.0,0.0;10.0,10.0,10.0,0.0::-1904.635,194.29922613072858
-1904.635
10.0,10.0,10.0,0.0;10.0,10.0,10.0,10.0::-1588.045,492.98847904895297
-1588.045
10.0,10.0,10.0,10.0;10.0,10.0,10.0,0.0::-1939.295,190.83942327255124
-1939.295
10.0,10.0,10.0,10.0;10.0,10.0,10.0,10.0::-1730.33,473.57416641957997
-1730.33
10.0,10.0,10.0,10.0;10.0,10.0,10.0,10.0::-1568.03,523.9819835643206
-1568.03
