0.0,0.0;0.0,0.0::-3750.0,0.0
-3750.0
0.0,0.0;0.0,0.0::-3750.0,0.0
-3750.0
0.0,0.0;0.0,1.0::-3750.0,0.0
-3750.0
0.0,1.0;0.0,0.0::-3750.0,0.0
-3750.0
0.0,0.0;0.0,2.0::-750.0,0.0
-750.0
0.0,2.0;0.0,0.0::-1750.0,0.0
-1750.0
0.0,0.0;0.0,3.0::-750.0,0.0
-750.0
0.0,3.0;0.0,0.0::-1750.0,0.0
-1750.0
0.0,0.0;0.0,4.0::-780.0,0.0
-780.0
0.0,4.0;0.0,0.0::-1770.0,0.0
-1770.0
0.0,0.0;1.0,0.0::-3750.0,0.0
-3750.0
1.0,0.0;0.0,0.0::-3750.0,0.0
-3750.0
0.0,0.0;1.0,1.0::-3750.0,0.0
-3750.0
1.0,1.0;0.0,0.0::-3750.0,0.0
-3750.0
0.0,0.0;1.0,2.0::-750.0,0.0
-750.0
1.0,2.0;0.0,0.0::-1750.0,0.0
-1750.0
0.0,0.0;1.0,3.0::-750.0,0.0
-750.0
1.0,3.0;0.0,0.0::-1750.0,0.0
-1750.0
0.0,0.0;1.0,4.0::-780.0,0.0
-780.0
1.0,4.0;0.0,0.0::-1770.0,0.0
-1770.0
0.0,0.0;2.0,0.0::-3000.0,0.0
-3000.0
2.0,0.0;0.0,0.0::-5750.0,0.0
-5750.0
0.0,0.0;2.0,1.0::-3000.0,0.0
-3000.0
2.0,1.0;0.0,0.0::-5750.0,0.0
-5750.0
0.0,0.0;2.0,2.0::0.0,0.0
0.0
2.0,2.0;0.0,0.0::-3750.0,0.0
-3750.0
0.0,0.0;2.0,3.0::0.0,0.0
0.0
2.0,3.0;0.0,0.0::-3750.0,0.0
-3750.0
0.0,0.0;2.0,4.0::-30.0,0.0
-30.0
2.0,4.0;0.0,0.0::-3770.0,0.0
-3770.0
0.0,0.0;3.0,0.0::-3000.0,0.0
-3000.0
3.0,0.0;0.0,0.0::-5750.0,0.0
-5750.0
0.0,0.0;3.0,1.0::-3000.0,0.0
-3000.0
3.0,1.0;0.0,0.0::-5750.0,0.0
-5750.0
0.0,0.0;3.0,2.0::0.0,0.0
0.0
3.0,2.0;0.0,0.0::-3750.0,0.0
-3750.0
0.0,0.0;3.0,3.0::0.0,0.0
0.0
3.0,3.0;0.0,0.0::-3750.0,0.0
-3750.0
0.0,0.0;3.0,4.0::-30.0,0.0
-30.0
3.0,4.0;0.0,0.0::-3770.0,0.0
-3770.0
0.0,0.0;4.0,0.0::-1013.75,0.0
-1013.75
4.0,0.0;0.0,0.0::-2755.0,0.0
-2755.0
0.0,0.0;4.0,1.0::-1013.75,0.0
-1013.75
4.0,1.0;0.0,0.0::-2755.0,0.0
-2755.0
0.0,0.0;4.0,2.0::1986.25,0.0
1986.25
4.0,2.0;0.0,0.0::-755.0,0.0
-755.0
0.0,0.0;4.0,3.0::1986.25,0.0
1986.25
4.0,3.0;0.0,0.0::-755.0,0.0
-755.0
0.0,0.0;4.0,4.0::1956.25,0.0
1956.25
4.0,4.0;0.0,0.0::-775.0,0.0
-775.0
