0.0,1.0;0.0,1.0::-3750.0,0.0
-3750.0
0.0,1.0;0.0,1.0::-3750.0,0.0
-3750.0
0.0,1.0;0.0,2.0::-750.0,0.0
-750.0
0.0,2.0;0.0,1.0::-1750.0,0.0
-1750.0
0.0,1.0;0.0,3.0::-750.0,0.0
-750.0
0.0,3.0;0.0,1.0::-1750.0,0.0
-1750.0
0.0,1.0;0.0,4.0::-780.0,0.0
-780.0
0.0,4.0;0.0,1.0::-1770.0,0.0
-1770.0
0.0,1.0;1.0,0.0::-2375.0,0.0
-2375.0
1.0,0.0;0.0,1.0::-3250.0,0.0
-3250.0
0.0,1.0;1.0,1.0::-2375.0,0.0
-2375.0
1.0,1.0;0.0,1.0::-3250.0,0.0
-3250.0
0.0,1.0;1.0,2.0::625.0,0.0
625.0
1.0,2.0;0.0,1.0::-1250.0,0.0
-1250.0
0.0,1.0;1.0,3.0::625.0,0.0
625.0
1.0,3.0;0.0,1.0::-1250.0,0.0
-1250.0
0.0,1.0;1.0,4.0::595.0,0.0
595.0
1.0,4.0;0.0,1.0::-1270.0,0.0
-1270.0
0.0,1.0;2.0,0.0::-2375.0,0.0
-2375.0
2.0,0.0;0.0,1.0::-3250.0,0.0
-3250.0
0.0,1.0;2.0,1.0::-2375.0,0.0
-2375.0
2.0,1.0;0.0,1.0::-3250.0,0.0
-3250.0
0.0,1.0;2.0,2.0::625.0,0.0
625.0
2.0,2.0;0.0,1.0::-1250.0,0.0
-1250.0
0.0,1.0;2.0,3.0::625.0,0.0
625.0
2.0,3.0;0.0,1.0::-1250.0,0.0
-1250.0
0.0,1.0;2.0,4.0::595.0,0.0
595.0
2.0,4.0;0.0,1.0::-1270.0,0.0
-1270.0
0.0,1.0;3.0,0.0::-1000.0,0.0
-1000.0
3.0,0.0;0.0,1.0::-2750.0,0.0
-2750.0
0.0,1.0;3.0,1.0::-1000.0,0.0
-1000.0
3.0,1.0;0.0,1.0::-2750.0,0.0
-2750.0
0.0,1.0;3.0,2.0::2000.0,0.0
2000.0
3.0,2.0;0.0,1.0::-750.0,0.0
-750.0
0.0,1.0;3.0,3.0::2000.0,0.0
2000.0
3.0,3.0;0.0,1.0::-750.0,0.0
-750.0
0.0,1.0;3.0,4.0::1970.0,0.0
1970.0
3.0,4.0;0.0,1.0::-770.0,0.0
-770.0
0.0,1.0;4.0,0.0::-1013.75,0.0
-1013.75
4.0,0.0;0.0,1.0::-2755.0,0.0
-2755.0
0.0,1.0;4.0,1.0::-1013.75,0.0
-1013.75
4.0,1.0;0.0,1.0::-2755.0,0.0
-2755.0
0.0,1.0;4.0,2.0::1986.25,0.0
1986.25
4.0,2.0;0.0,1.0::-755.0,0.0
-755.0
0.0,1.0;4.0,3.0::1986.25,0.0
1986.25
4.0,3.0;0.0,1.0::-755.0,0.0
-755.0
0.0,1.0;4.0,4.0::1956.25,0.0
1956.25
4.0,4.0;0.0,1.0::-775.0,0.0
-775.0
