2.0,0.0;2.0,0.0::-5000.0,0.0
-5000.0
2.0,0.0;2.0,0.0::-5000.0,0.0
-5000.0
2.0,0.0;2.0,1.0::-2500.0,0.0
-2500.0
2.0,1.0;2.0,0.0::-4375.0,0.0
-4375.0
2.0,0.0;2.0,2.0::-2500.0,0.0
-2500.0
2.0,2.0;2.0,0.0::-4375.0,0.0
-4375.0
2.0,0.0;2.0,3.0::0.0,0.0
0.0
2.0,3.0;2.0,0.0::-3750.0,0.0
-3750.0
2.0,0.0;2.0,4.0::0.0,0.0
0.0
2.0,4.0;2.0,0.0::-3750.0,0.0
-3750.0
2.0,0.0;3.0,0.0::-5000.0,0.0
-5000.0
3.0,0.0;2.0,0.0::-5000.0,0.0
-5000.0
2.0,0.0;3.0,1.0::-2500.0,0.0
-2500.0
3.0,1.0;2.0,0.0::-4375.0,0.0
-4375.0
2.0,0.0;3.0,2.0::-2500.0,0.0
-2500.0
3.0,2.0;2.0,0.0::-4375.0,0.0
-4375.0
2.0,0.0;3.0,3.0::0.0,0.0
0.0
3.0,3.0;2.0,0.0::-3750.0,0.0
-3750.0
2.0,0.0;3.0,4.0::0.0,0.0
0.0
3.0,4.0;2.0,0.0::-3750.0,0.0
-3750.0
2.0,0.0;4.0,0.0::-3013.75,0.0
-3013.75
4.0,0.0;2.0,0.0::-2005.0,0.0
-2005.0
2.0,0.0;4.0,1.0::-513.75,0.0
-513.75
4.0,1.0;2.0,0.0::-1380.0,0.0
-1380.0
2.0,0.0;4.0,2.0::-513.75,0.0
-513.75
4.0,2.0;2.0,0.0::-1380.0,0.0
-1380.0
2.0,0.0;4.0,3.0::1986.25,0.0
1986.25
4.0,3.0;2.0,0.0::-755.0,0.0
-755.0
2.0,0.0;4.0,4.0::1986.25,0.0
1986.25
4.0,4.0;2.0,0.0::-755.0,0.0
-755.0
