2.0,4.0;2.0,4.0::1250.0,0.0
1250.0
2.0,4.0;2.0,4.0::1250.0,0.0
1250.0
2.0,4.0;3.0,0.0::-3027.5,0.0
-3027.5
3.0,0.0;2.0,4.0::-2010.0,0.0
-2010.0
2.0,4.0;3.0,1.0::-527.5,0.0
-527.5
3.0,1.0;2.0,4.0::-1385.0,0.0
-1385.0
2.0,4.0;3.0,2.0::-527.5,0.0
-527.5
3.0,2.0;2.0,4.0::-1385.0,0.0
-1385.0
2.0,4.0;3.0,3.0::1972.5,0.0
1972.5
3.0,3.0;2.0,4.0::-760.0,0.0
-760.0
2.0,4.0;3.0,4.0::1972.5,0.0
1972.5
3.0,4.0;2.0,4.0::-760.0,0.0
-760.0
2.0,4.0;4.0,0.0::-3013.75,0.0
-3013.75
4.0,0.0;2.0,4.0::-2005.0,0.0
-2005.0
2.0,4.0;4.0,1.0::-513.75,0.0
-513.75
4.0,1.0;2.0,4.0::-1380.0,0.0
-1380.0
2.0,4.0;4.0,2.0::-513.75,0.0
-513.75
4.0,2.0;2.0,4.0::-1380.0,0.0
-1380.0
2.0,4.0;4.0,3.0::1986.25,0.0
1986.25
4.0,3.0;2.0,4.0::-755.0,0.0
-755.0
2.0,4.0;4.0,4.0::1986.25,0.0
1986.25
4.0,4.0;2.0,4.0::-755.0,0.0
-755.0
