3.0,1.0;3.0,1.0::0.0,0.0
0.0
3.0,1.0;3.0,1.0::0.0,0.0
0.0
3.0,1.0;3.0,2.0::-3000.0,0.0
-3000.0
3.0,2.0;3.0,1.0::-2000.0,0.0
-2000.0
3.0,1.0;3.0,3.0::0.0,0.0
0.0
3.0,3.0;3.0,1.0::0.0,0.0
0.0
3.0,1.0;3.0,4.0::-10.0,0.0
-10.0
3.0,4.0;3.0,1.0::-27.5,0.0
-27.5
3.0,1.0;4.0,0.0::-3013.75,0.0
-3013.75
4.0,0.0;3.0,1.0::-2005.0,0.0
-2005.0
3.0,1.0;4.0,1.0::-13.75,0.0
-13.75
4.0,1.0;3.0,1.0::-5.0,0.0
-5.0
3.0,1.0;4.0,2.0::-3013.75,0.0
-3013.75
4.0,2.0;3.0,1.0::-2005.0,0.0
-2005.0
3.0,1.0;4.0,3.0::-13.75,0.0
-13.75
4.0,3.0;3.0,1.0::-5.0,0.0
-5.0
3.0,1.0;4.0,4.0::-23.75,0.0
-23.75
4.0,4.0;3.0,1.0::-32.5,0.0
-32.5
