0.0,2.0;0.0,2.0::1250.0,0.0
1250.0
0.0,2.0;0.0,2.0::1250.0,0.0
1250.0
0.0,2.0;0.0,3.0::1250.0,0.0
1250.0
0.0,3.0;0.0,2.0::1250.0,0.0
1250.0
0.0,2.0;0.0,4.0::1220.0,0.0
1220.0
0.0,4.0;0.0,2.0::1230.0,0.0
1230.0
0.0,2.0;1.0,0.0::-2375.0,0.0
-2375.0
1.0,0.0;0.0,2.0::-3250.0,0.0
-3250.0
0.0,2.0;1.0,1.0::-2375.0,0.0
-2375.0
1.0,1.0;0.0,2.0::-3250.0,0.0
-3250.0
0.0,2.0;1.0,2.0::625.0,0.0
625.0
1.0,2.0;0.0,2.0::-1250.0,0.0
-1250.0
0.0,2.0;1.0,3.0::625.0,0.0
625.0
1.0,3.0;0.0,2.0::-1250.0,0.0
-1250.0
0.0,2.0;1.0,4.0::595.0,0.0
595.0
1.0,4.0;0.0,2.0::-1270.0,0.0
-1270.0
0.0,2.0;2.0,0.0::-2375.0,0.0
-2375.0
2.0,0.0;0.0,2.0::-3250.0,0.0
-3250.0
0.0,2.0;2.0,1.0::-2375.0,0.0
-2375.0
2.0,1.0;0.0,2.0::-3250.0,0.0
-3250.0
0.0,2.0;2.0,2.0::625.0,0.0
625.0
2.0,2.0;0.0,2.0::-1250.0,0.0
-1250.0
0.0,2.0;2.0,3.0::625.0,0.0
625.0
2.0,3.0;0.0,2.0::-1250.0,0.0
-1250.0
0.0,2.0;2.0,4.0::595.0,0.0
595.0
2.0,4.0;0.0,2.0::-1270.0,0.0
-1270.0
0.0,2.0;3.0,0.0::-3000.0,0.0
-3000.0
3.0,0.0;0.0,2.0::-5750.0,0.0
-5750.0
0.0,2.0;3.0,1.0::-3000.0,0.0
-3000.0
3.0,1.0;0.0,2.0::-5750.0,0.0
-5750.0
0.0,2.0;3.0,2.0::0.0,0.0
0.0
3.0,2.0;0.0,2.0::-3750.0,0.0
-3750.0
0.0,2.0;3.0,3.0::0.0,0.0
0.0
3.0,3.0;0.0,2.0::-3750.0,0.0
-3750.0
0.0,2.0;3.0,4.0::-30.0,0.0
-30.0
3.0,4.0;0.0,2.0::-3770.0,0.0
-3770.0
0.0,2.0;4.0,0.0::-1750.0,0.0
-1750.0
4.0,0.0;0.0,2.0::-750.0,0.0
-750.0
0.0,2.0;4.0,1.0::-1750.0,0.0
-1750.0
4.0,1.0;0.0,2.0::-750.0,0.0
-750.0
0.0,2.0;4.0,2.0::1250.0,0.0
1250.0
4.0,2.0;0.0,2.0::1250.0,0.0
1250.0
0.0,2.0;4.0,3.0::1250.0,0.0
1250.0
4.0,3.0;0.0,2.0::1250.0,0.0
1250.0
0.0,2.0;4.0,4.0::1220.0,0.0
1220.0
4.0,4.0;0.0,2.0::1230.0,0.0
1230.0
