0.0,3.0;0.0,3.0::1250.0,0.0
1250.0
0.0,3.0;0.0,3.0::1250.0,0.0
1250.0
0.0,3.0;0.0,4.0::1220.0,0.0
1220.0
0.0,4.0;0.0,3.0::1230.0,0.0
1230.0
0.0,3.0;1.0,0.0::-1000.0,0.0
-1000.0
1.0,0.0;0.0,3.0::-2750.0,0.0
-2750.0
0.0,3.0;1.0,1.0::-1000.0,0.0
-1000.0
1.0,1.0;0.0,3.0::-2750.0,0.0
-2750.0
0.0,3.0;1.0,2.0::2000.0,0.0
2000.0
1.0,2.0;0.0,3.0::-750.0,0.0
-750.0
0.0,3.0;1.0,3.0::2000.0,0.0
2000.0
1.0,3.0;0.0,3.0::-750.0,0.0
-750.0
0.0,3.0;1.0,4.0::1970.0,0.0
1970.0
1.0,4.0;0.0,3.0::-770.0,0.0
-770.0
0.0,3.0;2.0,0.0::-1750.0,0.0
-1750.0
2.0,0.0;0.0,3.0::-750.0,0.0
-750.0
0.0,3.0;2.0,1.0::-1750.0,0.0
-1750.0
2.0,1.0;0.0,3.0::-750.0,0.0
-750.0
0.0,3.0;2.0,2.0::1250.0,0.0
1250.0
2.0,2.0;0.0,3.0::1250.0,0.0
1250.0
0.0,3.0;2.0,3.0::1250.0,0.0
1250.0
2.0,3.0;0.0,3.0::1250.0,0.0
1250.0
0.0,3.0;2.0,4.0::1220.0,0.0
1220.0
2.0,4.0;0.0,3.0::1230.0,0.0
1230.0
0.0,3.0;3.0,0.0::-1000.0,0.0
-1000.0
3.0,0.0;0.0,3.0::-2750.0,0.0
-2750.0
0.0,3.0;3.0,1.0::-1000.0,0.0
-1000.0
3.0,1.0;0.0,3.0::-2750.0,0.0
-2750.0
0.0,3.0;3.0,2.0::2000.0,0.0
2000.0
3.0,2.0;0.0,3.0::-750.0,0.0
-750.0
0.0,3.0;3.0,3.0::2000.0,0.0
2000.0
3.0,3.0;0.0,3.0::-750.0,0.0
-750.0
0.0,3.0;3.0,4.0::1970.0,0.0
1970.0
3.0,4.0;0.0,3.0::-770.0,0.0
-770.0
0.0,3.0;4.0,0.0::-1750.0,0.0
-1750.0
4.0,0.0;0.0,3.0::-750.0,0.0
-750.0
0.0,3.0;4.0,1.0::-1750.0,0.0
-1750.0
4.0,1.0;0.0,3.0::-750.0,0.0
-750.0
0.0,3.0;4.0,2.0::1250.0,0.0
1250.0
4.0,2.0;0.0,3.0::1250.0,0.0
1250.0
0.0,3.0;4.0,3.0::1250.0,0.0
1250.0
4.0,3.0;0.0,3.0::1250.0,0.0
1250.0
0.0,3.0;4.0,4.0::1220.0,0.0
1220.0
4.0,4.0;0.0,3.0::1230.0,0.0
1230.0
