1.0,0.0;1.0,0.0::-3750.0,0.0
-3750.0
1.0,0.0;1.0,0.0::-3750.0,0.0
-3750.0
1.0,0.0;1.0,1.0::-3250.0,0.0
-3250.0
1.0,1.0;1.0,0.0::-2375.0,0.0
-2375.0
1.0,0.0;1.0,2.0::-3250.0,0.0
-3250.0
1.0,2.0;1.0,0.0::-2375.0,0.0
-2375.0
1.0,0.0;1.0,3.0::-2750.0,0.0
-2750.0
1.0,3.0;1.0,0.0::-1000.0,0.0
-1000.0
1.0,0.0;1.0,4.0::-2760.0,0.0
-2760.0
1.0,4.0;1.0,0.0::-1027.5,0.0
-1027.5
1.0,0.0;2.0,0.0::-3000.0,0.0
-3000.0
2.0,0.0;1.0,0.0::-5750.0,0.0
-5750.0
1.0,0.0;2.0,1.0::-2500.0,0.0
-2500.0
2.0,1.0;1.0,0.0::-4375.0,0.0
-4375.0
1.0,0.0;2.0,2.0::-2500.0,0.0
-2500.0
2.0,2.0;1.0,0.0::-4375.0,0.0
-4375.0
1.0,0.0;2.0,3.0::-2000.0,0.0
-2000.0
2.0,3.0;1.0,0.0::-3000.0,0.0
-3000.0
1.0,0.0;2.0,4.0::-2010.0,0.0
-2010.0
2.0,4.0;1.0,0.0::-3027.5,0.0
-3027.5
1.0,0.0;3.0,0.0::-3000.0,0.0
-3000.0
3.0,0.0;1.0,0.0::-5750.0,0.0
-5750.0
1.0,0.0;3.0,1.0::-2500.0,0.0
-2500.0
3.0,1.0;1.0,0.0::-4375.0,0.0
-4375.0
1.0,0.0;3.0,2.0::-2500.0,0.0
-2500.0
3.0,2.0;1.0,0.0::-4375.0,0.0
-4375.0
1.0,0.0;3.0,3.0::-2000.0,0.0
-2000.0
3.0,3.0;1.0,0.0::-3000.0,0.0
-3000.0
1.0,0.0;3.0,4.0::-2010.0,0.0
-2010.0
3.0,4.0;1.0,0.0::-3027.5,0.0
-3027.5
1.0,0.0;4.0,0.0::-1013.75,0.0
-1013.75
4.0,0.0;1.0,0.0::-2755.0,0.0
-2755.0
1.0,0.0;4.0,1.0::-513.75,0.0
-513.75
4.0,1.0;1.0,0.0::-1380.0,0.0
-1380.0
1.0,0.0;4.0,2.0::-513.75,0.0
-513.75
4.0,2.0;1.0,0.0::-1380.0,0.0
-1380.0
1.0,0.0;4.0,3.0::-13.75,0.0
-13.75
4.0,3.0;1.0,0.0::-5.0,0.0
-5.0
1.0,0.0;4.0,4.0::-23.75,0.0
-23.75
4.0,4.0;1.0,0.0::-32.5,0.0
-32.5
