1.0,2.0;1.0,2.0::-1875.0,0.0
-1875.0
1.0,2.0;1.0,2.0::-1875.0,0.0
-1875.0
1.0,2.0;1.0,3.0::-1375.0,0.0
-1375.0
1.0,3.0;1.0,2.0::-500.0,0.0
-500.0
1.0,2.0;1.0,4.0::-1385.0,0.0
-1385.0
1.0,4.0;1.0,2.0::-527.5,0.0
-527.5
1.0,2.0;2.0,0.0::-2375.0,0.0
-2375.0
2.0,0.0;1.0,2.0::-3250.0,0.0
-3250.0
1.0,2.0;2.0,1.0::-1875.0,0.0
-1875.0
2.0,1.0;1.0,2.0::-1875.0,0.0
-1875.0
1.0,2.0;2.0,2.0::-1875.0,0.0
-1875.0
2.0,2.0;1.0,2.0::-1875.0,0.0
-1875.0
1.0,2.0;2.0,3.0::-1375.0,0.0
-1375.0
2.0,3.0;1.0,2.0::-500.0,0.0
-500.0
1.0,2.0;2.0,4.0::-1385.0,0.0
-1385.0
2.0,4.0;1.0,2.0::-527.5,0.0
-527.5
1.0,2.0;3.0,0.0::-3000.0,0.0
-3000.0
3.0,0.0;1.0,2.0::-5750.0,0.0
-5750.0
1.0,2.0;3.0,1.0::-2500.0,0.0
-2500.0
3.0,1.0;1.0,2.0::-4375.0,0.0
-4375.0
1.0,2.0;3.0,2.0::-2500.0,0.0
-2500.0
3.0,2.0;1.0,2.0::-4375.0,0.0
-4375.0
1.0,2.0;3.0,3.0::-2000.0,0.0
-2000.0
3.0,3.0;1.0,2.0::-3000.0,0.0
-3000.0
1.0,2.0;3.0,4.0::-2010.0,0.0
-2010.0
3.0,4.0;1.0,2.0::-3027.5,0.0
-3027.5
1.0,2.0;4.0,0.0::-1750.0,0.0
-1750.0
4.0,0.0;1.0,2.0::-750.0,0.0
-750.0
1.0,2.0;4.0,1.0::-1250.0,0.0
-1250.0
4.0,1.0;1.0,2.0::625.0,0.0
625.0
1.0,2.0;4.0,2.0::-1250.0,0.0
-1250.0
4.0,2.0;1.0,2.0::625.0,0.0
625.0
1.0,2.0;4.0,3.0::-750.0,0.0
-750.0
4.0,3.0;1.0,2.0::2000.0,0.0
2000.0
1.0,2.0;4.0,4.0::-760.0,0.0
-760.0
4.0,4.0;1.0,2.0::1972.5,0.0
1972.5
