1.0,4.0;1.0,4.0::-37.5,0.0
-37.5
1.0,4.0;1.0,4.0::-37.5,0.0
-37.5
1.0,4.0;2.0,0.0::-1750.0,0.0
-1750.0
2.0,0.0;1.0,4.0::-750.0,0.0
-750.0
1.0,4.0;2.0,1.0::-1250.0,0.0
-1250.0
2.0,1.0;1.0,4.0::625.0,0.0
625.0
1.0,4.0;2.0,2.0::-1250.0,0.0
-1250.0
2.0,2.0;1.0,4.0::625.0,0.0
625.0
1.0,4.0;2.0,3.0::-750.0,0.0
-750.0
2.0,3.0;1.0,4.0::2000.0,0.0
2000.0
1.0,4.0;2.0,4.0::-760.0,0.0
-760.0
2.0,4.0;1.0,4.0::1972.5,0.0
1972.5
1.0,4.0;3.0,0.0::-1027.5,0.0
-1027.5
3.0,0.0;1.0,4.0::-2760.0,0.0
-2760.0
1.0,4.0;3.0,1.0::-527.5,0.0
-527.5
3.0,1.0;1.0,4.0::-1385.0,0.0
-1385.0
1.0,4.0;3.0,2.0::-527.5,0.0
-527.5
3.0,2.0;1.0,4.0::-1385.0,0.0
-1385.0
1.0,4.0;3.0,3.0::-27.5,0.0
-27.5
3.0,3.0;1.0,4.0::-10.0,0.0
-10.0
1.0,4.0;3.0,4.0::-37.5,0.0
-37.5
3.0,4.0;1.0,4.0::-37.5,0.0
-37.5
1.0,4.0;4.0,0.0::-1013.75,0.0
-1013.75
4.0,0.0;1.0,4.0::-2755.0,0.0
-2755.0
1.0,4.0;4.0,1.0::-513.75,0.0
-513.75
4.0,1.0;1.0,4.0::-1380.0,0.0
-1380.0
1.0,4.0;4.0,2.0::-513.75,0.0
-513.75
4.0,2.0;1.0,4.0::-1380.0,0.0
-1380.0
1.0,4.0;4.0,3.0::-13.75,0.0
-13.75
4.0,3.0;1.0,4.0::-5.0,0.0
-5.0
1.0,4.0;4.0,4.0::-23.75,0.0
-23.75
4.0,4.0;1.0,4.0::-32.5,0.0
-32.5
