0.0,0.0;0.0,0.0::-3750.0,0.0
-3750.0
0.0,0.0;0.0,0.0::-3750.0,0.0
-3750.0
0.0,0.0;0.0,1.0::-3750.0,0.0
-3750.0
0.0,1.0;0.0,0.0::-3750.0,0.0
-3750.0
0.0,0.0;0.0,2.0::-750.0,0.0
-750.0
0.0,2.0;0.0,0.0::-1750.0,0.0
-1750.0
0.0,0.0;0.0,3.0::-750.0,0.0
-750.0
0.0,3.0;0.0,0.0::-1750.0,0.0
-1750.0
0.0,0.0;0.0,4.0::-780.0,0.0
-780.0
0.0,4.0;0.0,0.0::-1770.0,0.0
-1770.0
0.0,0.0;1.0,0.0::-3750.0,0.0
-3750.0
1.0,0.0;0.0,0.0::-3750.0,0.0
-3750.0
0.0,0.0;1.0,1.0::-3750.0,0.0
-3750.0
1.0,1.0;0.0,0.0::-3750.0,0.0
-3750.0
0.0,0.0;1.0,2.0::-750.0,0.0
-750.0
1.0,2.0;0.0,0.0::-1750.0,0.0
-1750.0
0.0,0.0;1.0,3.0::-750.0,0.0
-750.0
1.0,3.0;0.0,0.0::-1750.0,0.0
-1750.0
0.0,0.0;1.0,4.0::-780.0,0.0
-780.0
1.0,4.0;0.0,0.0::-1770.0,0.0
-1770.0
0.0,0.0;2.0,0.0::-3000.0,0.0
-3000.0
2.0,0.0;0.0,0.0::-5750.0,0.0
-5750.0
0.0,0.0;2.0,1.0::-3000.0,0.0
-3000.0
2.0,1.0;0.0,0.0::-5750.0,0.0
-5750.0
0.0,0.0;2.0,2.0::0.0,0.0
0.0
2.0,2.0;0.0,0.0::-3750.0,0.0
-3750.0
0.0,0.0;2.0,3.0::0.0,0.0
0.0
2.0,3.0;0.0,0.0::-3750.0,0.0
-3750.0
0.0,0.0;2.0,4.0::-30.0,0.0
-30.0
2.0,4.0;0.0,0.0::-3770.0,0.0
-3770.0
0.0,0.0;3.0,0.0::-3000.0,0.0
-3000.0
3.0,0.0;0.0,0.0::-5750.0,0.0
-5750.0
0.0,0.0;3.0,1.0::-3000.0,0.0
-3000.0
3.0,1.0;0.0,0.0::-5750.0,0.0
-5750.0
0.0,0.0;3.0,2.0::0.0,0.0
0.0
3.0,2.0;0.0,0.0::-3750.0,0.0
-3750.0
0.0,0.0;3.0,3.0::0.0,0.0
0.0
3.0,3.0;0.0,0.0::-3750.0,0.0
-3750.0
0.0,0.0;3.0,4.0::-30.0,0.0
-30.0
3.0,4.0;0.0,0.0::-3770.0,0.0
-3770.0
0.0,0.0;4.0,0.0::-1013.75,0.0
-1013.75
4.0,0.0;0.0,0.0::-2755.0,0.0
-2755.0
0.0,0.0;4.0,1.0::-1013.75,0.0
-1013.75
4.0,1.0;0.0,0.0::-2755.0,0.0
-2755.0
0.0,0.0;4.0,2.0::1986.25,0.0
1986.25
4.0,2.0;0.0,0.0::-755.0,0.0
-755.0
0.0,0.0;4.0,3.0::1986.25,0.0
1986.25
4.0,3.0;0.0,0.0::-755.0,0.0
-755.0
0.0,0.0;4.0,4.0::1956.25,0.0
1956.25
4.0,4.0;0.0,0.0::-775.0,0.0
-775.0
0.0,1.0;0.0,1.0::-3750.0,0.0
-3750.0
0.0,1.0;0.0,1.0::-3750.0,0.0
-3750.0
0.0,1.0;0.0,2.0::-750.0,0.0
-750.0
0.0,2.0;0.0,1.0::-1750.0,0.0
-1750.0
0.0,1.0;0.0,3.0::-750.0,0.0
-750.0
0.0,3.0;0.0,1.0::-1750.0,0.0
-1750.0
0.0,1.0;0.0,4.0::-780.0,0.0
-780.0
0.0,4.0;0.0,1.0::-1770.0,0.0
-1770.0
0.0,1.0;1.0,0.0::-2375.0,0.0
-2375.0
1.0,0.0;0.0,1.0::-3250.0,0.0
-3250.0
0.0,1.0;1.0,1.0::-2375.0,0.0
-2375.0
1.0,1.0;0.0,1.0::-3250.0,0.0
-3250.0
0.0,1.0;1.0,2.0::625.0,0.0
625.0
1.0,2.0;0.0,1.0::-1250.0,0.0
-1250.0
0.0,1.0;1.0,3.0::625.0,0.0
625.0
1.0,3.0;0.0,1.0::-1250.0,0.0
-1250.0
0.0,1.0;1.0,4.0::595.0,0.0
595.0
1.0,4.0;0.0,1.0::-1270.0,0.0
-1270.0
0.0,1.0;2.0,0.0::-2375.0,0.0
-2375.0
2.0,0.0;0.0,1.0::-3250.0,0.0
-3250.0
0.0,1.0;2.0,1.0::-2375.0,0.0
-2375.0
2.0,1.0;0.0,1.0::-3250.0,0.0
-3250.0
0.0,1.0;2.0,2.0::625.0,0.0
625.0
2.0,2.0;0.0,1.0::-1250.0,0.0
-1250.0
0.0,1.0;2.0,3.0::625.0,0.0
625.0
2.0,3.0;0.0,1.0::-1250.0,0.0
-1250.0
0.0,1.0;2.0,4.0::595.0,0.0
595.0
2.0,4.0;0.0,1.0::-1270.0,0.0
-1270.0
0.0,1.0;3.0,0.0::-1000.0,0.0
-1000.0
3.0,0.0;0.0,1.0::-2750.0,0.0
-2750.0
0.0,1.0;3.0,1.0::-1000.0,0.0
-1000.0
3.0,1.0;0.0,1.0::-2750.0,0.0
-2750.0
0.0,1.0;3.0,2.0::2000.0,0.0
2000.0
3.0,2.0;0.0,1.0::-750.0,0.0
-750.0
0.0,1.0;3.0,3.0::2000.0,0.0
2000.0
3.0,3.0;0.0,1.0::-750.0,0.0
-750.0
0.0,1.0;3.0,4.0::1970.0,0.0
1970.0
3.0,4.0;0.0,1.0::-770.0,0.0
-770.0
0.0,1.0;4.0,0.0::-1013.75,0.0
-1013.75
4.0,0.0;0.0,1.0::-2755.0,0.0
-2755.0
0.0,1.0;4.0,1.0::-1013.75,0.0
-1013.75
4.0,1.0;0.0,1.0::-2755.0,0.0
-2755.0
0.0,1.0;4.0,2.0::1986.25,0.0
1986.25
4.0,2.0;0.0,1.0::-755.0,0.0
-755.0
0.0,1.0;4.0,3.0::1986.25,0.0
1986.25
4.0,3.0;0.0,1.0::-755.0,0.0
-755.0
0.0,1.0;4.0,4.0::1956.25,0.0
1956.25
4.0,4.0;0.0,1.0::-775.0,0.0
-775.0
0.0,2.0;0.0,2.0::1250.0,0.0
1250.0
0.0,2.0;0.0,2.0::1250.0,0.0
1250.0
0.0,2.0;0.0,3.0::1250.0,0.0
1250.0
0.0,3.0;0.0,2.0::1250.0,0.0
1250.0
0.0,2.0;0.0,4.0::1220.0,0.0
1220.0
0.0,4.0;0.0,2.0::1230.0,0.0
1230.0
0.0,2.0;1.0,0.0::-2375.0,0.0
-2375.0
1.0,0.0;0.0,2.0::-3250.0,0.0
-3250.0
0.0,2.0;1.0,1.0::-2375.0,0.0
-2375.0
1.0,1.0;0.0,2.0::-3250.0,0.0
-3250.0
0.0,2.0;1.0,2.0::625.0,0.0
625.0
1.0,2.0;0.0,2.0::-1250.0,0.0
-1250.0
0.0,2.0;1.0,3.0::625.0,0.0
625.0
1.0,3.0;0.0,2.0::-1250.0,0.0
-1250.0
0.0,2.0;1.0,4.0::595.0,0.0
595.0
1.0,4.0;0.0,2.0::-1270.0,0.0
-1270.0
0.0,2.0;2.0,0.0::-2375.0,0.0
-2375.0
2.0,0.0;0.0,2.0::-3250.0,0.0
-3250.0
0.0,2.0;2.0,1.0::-2375.0,0.0
-2375.0
2.0,1.0;0.0,2.0::-3250.0,0.0
-3250.0
0.0,2.0;2.0,2.0::625.0,0.0
625.0
2.0,2.0;0.0,2.0::-1250.0,0.0
-1250.0
0.0,2.0;2.0,3.0::625.0,0.0
625.0
2.0,3.0;0.0,2.0::-1250.0,0.0
-1250.0
0.0,2.0;2.0,4.0::595.0,0.0
595.0
2.0,4.0;0.0,2.0::-1270.0,0.0
-1270.0
0.0,2.0;3.0,0.0::-3000.0,0.0
-3000.0
3.0,0.0;0.0,2.0::-5750.0,0.0
-5750.0
0.0,2.0;3.0,1.0::-3000.0,0.0
-3000.0
3.0,1.0;0.0,2.0::-5750.0,0.0
-5750.0
0.0,2.0;3.0,2.0::0.0,0.0
0.0
3.0,2.0;0.0,2.0::-3750.0,0.0
-3750.0
0.0,2.0;3.0,3.0::0.0,0.0
0.0
3.0,3.0;0.0,2.0::-3750.0,0.0
-3750.0
0.0,2.0;3.0,4.0::-30.0,0.0
-30.0
3.0,4.0;0.0,2.0::-3770.0,0.0
-3770.0
0.0,2.0;4.0,0.0::-1750.0,0.0
-1750.0
4.0,0.0;0.0,2.0::-750.0,0.0
-750.0
0.0,2.0;4.0,1.0::-1750.0,0.0
-1750.0
4.0,1.0;0.0,2.0::-750.0,0.0
-750.0
0.0,2.0;4.0,2.0::1250.0,0.0
1250.0
4.0,2.0;0.0,2.0::1250.0,0.0
1250.0
0.0,2.0;4.0,3.0::1250.0,0.0
1250.0
4.0,3.0;0.0,2.0::1250.0,0.0
1250.0
0.0,2.0;4.0,4.0::1220.0,0.0
1220.0
4.0,4.0;0.0,2.0::1230.0,0.0
1230.0
0.0,3.0;0.0,3.0::1250.0,0.0
1250.0
0.0,3.0;0.0,3.0::1250.0,0.0
1250.0
0.0,3.0;0.0,4.0::1220.0,0.0
1220.0
0.0,4.0;0.0,3.0::1230.0,0.0
1230.0
0.0,3.0;1.0,0.0::-1000.0,0.0
-1000.0
1.0,0.0;0.0,3.0::-2750.0,0.0
-2750.0
0.0,3.0;1.0,1.0::-1000.0,0.0
-1000.0
1.0,1.0;0.0,3.0::-2750.0,0.0
-2750.0
0.0,3.0;1.0,2.0::2000.0,0.0
2000.0
1.0,2.0;0.0,3.0::-750.0,0.0
-750.0
0.0,3.0;1.0,3.0::2000.0,0.0
2000.0
1.0,3.0;0.0,3.0::-750.0,0.0
-750.0
0.0,3.0;1.0,4.0::1970.0,0.0
1970.0
1.0,4.0;0.0,3.0::-770.0,0.0
-770.0
0.0,3.0;2.0,0.0::-1750.0,0.0
-1750.0
2.0,0.0;0.0,3.0::-750.0,0.0
-750.0
0.0,3.0;2.0,1.0::-1750.0,0.0
-1750.0
2.0,1.0;0.0,3.0::-750.0,0.0
-750.0
0.0,3.0;2.0,2.0::1250.0,0.0
1250.0
2.0,2.0;0.0,3.0::1250.0,0.0
1250.0
0.0,3.0;2.0,3.0::1250.0,0.0
1250.0
2.0,3.0;0.0,3.0::1250.0,0.0
1250.0
0.0,3.0;2.0,4.0::1220.0,0.0
1220.0
2.0,4.0;0.0,3.0::1230.0,0.0
1230.0
0.0,3.0;3.0,0.0::-1000.0,0.0
-1000.0
3.0,0.0;0.0,3.0::-2750.0,0.0
-2750.0
0.0,3.0;3.0,1.0::-1000.0,0.0
-1000.0
3.0,1.0;0.0,3.0::-2750.0,0.0
-2750.0
0.0,3.0;3.0,2.0::2000.0,0.0
2000.0
3.0,2.0;0.0,3.0::-750.0,0.0
-750.0
0.0,3.0;3.0,3.0::2000.0,0.0
2000.0
3.0,3.0;0.0,3.0::-750.0,0.0
-750.0
0.0,3.0;3.0,4.0::1970.0,0.0
1970.0
3.0,4.0;0.0,3.0::-770.0,0.0
-770.0
0.0,3.0;4.0,0.0::-1750.0,0.0
-1750.0
4.0,0.0;0.0,3.0::-750.0,0.0
-750.0
0.0,3.0;4.0,1.0::-1750.0,0.0
-1750.0
4.0,1.0;0.0,3.0::-750.0,0.0
-750.0
0.0,3.0;4.0,2.0::1250.0,0.0
1250.0
4.0,2.0;0.0,3.0::1250.0,0.0
1250.0
0.0,3.0;4.0,3.0::1250.0,0.0
1250.0
4.0,3.0;0.0,3.0::1250.0,0.0
1250.0
0.0,3.0;4.0,4.0::1220.0,0.0
1220.0
4.0,4.0;0.0,3.0::1230.0,0.0
1230.0
0.0,4.0;0.0,4.0::1200.0,0.0
1200.0
0.0,4.0;0.0,4.0::1200.0,0.0
1200.0
0.0,4.0;1.0,0.0::-1027.5,0.0
-1027.5
1.0,0.0;0.0,4.0::-2760.0,0.0
-2760.0
0.0,4.0;1.0,1.0::-1027.5,0.0
-1027.5
1.0,1.0;0.0,4.0::-2760.0,0.0
-2760.0
0.0,4.0;1.0,2.0::1972.5,0.0
1972.5
1.0,2.0;0.0,4.0::-760.0,0.0
-760.0
0.0,4.0;1.0,3.0::1972.5,0.0
1972.5
1.0,3.0;0.0,4.0::-760.0,0.0
-760.0
0.0,4.0;1.0,4.0::1942.5,0.0
1942.5
1.0,4.0;0.0,4.0::-780.0,0.0
-780.0
0.0,4.0;2.0,0.0::-1750.0,0.0
-1750.0
2.0,0.0;0.0,4.0::-750.0,0.0
-750.0
0.0,4.0;2.0,1.0::-1750.0,0.0
-1750.0
2.0,1.0;0.0,4.0::-750.0,0.0
-750.0
0.0,4.0;2.0,2.0::1250.0,0.0
1250.0
2.0,2.0;0.0,4.0::1250.0,0.0
1250.0
0.0,4.0;2.0,3.0::1250.0,0.0
1250.0
2.0,3.0;0.0,4.0::1250.0,0.0
1250.0
0.0,4.0;2.0,4.0::1220.0,0.0
1220.0
2.0,4.0;0.0,4.0::1230.0,0.0
1230.0
0.0,4.0;3.0,0.0::-1027.5,0.0
-1027.5
3.0,0.0;0.0,4.0::-2760.0,0.0
-2760.0
0.0,4.0;3.0,1.0::-1027.5,0.0
-1027.5
3.0,1.0;0.0,4.0::-2760.0,0.0
-2760.0
0.0,4.0;3.0,2.0::1972.5,0.0
1972.5
3.0,2.0;0.0,4.0::-760.0,0.0
-760.0
0.0,4.0;3.0,3.0::1972.5,0.0
1972.5
3.0,3.0;0.0,4.0::-760.0,0.0
-760.0
0.0,4.0;3.0,4.0::1942.5,0.0
1942.5
3.0,4.0;0.0,4.0::-780.0,0.0
-780.0
0.0,4.0;4.0,0.0::-1013.75,0.0
-1013.75
4.0,0.0;0.0,4.0::-2755.0,0.0
-2755.0
0.0,4.0;4.0,1.0::-1013.75,0.0
-1013.75
4.0,1.0;0.0,4.0::-2755.0,0.0
-2755.0
0.0,4.0;4.0,2.0::1986.25,0.0
1986.25
4.0,2.0;0.0,4.0::-755.0,0.0
-755.0
0.0,4.0;4.0,3.0::1986.25,0.0
1986.25
4.0,3.0;0.0,4.0::-755.0,0.0
-755.0
0.0,4.0;4.0,4.0::1956.25,0.0
1956.25
4.0,4.0;0.0,4.0::-775.0,0.0
-775.0
1.0,0.0;1.0,0.0::-3750.0,0.0
-3750.0
1.0,0.0;1.0,0.0::-3750.0,0.0
-3750.0
1.0,0.0;1.0,1.0::-3250.0,0.0
-3250.0
1.0,1.0;1.0,0.0::-2375.0,0.0
-2375.0
1.0,0.0;1.0,2.0::-3250.0,0.0
-3250.0
1.0,2.0;1.0,0.0::-2375.0,0.0
-2375.0
1.0,0.0;1.0,3.0::-2750.0,0.0
-2750.0
1.0,3.0;1.0,0.0::-1000.0,0.0
-1000.0
1.0,0.0;1.0,4.0::-2760.0,0.0
-2760.0
1.0,4.0;1.0,0.0::-1027.5,0.0
-1027.5
1.0,0.0;2.0,0.0::-3000.0,0.0
-3000.0
2.0,0.0;1.0,0.0::-5750.0,0.0
-5750.0
1.0,0.0;2.0,1.0::-2500.0,0.0
-2500.0
2.0,1.0;1.0,0.0::-4375.0,0.0
-4375.0
1.0,0.0;2.0,2.0::-2500.0,0.0
-2500.0
2.0,2.0;1.0,0.0::-4375.0,0.0
-4375.0
1.0,0.0;2.0,3.0::-2000.0,0.0
-2000.0
2.0,3.0;1.0,0.0::-3000.0,0.0
-3000.0
1.0,0.0;2.0,4.0::-2010.0,0.0
-2010.0
2.0,4.0;1.0,0.0::-3027.5,0.0
-3027.5
1.0,0.0;3.0,0.0::-3000.0,0.0
-3000.0
3.0,0.0;1.0,0.0::-5750.0,0.0
-5750.0
1.0,0.0;3.0,1.0::-2500.0,0.0
-2500.0
3.0,1.0;1.0,0.0::-4375.0,0.0
-4375.0
1.0,0.0;3.0,2.0::-2500.0,0.0
-2500.0
3.0,2.0;1.0,0.0::-4375.0,0.0
-4375.0
1.0,0.0;3.0,3.0::-2000.0,0.0
-2000.0
3.0,3.0;1.0,0.0::-3000.0,0.0
-3000.0
1.0,0.0;3.0,4.0::-2010.0,0.0
-2010.0
3.0,4.0;1.0,0.0::-3027.5,0.0
-3027.5
1.0,0.0;4.0,0.0::-1013.75,0.0
-1013.75
4.0,0.0;1.0,0.0::-2755.0,0.0
-2755.0
1.0,0.0;4.0,1.0::-513.75,0.0
-513.75
4.0,1.0;1.0,0.0::-1380.0,0.0
-1380.0
1.0,0.0;4.0,2.0::-513.75,0.0
-513.75
4.0,2.0;1.0,0.0::-1380.0,0.0
-1380.0
1.0,0.0;4.0,3.0::-13.75,0.0
-13.75
4.0,3.0;1.0,0.0::-5.0,0.0
-5.0
1.0,0.0;4.0,4.0::-23.75,0.0
-23.75
4.0,4.0;1.0,0.0::-32.5,0.0
-32.5
1.0,1.0;1.0,1.0::-1875.0,0.0
-1875.0
1.0,1.0;1.0,1.0::-1875.0,0.0
-1875.0
1.0,1.0;1.0,2.0::-1875.0,0.0
-1875.0
1.0,2.0;1.0,1.0::-1875.0,0.0
-1875.0
1.0,1.0;1.0,3.0::-1375.0,0.0
-1375.0
1.0,3.0;1.0,1.0::-500.0,0.0
-500.0
1.0,1.0;1.0,4.0::-1385.0,0.0
-1385.0
1.0,4.0;1.0,1.0::-527.5,0.0
-527.5
1.0,1.0;2.0,0.0::-2375.0,0.0
-2375.0
2.0,0.0;1.0,1.0::-3250.0,0.0
-3250.0
1.0,1.0;2.0,1.0::-1875.0,0.0
-1875.0
2.0,1.0;1.0,1.0::-1875.0,0.0
-1875.0
1.0,1.0;2.0,2.0::-1875.0,0.0
-1875.0
2.0,2.0;1.0,1.0::-1875.0,0.0
-1875.0
1.0,1.0;2.0,3.0::-1375.0,0.0
-1375.0
2.0,3.0;1.0,1.0::-500.0,0.0
-500.0
1.0,1.0;2.0,4.0::-1385.0,0.0
-1385.0
2.0,4.0;1.0,1.0::-527.5,0.0
-527.5
1.0,1.0;3.0,0.0::-1000.0,0.0
-1000.0
3.0,0.0;1.0,1.0::-2750.0,0.0
-2750.0
1.0,1.0;3.0,1.0::-500.0,0.0
-500.0
3.0,1.0;1.0,1.0::-1375.0,0.0
-1375.0
1.0,1.0;3.0,2.0::-500.0,0.0
-500.0
3.0,2.0;1.0,1.0::-1375.0,0.0
-1375.0
1.0,1.0;3.0,3.0::0.0,0.0
0.0
3.0,3.0;1.0,1.0::0.0,0.0
0.0
1.0,1.0;3.0,4.0::-10.0,0.0
-10.0
3.0,4.0;1.0,1.0::-27.5,0.0
-27.5
1.0,1.0;4.0,0.0::-1013.75,0.0
-1013.75
4.0,0.0;1.0,1.0::-2755.0,0.0
-2755.0
1.0,1.0;4.0,1.0::-513.75,0.0
-513.75
4.0,1.0;1.0,1.0::-1380.0,0.0
-1380.0
1.0,1.0;4.0,2.0::-513.75,0.0
-513.75
4.0,2.0;1.0,1.0::-1380.0,0.0
-1380.0
1.0,1.0;4.0,3.0::-13.75,0.0
-13.75
4.0,3.0;1.0,1.0::-5.0,0.0
-5.0
1.0,1.0;4.0,4.0::-23.75,0.0
-23.75
4.0,4.0;1.0,1.0::-32.5,0.0
-32.5
1.0,2.0;1.0,2.0::-1875.0,0.0
-1875.0
1.0,2.0;1.0,2.0::-1875.0,0.0
-1875.0
1.0,2.0;1.0,3.0::-1375.0,0.0
-1375.0
1.0,3.0;1.0,2.0::-500.0,0.0
-500.0
1.0,2.0;1.0,4.0::-1385.0,0.0
-1385.0
1.0,4.0;1.0,2.0::-527.5,0.0
-527.5
1.0,2.0;2.0,0.0::-2375.0,0.0
-2375.0
2.0,0.0;1.0,2.0::-3250.0,0.0
-3250.0
1.0,2.0;2.0,1.0::-1875.0,0.0
-1875.0
2.0,1.0;1.0,2.0::-1875.0,0.0
-1875.0
1.0,2.0;2.0,2.0::-1875.0,0.0
-1875.0
2.0,2.0;1.0,2.0::-1875.0,0.0
-1875.0
1.0,2.0;2.0,3.0::-1375.0,0.0
-1375.0
2.0,3.0;1.0,2.0::-500.0,0.0
-500.0
1.0,2.0;2.0,4.0::-1385.0,0.0
-1385.0
2.0,4.0;1.0,2.0::-527.5,0.0
-527.5
1.0,2.0;3.0,0.0::-3000.0,0.0
-3000.0
3.0,0.0;1.0,2.0::-5750.0,0.0
-5750.0
1.0,2.0;3.0,1.0::-2500.0,0.0
-2500.0
3.0,1.0;1.0,2.0::-4375.0,0.0
-4375.0
1.0,2.0;3.0,2.0::-2500.0,0.0
-2500.0
3.0,2.0;1.0,2.0::-4375.0,0.0
-4375.0
1.0,2.0;3.0,3.0::-2000.0,0.0
-2000.0
3.0,3.0;1.0,2.0::-3000.0,0.0
-3000.0
1.0,2.0;3.0,4.0::-2010.0,0.0
-2010.0
3.0,4.0;1.0,2.0::-3027.5,0.0
-3027.5
1.0,2.0;4.0,0.0::-1750.0,0.0
-1750.0
4.0,0.0;1.0,2.0::-750.0,0.0
-750.0
1.0,2.0;4.0,1.0::-1250.0,0.0
-1250.0
4.0,1.0;1.0,2.0::625.0,0.0
625.0
1.0,2.0;4.0,2.0::-1250.0,0.0
-1250.0
4.0,2.0;1.0,2.0::625.0,0.0
625.0
1.0,2.0;4.0,3.0::-750.0,0.0
-750.0
4.0,3.0;1.0,2.0::2000.0,0.0
2000.0
1.0,2.0;4.0,4.0::-760.0,0.0
-760.0
4.0,4.0;1.0,2.0::1972.5,0.0
1972.5
1.0,3.0;1.0,3.0::0.0,0.0
0.0
1.0,3.0;1.0,3.0::0.0,0.0
0.0
1.0,3.0;1.0,4.0::-10.0,0.0
-10.0
1.0,4.0;1.0,3.0::-27.5,0.0
-27.5
1.0,3.0;2.0,0.0::-1750.0,0.0
-1750.0
2.0,0.0;1.0,3.0::-750.0,0.0
-750.0
1.0,3.0;2.0,1.0::-1250.0,0.0
-1250.0
2.0,1.0;1.0,3.0::625.0,0.0
625.0
1.0,3.0;2.0,2.0::-1250.0,0.0
-1250.0
2.0,2.0;1.0,3.0::625.0,0.0
625.0
1.0,3.0;2.0,3.0::-750.0,0.0
-750.0
2.0,3.0;1.0,3.0::2000.0,0.0
2000.0
1.0,3.0;2.0,4.0::-760.0,0.0
-760.0
2.0,4.0;1.0,3.0::1972.5,0.0
1972.5
1.0,3.0;3.0,0.0::-1000.0,0.0
-1000.0
3.0,0.0;1.0,3.0::-2750.0,0.0
-2750.0
1.0,3.0;3.0,1.0::-500.0,0.0
-500.0
3.0,1.0;1.0,3.0::-1375.0,0.0
-1375.0
1.0,3.0;3.0,2.0::-500.0,0.0
-500.0
3.0,2.0;1.0,3.0::-1375.0,0.0
-1375.0
1.0,3.0;3.0,3.0::0.0,0.0
0.0
3.0,3.0;1.0,3.0::0.0,0.0
0.0
1.0,3.0;3.0,4.0::-10.0,0.0
-10.0
3.0,4.0;1.0,3.0::-27.5,0.0
-27.5
1.0,3.0;4.0,0.0::-1750.0,0.0
-1750.0
4.0,0.0;1.0,3.0::-750.0,0.0
-750.0
1.0,3.0;4.0,1.0::-1250.0,0.0
-1250.0
4.0,1.0;1.0,3.0::625.0,0.0
625.0
1.0,3.0;4.0,2.0::-1250.0,0.0
-1250.0
4.0,2.0;1.0,3.0::625.0,0.0
625.0
1.0,3.0;4.0,3.0::-750.0,0.0
-750.0
4.0,3.0;1.0,3.0::2000.0,0.0
2000.0
1.0,3.0;4.0,4.0::-760.0,0.0
-760.0
4.0,4.0;1.0,3.0::1972.5,0.0
1972.5
1.0,4.0;1.0,4.0::-37.5,0.0
-37.5
1.0,4.0;1.0,4.0::-37.5,0.0
-37.5
1.0,4.0;2.0,0.0::-1750.0,0.0
-1750.0
2.0,0.0;1.0,4.0::-750.0,0.0
-750.0
1.0,4.0;2.0,1.0::-1250.0,0.0
-1250.0
2.0,1.0;1.0,4.0::625.0,0.0
625.0
1.0,4.0;2.0,2.0::-1250.0,0.0
-1250.0
2.0,2.0;1.0,4.0::625.0,0.0
625.0
1.0,4.0;2.0,3.0::-750.0,0.0
-750.0
2.0,3.0;1.0,4.0::2000.0,0.0
2000.0
1.0,4.0;2.0,4.0::-760.0,0.0
-760.0
2.0,4.0;1.0,4.0::1972.5,0.0
1972.5
1.0,4.0;3.0,0.0::-1027.5,0.0
-1027.5
3.0,0.0;1.0,4.0::-2760.0,0.0
-2760.0
1.0,4.0;3.0,1.0::-527.5,0.0
-527.5
3.0,1.0;1.0,4.0::-1385.0,0.0
-1385.0
1.0,4.0;3.0,2.0::-527.5,0.0
-527.5
3.0,2.0;1.0,4.0::-1385.0,0.0
-1385.0
1.0,4.0;3.0,3.0::-27.5,0.0
-27.5
3.0,3.0;1.0,4.0::-10.0,0.0
-10.0
1.0,4.0;3.0,4.0::-37.5,0.0
-37.5
3.0,4.0;1.0,4.0::-37.5,0.0
-37.5
1.0,4.0;4.0,0.0::-1013.75,0.0
-1013.75
4.0,0.0;1.0,4.0::-2755.0,0.0
-2755.0
1.0,4.0;4.0,1.0::-513.75,0.0
-513.75
4.0,1.0;1.0,4.0::-1380.0,0.0
-1380.0
1.0,4.0;4.0,2.0::-513.75,0.0
-513.75
4.0,2.0;1.0,4.0::-1380.0,0.0
-1380.0
1.0,4.0;4.0,3.0::-13.75,0.0
-13.75
4.0,3.0;1.0,4.0::-5.0,0.0
-5.0
1.0,4.0;4.0,4.0::-23.75,0.0
-23.75
4.0,4.0;1.0,4.0::-32.5,0.0
-32.5
2.0,0.0;2.0,0.0::-5000.0,0.0
-5000.0
2.0,0.0;2.0,0.0::-5000.0,0.0
-5000.0
2.0,0.0;2.0,1.0::-2500.0,0.0
-2500.0
2.0,1.0;2.0,0.0::-4375.0,0.0
-4375.0
2.0,0.0;2.0,2.0::-2500.0,0.0
-2500.0
2.0,2.0;2.0,0.0::-4375.0,0.0
-4375.0
2.0,0.0;2.0,3.0::0.0,0.0
0.0
2.0,3.0;2.0,0.0::-3750.0,0.0
-3750.0
2.0,0.0;2.0,4.0::0.0,0.0
0.0
2.0,4.0;2.0,0.0::-3750.0,0.0
-3750.0
2.0,0.0;3.0,0.0::-5000.0,0.0
-5000.0
3.0,0.0;2.0,0.0::-5000.0,0.0
-5000.0
2.0,0.0;3.0,1.0::-2500.0,0.0
-2500.0
3.0,1.0;2.0,0.0::-4375.0,0.0
-4375.0
2.0,0.0;3.0,2.0::-2500.0,0.0
-2500.0
3.0,2.0;2.0,0.0::-4375.0,0.0
-4375.0
2.0,0.0;3.0,3.0::0.0,0.0
0.0
3.0,3.0;2.0,0.0::-3750.0,0.0
-3750.0
2.0,0.0;3.0,4.0::0.0,0.0
0.0
3.0,4.0;2.0,0.0::-3750.0,0.0
-3750.0
2.0,0.0;4.0,0.0::-3013.75,0.0
-3013.75
4.0,0.0;2.0,0.0::-2005.0,0.0
-2005.0
2.0,0.0;4.0,1.0::-513.75,0.0
-513.75
4.0,1.0;2.0,0.0::-1380.0,0.0
-1380.0
2.0,0.0;4.0,2.0::-513.75,0.0
-513.75
4.0,2.0;2.0,0.0::-1380.0,0.0
-1380.0
2.0,0.0;4.0,3.0::1986.25,0.0
1986.25
4.0,3.0;2.0,0.0::-755.0,0.0
-755.0
2.0,0.0;4.0,4.0::1986.25,0.0
1986.25
4.0,4.0;2.0,0.0::-755.0,0.0
-755.0
2.0,1.0;2.0,1.0::-1875.0,0.0
-1875.0
2.0,1.0;2.0,1.0::-1875.0,0.0
-1875.0
2.0,1.0;2.0,2.0::-1875.0,0.0
-1875.0
2.0,2.0;2.0,1.0::-1875.0,0.0
-1875.0
2.0,1.0;2.0,3.0::625.0,0.0
625.0
2.0,3.0;2.0,1.0::-1250.0,0.0
-1250.0
2.0,1.0;2.0,4.0::625.0,0.0
625.0
2.0,4.0;2.0,1.0::-1250.0,0.0
-1250.0
2.0,1.0;3.0,0.0::-3000.0,0.0
-3000.0
3.0,0.0;2.0,1.0::-2000.0,0.0
-2000.0
2.0,1.0;3.0,1.0::-500.0,0.0
-500.0
3.0,1.0;2.0,1.0::-1375.0,0.0
-1375.0
2.0,1.0;3.0,2.0::-500.0,0.0
-500.0
3.0,2.0;2.0,1.0::-1375.0,0.0
-1375.0
2.0,1.0;3.0,3.0::2000.0,0.0
2000.0
3.0,3.0;2.0,1.0::-750.0,0.0
-750.0
2.0,1.0;3.0,4.0::2000.0,0.0
2000.0
3.0,4.0;2.0,1.0::-750.0,0.0
-750.0
2.0,1.0;4.0,0.0::-3013.75,0.0
-3013.75
4.0,0.0;2.0,1.0::-2005.0,0.0
-2005.0
2.0,1.0;4.0,1.0::-513.75,0.0
-513.75
4.0,1.0;2.0,1.0::-1380.0,0.0
-1380.0
2.0,1.0;4.0,2.0::-513.75,0.0
-513.75
4.0,2.0;2.0,1.0::-1380.0,0.0
-1380.0
2.0,1.0;4.0,3.0::1986.25,0.0
1986.25
4.0,3.0;2.0,1.0::-755.0,0.0
-755.0
2.0,1.0;4.0,4.0::1986.25,0.0
1986.25
4.0,4.0;2.0,1.0::-755.0,0.0
-755.0
2.0,2.0;2.0,2.0::-1875.0,0.0
-1875.0
2.0,2.0;2.0,2.0::-1875.0,0.0
-1875.0
2.0,2.0;2.0,3.0::625.0,0.0
625.0
2.0,3.0;2.0,2.0::-1250.0,0.0
-1250.0
2.0,2.0;2.0,4.0::625.0,0.0
625.0
2.0,4.0;2.0,2.0::-1250.0,0.0
-1250.0
2.0,2.0;3.0,0.0::-5000.0,0.0
-5000.0
3.0,0.0;2.0,2.0::-5000.0,0.0
-5000.0
2.0,2.0;3.0,1.0::-2500.0,0.0
-2500.0
3.0,1.0;2.0,2.0::-4375.0,0.0
-4375.0
2.0,2.0;3.0,2.0::-2500.0,0.0
-2500.0
3.0,2.0;2.0,2.0::-4375.0,0.0
-4375.0
2.0,2.0;3.0,3.0::0.0,0.0
0.0
3.0,3.0;2.0,2.0::-3750.0,0.0
-3750.0
2.0,2.0;3.0,4.0::0.0,0.0
0.0
3.0,4.0;2.0,2.0::-3750.0,0.0
-3750.0
2.0,2.0;4.0,0.0::-3750.0,0.0
-3750.0
4.0,0.0;2.0,2.0::0.0,0.0
0.0
2.0,2.0;4.0,1.0::-1250.0,0.0
-1250.0
4.0,1.0;2.0,2.0::625.0,0.0
625.0
2.0,2.0;4.0,2.0::-1250.0,0.0
-1250.0
4.0,2.0;2.0,2.0::625.0,0.0
625.0
2.0,2.0;4.0,3.0::1250.0,0.0
1250.0
4.0,3.0;2.0,2.0::1250.0,0.0
1250.0
2.0,2.0;4.0,4.0::1250.0,0.0
1250.0
4.0,4.0;2.0,2.0::1250.0,0.0
1250.0
2.0,3.0;2.0,3.0::1250.0,0.0
1250.0
2.0,3.0;2.0,3.0::1250.0,0.0
1250.0
2.0,3.0;2.0,4.0::1250.0,0.0
1250.0
2.0,4.0;2.0,3.0::1250.0,0.0
1250.0
2.0,3.0;3.0,0.0::-3000.0,0.0
-3000.0
3.0,0.0;2.0,3.0::-2000.0,0.0
-2000.0
2.0,3.0;3.0,1.0::-500.0,0.0
-500.0
3.0,1.0;2.0,3.0::-1375.0,0.0
-1375.0
2.0,3.0;3.0,2.0::-500.0,0.0
-500.0
3.0,2.0;2.0,3.0::-1375.0,0.0
-1375.0
2.0,3.0;3.0,3.0::2000.0,0.0
2000.0
3.0,3.0;2.0,3.0::-750.0,0.0
-750.0
2.0,3.0;3.0,4.0::2000.0,0.0
2000.0
3.0,4.0;2.0,3.0::-750.0,0.0
-750.0
2.0,3.0;4.0,0.0::-3750.0,0.0
-3750.0
4.0,0.0;2.0,3.0::0.0,0.0
0.0
2.0,3.0;4.0,1.0::-1250.0,0.0
-1250.0
4.0,1.0;2.0,3.0::625.0,0.0
625.0
2.0,3.0;4.0,2.0::-1250.0,0.0
-1250.0
4.0,2.0;2.0,3.0::625.0,0.0
625.0
2.0,3.0;4.0,3.0::1250.0,0.0
1250.0
4.0,3.0;2.0,3.0::1250.0,0.0
1250.0
2.0,3.0;4.0,4.0::1250.0,0.0
1250.0
4.0,4.0;2.0,3.0::1250.0,0.0
1250.0
2.0,4.0;2.0,4.0::1250.0,0.0
1250.0
2.0,4.0;2.0,4.0::1250.0,0.0
1250.0
2.0,4.0;3.0,0.0::-3027.5,0.0
-3027.5
3.0,0.0;2.0,4.0::-2010.0,0.0
-2010.0
2.0,4.0;3.0,1.0::-527.5,0.0
-527.5
3.0,1.0;2.0,4.0::-1385.0,0.0
-1385.0
2.0,4.0;3.0,2.0::-527.5,0.0
-527.5
3.0,2.0;2.0,4.0::-1385.0,0.0
-1385.0
2.0,4.0;3.0,3.0::1972.5,0.0
1972.5
3.0,3.0;2.0,4.0::-760.0,0.0
-760.0
2.0,4.0;3.0,4.0::1972.5,0.0
1972.5
3.0,4.0;2.0,4.0::-760.0,0.0
-760.0
2.0,4.0;4.0,0.0::-3013.75,0.0
-3013.75
4.0,0.0;2.0,4.0::-2005.0,0.0
-2005.0
2.0,4.0;4.0,1.0::-513.75,0.0
-513.75
4.0,1.0;2.0,4.0::-1380.0,0.0
-1380.0
2.0,4.0;4.0,2.0::-513.75,0.0
-513.75
4.0,2.0;2.0,4.0::-1380.0,0.0
-1380.0
2.0,4.0;4.0,3.0::1986.25,0.0
1986.25
4.0,3.0;2.0,4.0::-755.0,0.0
-755.0
2.0,4.0;4.0,4.0::1986.25,0.0
1986.25
4.0,4.0;2.0,4.0::-755.0,0.0
-755.0
3.0,0.0;3.0,0.0::-5000.0,0.0
-5000.0
3.0,0.0;3.0,0.0::-5000.0,0.0
-5000.0
3.0,0.0;3.0,1.0::-2000.0,0.0
-2000.0
3.0,1.0;3.0,0.0::-3000.0,0.0
-3000.0
3.0,0.0;3.0,2.0::-5000.0,0.0
-5000.0
3.0,2.0;3.0,0.0::-5000.0,0.0
-5000.0
3.0,0.0;3.0,3.0::-2000.0,0.0
-2000.0
3.0,3.0;3.0,0.0::-3000.0,0.0
-3000.0
3.0,0.0;3.0,4.0::-2010.0,0.0
-2010.0
3.0,4.0;3.0,0.0::-3027.5,0.0
-3027.5
3.0,0.0;4.0,0.0::-3013.75,0.0
-3013.75
4.0,0.0;3.0,0.0::-2005.0,0.0
-2005.0
3.0,0.0;4.0,1.0::-13.75,0.0
-13.75
4.0,1.0;3.0,0.0::-5.0,0.0
-5.0
3.0,0.0;4.0,2.0::-3013.75,0.0
-3013.75
4.0,2.0;3.0,0.0::-2005.0,0.0
-2005.0
3.0,0.0;4.0,3.0::-13.75,0.0
-13.75
4.0,3.0;3.0,0.0::-5.0,0.0
-5.0
3.0,0.0;4.0,4.0::-23.75,0.0
-23.75
4.0,4.0;3.0,0.0::-32.5,0.0
-32.5
3.0,1.0;3.0,1.0::0.0,0.0
0.0
3.0,1.0;3.0,1.0::0.0,0.0
0.0
3.0,1.0;3.0,2.0::-3000.0,0.0
-3000.0
3.0,2.0;3.0,1.0::-2000.0,0.0
-2000.0
3.0,1.0;3.0,3.0::0.0,0.0
0.0
3.0,3.0;3.0,1.0::0.0,0.0
0.0
3.0,1.0;3.0,4.0::-10.0,0.0
-10.0
3.0,4.0;3.0,1.0::-27.5,0.0
-27.5
3.0,1.0;4.0,0.0::-3013.75,0.0
-3013.75
4.0,0.0;3.0,1.0::-2005.0,0.0
-2005.0
3.0,1.0;4.0,1.0::-13.75,0.0
-13.75
4.0,1.0;3.0,1.0::-5.0,0.0
-5.0
3.0,1.0;4.0,2.0::-3013.75,0.0
-3013.75
4.0,2.0;3.0,1.0::-2005.0,0.0
-2005.0
3.0,1.0;4.0,3.0::-13.75,0.0
-13.75
4.0,3.0;3.0,1.0::-5.0,0.0
-5.0
3.0,1.0;4.0,4.0::-23.75,0.0
-23.75
4.0,4.0;3.0,1.0::-32.5,0.0
-32.5
3.0,2.0;3.0,2.0::-5000.0,0.0
-5000.0
3.0,2.0;3.0,2.0::-5000.0,0.0
-5000.0
3.0,2.0;3.0,3.0::-2000.0,0.0
-2000.0
3.0,3.0;3.0,2.0::-3000.0,0.0
-3000.0
3.0,2.0;3.0,4.0::-2010.0,0.0
-2010.0
3.0,4.0;3.0,2.0::-3027.5,0.0
-3027.5
3.0,2.0;4.0,0.0::-3750.0,0.0
-3750.0
4.0,0.0;3.0,2.0::0.0,0.0
0.0
3.0,2.0;4.0,1.0::-750.0,0.0
-750.0
4.0,1.0;3.0,2.0::2000.0,0.0
2000.0
3.0,2.0;4.0,2.0::-3750.0,0.0
-3750.0
4.0,2.0;3.0,2.0::0.0,0.0
0.0
3.0,2.0;4.0,3.0::-750.0,0.0
-750.0
4.0,3.0;3.0,2.0::2000.0,0.0
2000.0
3.0,2.0;4.0,4.0::-760.0,0.0
-760.0
4.0,4.0;3.0,2.0::1972.5,0.0
1972.5
3.0,3.0;3.0,3.0::0.0,0.0
0.0
3.0,3.0;3.0,3.0::0.0,0.0
0.0
3.0,3.0;3.0,4.0::-10.0,0.0
-10.0
3.0,4.0;3.0,3.0::-27.5,0.0
-27.5
3.0,3.0;4.0,0.0::-3750.0,0.0
-3750.0
4.0,0.0;3.0,3.0::0.0,0.0
0.0
3.0,3.0;4.0,1.0::-750.0,0.0
-750.0
4.0,1.0;3.0,3.0::2000.0,0.0
2000.0
3.0,3.0;4.0,2.0::-3750.0,0.0
-3750.0
4.0,2.0;3.0,3.0::0.0,0.0
0.0
3.0,3.0;4.0,3.0::-750.0,0.0
-750.0
4.0,3.0;3.0,3.0::2000.0,0.0
2000.0
3.0,3.0;4.0,4.0::-760.0,0.0
-760.0
4.0,4.0;3.0,3.0::1972.5,0.0
1972.5
3.0,4.0;3.0,4.0::-37.5,0.0
-37.5
3.0,4.0;3.0,4.0::-37.5,0.0
-37.5
3.0,4.0;4.0,0.0::-3013.75,0.0
-3013.75
4.0,0.0;3.0,4.0::-2005.0,0.0
-2005.0
3.0,4.0;4.0,1.0::-13.75,0.0
-13.75
4.0,1.0;3.0,4.0::-5.0,0.0
-5.0
3.0,4.0;4.0,2.0::-3013.75,0.0
-3013.75
4.0,2.0;3.0,4.0::-2005.0,0.0
-2005.0
3.0,4.0;4.0,3.0::-13.75,0.0
-13.75
4.0,3.0;3.0,4.0::-5.0,0.0
-5.0
3.0,4.0;4.0,4.0::-23.75,0.0
-23.75
4.0,4.0;3.0,4.0::-32.5,0.0
-32.5
4.0,0.0;4.0,0.0::-18.75,0.0
-18.75
4.0,0.0;4.0,0.0::-18.75,0.0
-18.75
4.0,0.0;4.0,1.0::-18.75,0.0
-18.75
4.0,1.0;4.0,0.0::-18.75,0.0
-18.75
4.0,0.0;4.0,2.0::1986.25,0.0
1986.25
4.0,2.0;4.0,0.0::-755.0,0.0
-755.0
4.0,0.0;4.0,3.0::1986.25,0.0
1986.25
4.0,3.0;4.0,0.0::-755.0,0.0
-755.0
4.0,0.0;4.0,4.0::-18.75,0.0
-18.75
4.0,4.0;4.0,0.0::-18.75,0.0
-18.75
4.0,1.0;4.0,1.0::-18.75,0.0
-18.75
4.0,1.0;4.0,1.0::-18.75,0.0
-18.75
4.0,1.0;4.0,2.0::1986.25,0.0
1986.25
4.0,2.0;4.0,1.0::-755.0,0.0
-755.0
4.0,1.0;4.0,3.0::1986.25,0.0
1986.25
4.0,3.0;4.0,1.0::-755.0,0.0
-755.0
4.0,1.0;4.0,4.0::-18.75,0.0
-18.75
4.0,4.0;4.0,1.0::-18.75,0.0
-18.75
4.0,2.0;4.0,2.0::1250.0,0.0
1250.0
4.0,2.0;4.0,2.0::1250.0,0.0
1250.0
4.0,2.0;4.0,3.0::1250.0,0.0
1250.0
4.0,3.0;4.0,2.0::1250.0,0.0
1250.0
4.0,2.0;4.0,4.0::-755.0,0.0
-755.0
4.0,4.0;4.0,2.0::1986.25,0.0
1986.25
4.0,3.0;4.0,3.0::1250.0,0.0
1250.0
4.0,3.0;4.0,3.0::1250.0,0.0
1250.0
4.0,3.0;4.0,4.0::-755.0,0.0
-755.0
4.0,4.0;4.0,3.0::1986.25,0.0
1986.25
4.0,4.0;4.0,4.0::-18.75,0.0
-18.75
4.0,4.0;4.0,4.0::-18.75,0.0
-18.75
