2.0,4.0;2.0,4.0::-3000.0,0.0
-3000.0
2.0,4.0;2.0,4.0::-3000.0,0.0
-3000.0
2.0,4.0;3.0,0.0::-2537.5,0.0
-2537.5
3.0,0.0;2.0,4.0::-537.5,0.0
-537.5
2.0,4.0;3.0,1.0::-787.5,0.0
-787.5
3.0,1.0;2.0,4.0::-787.5,0.0
-787.5
2.0,4.0;3.0,2.0::-787.5,0.0
-787.5
3.0,2.0;2.0,4.0::-787.5,0.0
-787.5
2.0,4.0;3.0,3.0::962.5,0.0
962.5
3.0,3.0;2.0,4.0::-1037.5,0.0
-1037.5
2.0,4.0;3.0,4.0::-2537.5,0.0
-2537.5
3.0,4.0;2.0,4.0::-537.5,0.0
-537.5
2.0,4.0;4.0,0.0::-2507.5,0.0
-2507.5
4.0,0.0;2.0,4.0::-507.5,0.0
-507.5
2.0,4.0;4.0,1.0::-757.5,0.0
-757.5
4.0,1.0;2.0,4.0::-757.5,0.0
-757.5
2.0,4.0;4.0,2.0::-757.5,0.0
-757.5
4.0,2.0;2.0,4.0::-757.5,0.0
-757.5
2.0,4.0;4.0,3.0::992.5,0.0
992.5
4.0,3.0;2.0,4.0::-1007.5,0.0
-1007.5
2.0,4.0;4.0,4.0::-2507.5,0.0
-2507.5
4.0,4.0;2.0,4.0::-507.5,0.0
-507.5
