0.0,2.0;0.0,2.0::0.0,0.0
0.0
0.0,2.0;0.0,2.0::0.0,0.0
0.0
0.0,2.0;0.0,3.0::0.0,0.0
0.0
0.0,3.0;0.0,2.0::0.0,0.0
0.0
0.0,2.0;0.0,4.0::-62.5,0.0
-62.5
0.0,4.0;0.0,2.0::-12.5,0.0
-12.5
0.0,2.0;1.0,0.0::-2250.0,0.0
-2250.0
1.0,0.0;0.0,2.0::-2250.0,0.0
-2250.0
0.0,2.0;1.0,1.0::-2250.0,0.0
-2250.0
1.0,1.0;0.0,2.0::-2250.0,0.0
-2250.0
0.0,2.0;1.0,2.0::250.0,0.0
250.0
1.0,2.0;0.0,2.0::-1750.0,0.0
-1750.0
0.0,2.0;1.0,3.0::250.0,0.0
250.0
1.0,3.0;0.0,2.0::-1750.0,0.0
-1750.0
0.0,2.0;1.0,4.0::187.5,0.0
187.5
1.0,4.0;0.0,2.0::-1762.5,0.0
-1762.5
0.0,2.0;2.0,0.0::-2250.0,0.0
-2250.0
2.0,0.0;0.0,2.0::-2250.0,0.0
-2250.0
0.0,2.0;2.0,1.0::-2250.0,0.0
-2250.0
2.0,1.0;0.0,2.0::-2250.0,0.0
-2250.0
0.0,2.0;2.0,2.0::250.0,0.0
250.0
2.0,2.0;0.0,2.0::-1750.0,0.0
-1750.0
0.0,2.0;2.0,3.0::250.0,0.0
250.0
2.0,3.0;0.0,2.0::-1750.0,0.0
-1750.0
0.0,2.0;2.0,4.0::187.5,0.0
187.5
2.0,4.0;0.0,2.0::-1762.5,0.0
-1762.5
0.0,2.0;3.0,0.0::-2000.0,0.0
-2000.0
3.0,0.0;0.0,2.0::-4000.0,0.0
-4000.0
0.0,2.0;3.0,1.0::-2000.0,0.0
-2000.0
3.0,1.0;0.0,2.0::-4000.0,0.0
-4000.0
0.0,2.0;3.0,2.0::500.0,0.0
500.0
3.0,2.0;0.0,2.0::-3500.0,0.0
-3500.0
0.0,2.0;3.0,3.0::500.0,0.0
500.0
3.0,3.0;0.0,2.0::-3500.0,0.0
-3500.0
0.0,2.0;3.0,4.0::437.5,0.0
437.5
3.0,4.0;0.0,2.0::-3512.5,0.0
-3512.5
0.0,2.0;4.0,0.0::-2500.0,0.0
-2500.0
4.0,0.0;0.0,2.0::-500.0,0.0
-500.0
0.0,2.0;4.0,1.0::-2500.0,0.0
-2500.0
4.0,1.0;0.0,2.0::-500.0,0.0
-500.0
0.0,2.0;4.0,2.0::0.0,0.0
0.0
4.0,2.0;0.0,2.0::0.0,0.0
0.0
0.0,2.0;4.0,3.0::0.0,0.0
0.0
4.0,3.0;0.0,2.0::0.0,0.0
0.0
0.0,2.0;4.0,4.0::-62.5,0.0
-62.5
4.0,4.0;0.0,2.0::-12.5,0.0
-12.5
