0.0,4.0;0.0,4.0::-75.0,0.0
-75.0
0.0,4.0;0.0,4.0::-75.0,0.0
-75.0
0.0,4.0;1.0,0.0::-1537.5,0.0
-1537.5
1.0,0.0;0.0,4.0::-1537.5,0.0
-1537.5
0.0,4.0;1.0,1.0::-1537.5,0.0
-1537.5
1.0,1.0;0.0,4.0::-1537.5,0.0
-1537.5
0.0,4.0;1.0,2.0::962.5,0.0
962.5
1.0,2.0;0.0,4.0::-1037.5,0.0
-1037.5
0.0,4.0;1.0,3.0::962.5,0.0
962.5
1.0,3.0;0.0,4.0::-1037.5,0.0
-1037.5
0.0,4.0;1.0,4.0::900.0,0.0
900.0
1.0,4.0;0.0,4.0::-1050.0,0.0
-1050.0
0.0,4.0;2.0,0.0::-2000.0,0.0
-2000.0
2.0,0.0;0.0,4.0::-4000.0,0.0
-4000.0
0.0,4.0;2.0,1.0::-2000.0,0.0
-2000.0
2.0,1.0;0.0,4.0::-4000.0,0.0
-4000.0
0.0,4.0;2.0,2.0::500.0,0.0
500.0
2.0,2.0;0.0,4.0::-3500.0,0.0
-3500.0
0.0,4.0;2.0,3.0::500.0,0.0
500.0
2.0,3.0;0.0,4.0::-3500.0,0.0
-3500.0
0.0,4.0;2.0,4.0::437.5,0.0
437.5
2.0,4.0;0.0,4.0::-3512.5,0.0
-3512.5
0.0,4.0;3.0,0.0::-1537.5,0.0
-1537.5
3.0,0.0;0.0,4.0::-1537.5,0.0
-1537.5
0.0,4.0;3.0,1.0::-1537.5,0.0
-1537.5
3.0,1.0;0.0,4.0::-1537.5,0.0
-1537.5
0.0,4.0;3.0,2.0::962.5,0.0
962.5
3.0,2.0;0.0,4.0::-1037.5,0.0
-1037.5
0.0,4.0;3.0,3.0::962.5,0.0
962.5
3.0,3.0;0.0,4.0::-1037.5,0.0
-1037.5
0.0,4.0;3.0,4.0::900.0,0.0
900.0
3.0,4.0;0.0,4.0::-1050.0,0.0
-1050.0
0.0,4.0;4.0,0.0::-1507.5,0.0
-1507.5
4.0,0.0;0.0,4.0::-1507.5,0.0
-1507.5
0.0,4.0;4.0,1.0::-1507.5,0.0
-1507.5
4.0,1.0;0.0,4.0::-1507.5,0.0
-1507.5
0.0,4.0;4.0,2.0::992.5,0.0
992.5
4.0,2.0;0.0,4.0::-1007.5,0.0
-1007.5
0.0,4.0;4.0,3.0::992.5,0.0
992.5
4.0,3.0;0.0,4.0::-1007.5,0.0
-1007.5
0.0,4.0;4.0,4.0::930.0,0.0
930.0
4.0,4.0;0.0,4.0::-1020.0,0.0
-1020.0
