0.0,0.0;0.0,0.0::-10500.0,0.0
-10500.0
0.0,0.0;0.0,0.0::-10500.0,0.0
-10500.0
0.0,0.0;0.0,1.0::-10500.0,0.0
-10500.0
0.0,1.0;0.0,0.0::-10500.0,0.0
-10500.0
0.0,0.0;0.0,2.0::-500.0,0.0
-500.0
0.0,2.0;0.0,0.0::-10000.0,0.0
-10000.0
0.0,0.0;0.0,3.0::-500.0,0.0
-500.0
0.0,3.0;0.0,0.0::-10000.0,0.0
-10000.0
0.0,0.0;0.0,4.0::-550.0,0.0
-550.0
0.0,4.0;0.0,0.0::-10002.5,0.0
-10002.5
0.0,0.0;1.0,0.0::-10500.0,0.0
-10500.0
1.0,0.0;0.0,0.0::-10500.0,0.0
-10500.0
0.0,0.0;1.0,1.0::-10500.0,0.0
-10500.0
1.0,1.0;0.0,0.0::-10500.0,0.0
-10500.0
0.0,0.0;1.0,2.0::-500.0,0.0
-500.0
1.0,2.0;0.0,0.0::-10000.0,0.0
-10000.0
0.0,0.0;1.0,3.0::-500.0,0.0
-500.0
1.0,3.0;0.0,0.0::-10000.0,0.0
-10000.0
0.0,0.0;1.0,4.0::-550.0,0.0
-550.0
1.0,4.0;0.0,0.0::-10002.5,0.0
-10002.5
0.0,0.0;2.0,0.0::-9500.0,0.0
-9500.0
2.0,0.0;0.0,0.0::-11500.0,0.0
-11500.0
0.0,0.0;2.0,1.0::-9500.0,0.0
-9500.0
2.0,1.0;0.0,0.0::-11500.0,0.0
-11500.0
0.0,0.0;2.0,2.0::500.0,0.0
500.0
2.0,2.0;0.0,0.0::-11000.0,0.0
-11000.0
0.0,0.0;2.0,3.0::500.0,0.0
500.0
2.0,3.0;0.0,0.0::-11000.0,0.0
-11000.0
0.0,0.0;2.0,4.0::450.0,0.0
450.0
2.0,4.0;0.0,0.0::-11002.5,0.0
-11002.5
0.0,0.0;3.0,0.0::-9500.0,0.0
-9500.0
3.0,0.0;0.0,0.0::-11500.0,0.0
-11500.0
0.0,0.0;3.0,1.0::-9500.0,0.0
-9500.0
3.0,1.0;0.0,0.0::-11500.0,0.0
-11500.0
0.0,0.0;3.0,2.0::500.0,0.0
500.0
3.0,2.0;0.0,0.0::-11000.0,0.0
-11000.0
0.0,0.0;3.0,3.0::500.0,0.0
500.0
3.0,3.0;0.0,0.0::-11000.0,0.0
-11000.0
0.0,0.0;3.0,4.0::450.0,0.0
450.0
3.0,4.0;0.0,0.0::-11002.5,0.0
-11002.5
0.0,0.0;4.0,0.0::-9015.0,0.0
-9015.0
4.0,0.0;0.0,0.0::-1590.0,0.0
-1590.0
0.0,0.0;4.0,1.0::-9015.0,0.0
-9015.0
4.0,1.0;0.0,0.0::-1590.0,0.0
-1590.0
0.0,0.0;4.0,2.0::985.0,0.0
985.0
4.0,2.0;0.0,0.0::-1090.0,0.0
-1090.0
0.0,0.0;4.0,3.0::985.0,0.0
985.0
4.0,3.0;0.0,0.0::-1090.0,0.0
-1090.0
0.0,0.0;4.0,4.0::935.0,0.0
935.0
4.0,4.0;0.0,0.0::-1092.5,0.0
-1092.5
