0.0,1.0;0.0,1.0::-10500.0,0.0
-10500.0
0.0,1.0;0.0,1.0::-10500.0,0.0
-10500.0
0.0,1.0;0.0,2.0::-500.0,0.0
-500.0
0.0,2.0;0.0,1.0::-10000.0,0.0
-10000.0
0.0,1.0;0.0,3.0::-500.0,0.0
-500.0
0.0,3.0;0.0,1.0::-10000.0,0.0
-10000.0
0.0,1.0;0.0,4.0::-550.0,0.0
-550.0
0.0,4.0;0.0,1.0::-10002.5,0.0
-10002.5
0.0,1.0;1.0,0.0::-9750.0,0.0
-9750.0
1.0,0.0;0.0,1.0::-6000.0,0.0
-6000.0
0.0,1.0;1.0,1.0::-9750.0,0.0
-9750.0
1.0,1.0;0.0,1.0::-6000.0,0.0
-6000.0
0.0,1.0;1.0,2.0::250.0,0.0
250.0
1.0,2.0;0.0,1.0::-5500.0,0.0
-5500.0
0.0,1.0;1.0,3.0::250.0,0.0
250.0
1.0,3.0;0.0,1.0::-5500.0,0.0
-5500.0
0.0,1.0;1.0,4.0::200.0,0.0
200.0
1.0,4.0;0.0,1.0::-5502.5,0.0
-5502.5
0.0,1.0;2.0,0.0::-9750.0,0.0
-9750.0
2.0,0.0;0.0,1.0::-6000.0,0.0
-6000.0
0.0,1.0;2.0,1.0::-9750.0,0.0
-9750.0
2.0,1.0;0.0,1.0::-6000.0,0.0
-6000.0
0.0,1.0;2.0,2.0::250.0,0.0
250.0
2.0,2.0;0.0,1.0::-5500.0,0.0
-5500.0
0.0,1.0;2.0,3.0::250.0,0.0
250.0
2.0,3.0;0.0,1.0::-5500.0,0.0
-5500.0
0.0,1.0;2.0,4.0::200.0,0.0
200.0
2.0,4.0;0.0,1.0::-5502.5,0.0
-5502.5
0.0,1.0;3.0,0.0::-9000.0,0.0
-9000.0
3.0,0.0;0.0,1.0::-1500.0,0.0
-1500.0
0.0,1.0;3.0,1.0::-9000.0,0.0
-9000.0
3.0,1.0;0.0,1.0::-1500.0,0.0
-1500.0
0.0,1.0;3.0,2.0::1000.0,0.0
1000.0
3.0,2.0;0.0,1.0::-1000.0,0.0
-1000.0
0.0,1.0;3.0,3.0::1000.0,0.0
1000.0
3.0,3.0;0.0,1.0::-1000.0,0.0
-1000.0
0.0,1.0;3.0,4.0::950.0,0.0
950.0
3.0,4.0;0.0,1.0::-1002.5,0.0
-1002.5
0.0,1.0;4.0,0.0::-9015.0,0.0
-9015.0
4.0,0.0;0.0,1.0::-1590.0,0.0
-1590.0
0.0,1.0;4.0,1.0::-9015.0,0.0
-9015.0
4.0,1.0;0.0,1.0::-1590.0,0.0
-1590.0
0.0,1.0;4.0,2.0::985.0,0.0
985.0
4.0,2.0;0.0,1.0::-1090.0,0.0
-1090.0
0.0,1.0;4.0,3.0::985.0,0.0
985.0
4.0,3.0;0.0,1.0::-1090.0,0.0
-1090.0
0.0,1.0;4.0,4.0::935.0,0.0
935.0
4.0,4.0;0.0,1.0::-1092.5,0.0
-1092.5
