2.0,0.0;2.0,0.0::-10500.0,0.0
-10500.0
2.0,0.0;2.0,0.0::-10500.0,0.0
-10500.0
2.0,0.0;2.0,1.0::-5000.0,0.0
-5000.0
2.0,1.0;2.0,0.0::-10750.0,0.0
-10750.0
2.0,0.0;2.0,2.0::-5000.0,0.0
-5000.0
2.0,2.0;2.0,0.0::-10750.0,0.0
-10750.0
2.0,0.0;2.0,3.0::500.0,0.0
500.0
2.0,3.0;2.0,0.0::-11000.0,0.0
-11000.0
2.0,0.0;2.0,4.0::-10500.0,0.0
-10500.0
2.0,4.0;2.0,0.0::-10500.0,0.0
-10500.0
2.0,0.0;3.0,0.0::-10500.0,0.0
-10500.0
3.0,0.0;2.0,0.0::-10500.0,0.0
-10500.0
2.0,0.0;3.0,1.0::-5000.0,0.0
-5000.0
3.0,1.0;2.0,0.0::-10750.0,0.0
-10750.0
2.0,0.0;3.0,2.0::-5000.0,0.0
-5000.0
3.0,2.0;2.0,0.0::-10750.0,0.0
-10750.0
2.0,0.0;3.0,3.0::500.0,0.0
500.0
3.0,3.0;2.0,0.0::-11000.0,0.0
-11000.0
2.0,0.0;3.0,4.0::-10500.0,0.0
-10500.0
3.0,4.0;2.0,0.0::-10500.0,0.0
-10500.0
2.0,0.0;4.0,0.0::-10015.0,0.0
-10015.0
4.0,0.0;2.0,0.0::-590.0,0.0
-590.0
2.0,0.0;4.0,1.0::-4515.0,0.0
-4515.0
4.0,1.0;2.0,0.0::-840.0,0.0
-840.0
2.0,0.0;4.0,2.0::-4515.0,0.0
-4515.0
4.0,2.0;2.0,0.0::-840.0,0.0
-840.0
2.0,0.0;4.0,3.0::985.0,0.0
985.0
4.0,3.0;2.0,0.0::-1090.0,0.0
-1090.0
2.0,0.0;4.0,4.0::-10015.0,0.0
-10015.0
4.0,4.0;2.0,0.0::-590.0,0.0
-590.0
