2.0,4.0;2.0,4.0::-10500.0,0.0
-10500.0
2.0,4.0;2.0,4.0::-10500.0,0.0
-10500.0
2.0,4.0;3.0,0.0::-10007.5,0.0
-10007.5
3.0,0.0;2.0,4.0::-545.0,0.0
-545.0
2.0,4.0;3.0,1.0::-4507.5,0.0
-4507.5
3.0,1.0;2.0,4.0::-795.0,0.0
-795.0
2.0,4.0;3.0,2.0::-4507.5,0.0
-4507.5
3.0,2.0;2.0,4.0::-795.0,0.0
-795.0
2.0,4.0;3.0,3.0::992.5,0.0
992.5
3.0,3.0;2.0,4.0::-1045.0,0.0
-1045.0
2.0,4.0;3.0,4.0::-10007.5,0.0
-10007.5
3.0,4.0;2.0,4.0::-545.0,0.0
-545.0
2.0,4.0;4.0,0.0::-11002.5,0.0
-11002.5
4.0,0.0;2.0,4.0::450.0,0.0
450.0
2.0,4.0;4.0,1.0::-5502.5,0.0
-5502.5
4.0,1.0;2.0,4.0::200.0,0.0
200.0
2.0,4.0;4.0,2.0::-5502.5,0.0
-5502.5
4.0,2.0;2.0,4.0::200.0,0.0
200.0
2.0,4.0;4.0,3.0::-2.5,0.0
-2.5
4.0,3.0;2.0,4.0::-50.0,0.0
-50.0
2.0,4.0;4.0,4.0::-11002.5,0.0
-11002.5
4.0,4.0;2.0,4.0::450.0,0.0
450.0
