3.0,2.0;3.0,2.0::-10500.0,0.0
-10500.0
3.0,2.0;3.0,2.0::-10500.0,0.0
-10500.0
3.0,2.0;3.0,3.0::-500.0,0.0
-500.0
3.0,3.0;3.0,2.0::-10000.0,0.0
-10000.0
3.0,2.0;3.0,4.0::-545.0,0.0
-545.0
3.0,4.0;3.0,2.0::-10007.5,0.0
-10007.5
3.0,2.0;4.0,0.0::-11000.0,0.0
-11000.0
4.0,0.0;3.0,2.0::500.0,0.0
500.0
3.0,2.0;4.0,1.0::-1000.0,0.0
-1000.0
4.0,1.0;3.0,2.0::1000.0,0.0
1000.0
3.0,2.0;4.0,2.0::-11000.0,0.0
-11000.0
4.0,2.0;3.0,2.0::500.0,0.0
500.0
3.0,2.0;4.0,3.0::-1000.0,0.0
-1000.0
4.0,3.0;3.0,2.0::1000.0,0.0
1000.0
3.0,2.0;4.0,4.0::-1045.0,0.0
-1045.0
4.0,4.0;3.0,2.0::992.5,0.0
992.5
