0.0,4.0;0.0,4.0::-52.5,0.0
-52.5
0.0,4.0;0.0,4.0::-52.5,0.0
-52.5
0.0,4.0;1.0,0.0::-9007.5,0.0
-9007.5
1.0,0.0;0.0,4.0::-1545.0,0.0
-1545.0
0.0,4.0;1.0,1.0::-9007.5,0.0
-9007.5
1.0,1.0;0.0,4.0::-1545.0,0.0
-1545.0
0.0,4.0;1.0,2.0::992.5,0.0
992.5
1.0,2.0;0.0,4.0::-1045.0,0.0
-1045.0
0.0,4.0;1.0,3.0::992.5,0.0
992.5
1.0,3.0;0.0,4.0::-1045.0,0.0
-1045.0
0.0,4.0;1.0,4.0::942.5,0.0
942.5
1.0,4.0;0.0,4.0::-1047.5,0.0
-1047.5
0.0,4.0;2.0,0.0::-9500.0,0.0
-9500.0
2.0,0.0;0.0,4.0::-11500.0,0.0
-11500.0
0.0,4.0;2.0,1.0::-9500.0,0.0
-9500.0
2.0,1.0;0.0,4.0::-11500.0,0.0
-11500.0
0.0,4.0;2.0,2.0::500.0,0.0
500.0
2.0,2.0;0.0,4.0::-11000.0,0.0
-11000.0
0.0,4.0;2.0,3.0::500.0,0.0
500.0
2.0,3.0;0.0,4.0::-11000.0,0.0
-11000.0
0.0,4.0;2.0,4.0::450.0,0.0
450.0
2.0,4.0;0.0,4.0::-11002.5,0.0
-11002.5
0.0,4.0;3.0,0.0::-9007.5,0.0
-9007.5
3.0,0.0;0.0,4.0::-1545.0,0.0
-1545.0
0.0,4.0;3.0,1.0::-9007.5,0.0
-9007.5
3.0,1.0;0.0,4.0::-1545.0,0.0
-1545.0
0.0,4.0;3.0,2.0::992.5,0.0
992.5
3.0,2.0;0.0,4.0::-1045.0,0.0
-1045.0
0.0,4.0;3.0,3.0::992.5,0.0
992.5
3.0,3.0;0.0,4.0::-1045.0,0.0
-1045.0
0.0,4.0;3.0,4.0::942.5,0.0
942.5
3.0,4.0;0.0,4.0::-1047.5,0.0
-1047.5
0.0,4.0;4.0,0.0::-10002.5,0.0
-10002.5
4.0,0.0;0.0,4.0::-550.0,0.0
-550.0
0.0,4.0;4.0,1.0::-10002.5,0.0
-10002.5
4.0,1.0;0.0,4.0::-550.0,0.0
-550.0
0.0,4.0;4.0,2.0::-2.5,0.0
-2.5
4.0,2.0;0.0,4.0::-50.0,0.0
-50.0
0.0,4.0;4.0,3.0::-2.5,0.0
-2.5
4.0,3.0;0.0,4.0::-50.0,0.0
-50.0
0.0,4.0;4.0,4.0::-52.5,0.0
-52.5
4.0,4.0;0.0,4.0::-52.5,0.0
-52.5
