1.0,2.0;1.0,2.0::-5250.0,0.0
-5250.0
1.0,2.0;1.0,2.0::-5250.0,0.0
-5250.0
1.0,2.0;1.0,3.0::-750.0,0.0
-750.0
1.0,3.0;1.0,2.0::-4500.0,0.0
-4500.0
1.0,2.0;1.0,4.0::-795.0,0.0
-795.0
1.0,4.0;1.0,2.0::-4507.5,0.0
-4507.5
1.0,2.0;2.0,0.0::-9750.0,0.0
-9750.0
2.0,0.0;1.0,2.0::-6000.0,0.0
-6000.0
1.0,2.0;2.0,1.0::-5250.0,0.0
-5250.0
2.0,1.0;1.0,2.0::-5250.0,0.0
-5250.0
1.0,2.0;2.0,2.0::-5250.0,0.0
-5250.0
2.0,2.0;1.0,2.0::-5250.0,0.0
-5250.0
1.0,2.0;2.0,3.0::-750.0,0.0
-750.0
2.0,3.0;1.0,2.0::-4500.0,0.0
-4500.0
1.0,2.0;2.0,4.0::-795.0,0.0
-795.0
2.0,4.0;1.0,2.0::-4507.5,0.0
-4507.5
1.0,2.0;3.0,0.0::-9500.0,0.0
-9500.0
3.0,0.0;1.0,2.0::-11500.0,0.0
-11500.0
1.0,2.0;3.0,1.0::-5000.0,0.0
-5000.0
3.0,1.0;1.0,2.0::-10750.0,0.0
-10750.0
1.0,2.0;3.0,2.0::-5000.0,0.0
-5000.0
3.0,2.0;1.0,2.0::-10750.0,0.0
-10750.0
1.0,2.0;3.0,3.0::-500.0,0.0
-500.0
3.0,3.0;1.0,2.0::-10000.0,0.0
-10000.0
1.0,2.0;3.0,4.0::-545.0,0.0
-545.0
3.0,4.0;1.0,2.0::-10007.5,0.0
-10007.5
1.0,2.0;4.0,0.0::-10000.0,0.0
-10000.0
4.0,0.0;1.0,2.0::-500.0,0.0
-500.0
1.0,2.0;4.0,1.0::-5500.0,0.0
-5500.0
4.0,1.0;1.0,2.0::250.0,0.0
250.0
1.0,2.0;4.0,2.0::-5500.0,0.0
-5500.0
4.0,2.0;1.0,2.0::250.0,0.0
250.0
1.0,2.0;4.0,3.0::-1000.0,0.0
-1000.0
4.0,3.0;1.0,2.0::1000.0,0.0
1000.0
1.0,2.0;4.0,4.0::-1045.0,0.0
-1045.0
4.0,4.0;1.0,2.0::992.5,0.0
992.5
