1.0,4.0;1.0,4.0::-52.5,0.0
-52.5
1.0,4.0;1.0,4.0::-52.5,0.0
-52.5
1.0,4.0;2.0,0.0::-9500.0,0.0
-9500.0
2.0,0.0;1.0,4.0::-11500.0,0.0
-11500.0
1.0,4.0;2.0,1.0::-5000.0,0.0
-5000.0
2.0,1.0;1.0,4.0::-10750.0,0.0
-10750.0
1.0,4.0;2.0,2.0::-5000.0,0.0
-5000.0
2.0,2.0;1.0,4.0::-10750.0,0.0
-10750.0
1.0,4.0;2.0,3.0::-500.0,0.0
-500.0
2.0,3.0;1.0,4.0::-10000.0,0.0
-10000.0
1.0,4.0;2.0,4.0::-545.0,0.0
-545.0
2.0,4.0;1.0,4.0::-10007.5,0.0
-10007.5
1.0,4.0;3.0,0.0::-9007.5,0.0
-9007.5
3.0,0.0;1.0,4.0::-1545.0,0.0
-1545.0
1.0,4.0;3.0,1.0::-4507.5,0.0
-4507.5
3.0,1.0;1.0,4.0::-795.0,0.0
-795.0
1.0,4.0;3.0,2.0::-4507.5,0.0
-4507.5
3.0,2.0;1.0,4.0::-795.0,0.0
-795.0
1.0,4.0;3.0,3.0::-7.5,0.0
-7.5
3.0,3.0;1.0,4.0::-45.0,0.0
-45.0
1.0,4.0;3.0,4.0::-52.5,0.0
-52.5
3.0,4.0;1.0,4.0::-52.5,0.0
-52.5
1.0,4.0;4.0,0.0::-10002.5,0.0
-10002.5
4.0,0.0;1.0,4.0::-550.0,0.0
-550.0
1.0,4.0;4.0,1.0::-5502.5,0.0
-5502.5
4.0,1.0;1.0,4.0::200.0,0.0
200.0
1.0,4.0;4.0,2.0::-5502.5,0.0
-5502.5
4.0,2.0;1.0,4.0::200.0,0.0
200.0
1.0,4.0;4.0,3.0::-1002.5,0.0
-1002.5
4.0,3.0;1.0,4.0::950.0,0.0
950.0
1.0,4.0;4.0,4.0::-1047.5,0.0
-1047.5
4.0,4.0;1.0,4.0::942.5,0.0
942.5
