0.0,0.0;0.0,0.0::-52500.0,0.0
-52500.0
0.0,0.0;0.0,0.0::-52500.0,0.0
-52500.0
0.0,0.0;0.0,1.0::-52500.0,0.0
-52500.0
0.0,1.0;0.0,0.0::-52500.0,0.0
-52500.0
0.0,0.0;0.0,2.0::-50000.0,0.0
-50000.0
0.0,2.0;0.0,0.0::-2500.0,0.0
-2500.0
0.0,0.0;0.0,3.0::-50000.0,0.0
-50000.0
0.0,3.0;0.0,0.0::-2500.0,0.0
-2500.0
0.0,0.0;0.0,4.0::-50012.5,0.0
-50012.5
0.0,4.0;0.0,0.0::-2750.0,0.0
-2750.0
0.0,0.0;1.0,0.0::-52500.0,0.0
-52500.0
1.0,0.0;0.0,0.0::-52500.0,0.0
-52500.0
0.0,0.0;1.0,1.0::-52500.0,0.0
-52500.0
1.0,1.0;0.0,0.0::-52500.0,0.0
-52500.0
0.0,0.0;1.0,2.0::-50000.0,0.0
-50000.0
1.0,2.0;0.0,0.0::-2500.0,0.0
-2500.0
0.0,0.0;1.0,3.0::-50000.0,0.0
-50000.0
1.0,3.0;0.0,0.0::-2500.0,0.0
-2500.0
0.0,0.0;1.0,4.0::-50012.5,0.0
-50012.5
1.0,4.0;0.0,0.0::-2750.0,0.0
-2750.0
0.0,0.0;2.0,0.0::-51500.0,0.0
-51500.0
2.0,0.0;0.0,0.0::-53500.0,0.0
-53500.0
0.0,0.0;2.0,1.0::-51500.0,0.0
-51500.0
2.0,1.0;0.0,0.0::-53500.0,0.0
-53500.0
0.0,0.0;2.0,2.0::-49000.0,0.0
-49000.0
2.0,2.0;0.0,0.0::-3500.0,0.0
-3500.0
0.0,0.0;2.0,3.0::-49000.0,0.0
-49000.0
2.0,3.0;0.0,0.0::-3500.0,0.0
-3500.0
0.0,0.0;2.0,4.0::-49012.5,0.0
-49012.5
2.0,4.0;0.0,0.0::-3750.0,0.0
-3750.0
0.0,0.0;3.0,0.0::-51500.0,0.0
-51500.0
3.0,0.0;0.0,0.0::-53500.0,0.0
-53500.0
0.0,0.0;3.0,1.0::-51500.0,0.0
-51500.0
3.0,1.0;0.0,0.0::-53500.0,0.0
-53500.0
0.0,0.0;3.0,2.0::-49000.0,0.0
-49000.0
3.0,2.0;0.0,0.0::-3500.0,0.0
-3500.0
0.0,0.0;3.0,3.0::-49000.0,0.0
-49000.0
3.0,3.0;0.0,0.0::-3500.0,0.0
-3500.0
0.0,0.0;3.0,4.0::-49012.5,0.0
-49012.5
3.0,4.0;0.0,0.0::-3750.0,0.0
-3750.0
0.0,0.0;4.0,0.0::-2010.0,0.0
-2010.0
4.0,0.0;0.0,0.0::-51015.0,0.0
-51015.0
0.0,0.0;4.0,1.0::-2010.0,0.0
-2010.0
4.0,1.0;0.0,0.0::-51015.0,0.0
-51015.0
0.0,0.0;4.0,2.0::490.0,0.0
490.0
4.0,2.0;0.0,0.0::-1015.0,0.0
-1015.0
0.0,0.0;4.0,3.0::490.0,0.0
490.0
4.0,3.0;0.0,0.0::-1015.0,0.0
-1015.0
0.0,0.0;4.0,4.0::477.5,0.0
477.5
4.0,4.0;0.0,0.0::-1265.0,0.0
-1265.0
