0.0,1.0;0.0,1.0::-52500.0,0.0
-52500.0
0.0,1.0;0.0,1.0::-52500.0,0.0
-52500.0
0.0,1.0;0.0,2.0::-50000.0,0.0
-50000.0
0.0,2.0;0.0,1.0::-2500.0,0.0
-2500.0
0.0,1.0;0.0,3.0::-50000.0,0.0
-50000.0
0.0,3.0;0.0,1.0::-2500.0,0.0
-2500.0
0.0,1.0;0.0,4.0::-50012.5,0.0
-50012.5
0.0,4.0;0.0,1.0::-2750.0,0.0
-2750.0
0.0,1.0;1.0,0.0::-27000.0,0.0
-27000.0
1.0,0.0;0.0,1.0::-51750.0,0.0
-51750.0
0.0,1.0;1.0,1.0::-27000.0,0.0
-27000.0
1.0,1.0;0.0,1.0::-51750.0,0.0
-51750.0
0.0,1.0;1.0,2.0::-24500.0,0.0
-24500.0
1.0,2.0;0.0,1.0::-1750.0,0.0
-1750.0
0.0,1.0;1.0,3.0::-24500.0,0.0
-24500.0
1.0,3.0;0.0,1.0::-1750.0,0.0
-1750.0
0.0,1.0;1.0,4.0::-24512.5,0.0
-24512.5
1.0,4.0;0.0,1.0::-2000.0,0.0
-2000.0
0.0,1.0;2.0,0.0::-27000.0,0.0
-27000.0
2.0,0.0;0.0,1.0::-51750.0,0.0
-51750.0
0.0,1.0;2.0,1.0::-27000.0,0.0
-27000.0
2.0,1.0;0.0,1.0::-51750.0,0.0
-51750.0
0.0,1.0;2.0,2.0::-24500.0,0.0
-24500.0
2.0,2.0;0.0,1.0::-1750.0,0.0
-1750.0
0.0,1.0;2.0,3.0::-24500.0,0.0
-24500.0
2.0,3.0;0.0,1.0::-1750.0,0.0
-1750.0
0.0,1.0;2.0,4.0::-24512.5,0.0
-24512.5
2.0,4.0;0.0,1.0::-2000.0,0.0
-2000.0
0.0,1.0;3.0,0.0::-1500.0,0.0
-1500.0
3.0,0.0;0.0,1.0::-51000.0,0.0
-51000.0
0.0,1.0;3.0,1.0::-1500.0,0.0
-1500.0
3.0,1.0;0.0,1.0::-51000.0,0.0
-51000.0
0.0,1.0;3.0,2.0::1000.0,0.0
1000.0
3.0,2.0;0.0,1.0::-1000.0,0.0
-1000.0
0.0,1.0;3.0,3.0::1000.0,0.0
1000.0
3.0,3.0;0.0,1.0::-1000.0,0.0
-1000.0
0.0,1.0;3.0,4.0::987.5,0.0
987.5
3.0,4.0;0.0,1.0::-1250.0,0.0
-1250.0
0.0,1.0;4.0,0.0::-2010.0,0.0
-2010.0
4.0,0.0;0.0,1.0::-51015.0,0.0
-51015.0
0.0,1.0;4.0,1.0::-2010.0,0.0
-2010.0
4.0,1.0;0.0,1.0::-51015.0,0.0
-51015.0
0.0,1.0;4.0,2.0::490.0,0.0
490.0
4.0,2.0;0.0,1.0::-1015.0,0.0
-1015.0
0.0,1.0;4.0,3.0::490.0,0.0
490.0
4.0,3.0;0.0,1.0::-1015.0,0.0
-1015.0
0.0,1.0;4.0,4.0::477.5,0.0
477.5
4.0,4.0;0.0,1.0::-1265.0,0.0
-1265.0
