2.0,0.0;2.0,0.0::-52500.0,0.0
-52500.0
2.0,0.0;2.0,0.0::-52500.0,0.0
-52500.0
2.0,0.0;2.0,1.0::-50750.0,0.0
-50750.0
2.0,1.0;2.0,0.0::-28000.0,0.0
-28000.0
2.0,0.0;2.0,2.0::-50750.0,0.0
-50750.0
2.0,2.0;2.0,0.0::-28000.0,0.0
-28000.0
2.0,0.0;2.0,3.0::-49000.0,0.0
-49000.0
2.0,3.0;2.0,0.0::-3500.0,0.0
-3500.0
2.0,0.0;2.0,4.0::-49000.0,0.0
-49000.0
2.0,4.0;2.0,0.0::-3500.0,0.0
-3500.0
2.0,0.0;3.0,0.0::-52500.0,0.0
-52500.0
3.0,0.0;2.0,0.0::-52500.0,0.0
-52500.0
2.0,0.0;3.0,1.0::-50750.0,0.0
-50750.0
3.0,1.0;2.0,0.0::-28000.0,0.0
-28000.0
2.0,0.0;3.0,2.0::-50750.0,0.0
-50750.0
3.0,2.0;2.0,0.0::-28000.0,0.0
-28000.0
2.0,0.0;3.0,3.0::-49000.0,0.0
-49000.0
3.0,3.0;2.0,0.0::-3500.0,0.0
-3500.0
2.0,0.0;3.0,4.0::-49000.0,0.0
-49000.0
3.0,4.0;2.0,0.0::-3500.0,0.0
-3500.0
2.0,0.0;4.0,0.0::-3010.0,0.0
-3010.0
4.0,0.0;2.0,0.0::-50015.0,0.0
-50015.0
2.0,0.0;4.0,1.0::-1260.0,0.0
-1260.0
4.0,1.0;2.0,0.0::-25515.0,0.0
-25515.0
2.0,0.0;4.0,2.0::-1260.0,0.0
-1260.0
4.0,2.0;2.0,0.0::-25515.0,0.0
-25515.0
2.0,0.0;4.0,3.0::490.0,0.0
490.0
4.0,3.0;2.0,0.0::-1015.0,0.0
-1015.0
2.0,0.0;4.0,4.0::490.0,0.0
490.0
4.0,4.0;2.0,0.0::-1015.0,0.0
-1015.0
