2.0,4.0;2.0,4.0::0.0,0.0
0.0
2.0,4.0;2.0,4.0::0.0,0.0
0.0
2.0,4.0;3.0,0.0::-2755.0,0.0
-2755.0
3.0,0.0;2.0,4.0::-50007.5,0.0
-50007.5
2.0,4.0;3.0,1.0::-1005.0,0.0
-1005.0
3.0,1.0;2.0,4.0::-25507.5,0.0
-25507.5
2.0,4.0;3.0,2.0::-1005.0,0.0
-1005.0
3.0,2.0;2.0,4.0::-25507.5,0.0
-25507.5
2.0,4.0;3.0,3.0::745.0,0.0
745.0
3.0,3.0;2.0,4.0::-1007.5,0.0
-1007.5
2.0,4.0;3.0,4.0::745.0,0.0
745.0
3.0,4.0;2.0,4.0::-1007.5,0.0
-1007.5
2.0,4.0;4.0,0.0::-3750.0,0.0
-3750.0
4.0,0.0;2.0,4.0::-49012.5,0.0
-49012.5
2.0,4.0;4.0,1.0::-2000.0,0.0
-2000.0
4.0,1.0;2.0,4.0::-24512.5,0.0
-24512.5
2.0,4.0;4.0,2.0::-2000.0,0.0
-2000.0
4.0,2.0;2.0,4.0::-24512.5,0.0
-24512.5
2.0,4.0;4.0,3.0::-250.0,0.0
-250.0
4.0,3.0;2.0,4.0::-12.5,0.0
-12.5
2.0,4.0;4.0,4.0::-250.0,0.0
-250.0
4.0,4.0;2.0,4.0::-12.5,0.0
-12.5
