0.0,2.0;0.0,2.0::0.0,0.0
0.0
0.0,2.0;0.0,2.0::0.0,0.0
0.0
0.0,2.0;0.0,3.0::0.0,0.0
0.0
0.0,3.0;0.0,2.0::0.0,0.0
0.0
0.0,2.0;0.0,4.0::-12.5,0.0
-12.5
0.0,4.0;0.0,2.0::-250.0,0.0
-250.0
0.0,2.0;1.0,0.0::-27000.0,0.0
-27000.0
1.0,0.0;0.0,2.0::-51750.0,0.0
-51750.0
0.0,2.0;1.0,1.0::-27000.0,0.0
-27000.0
1.0,1.0;0.0,2.0::-51750.0,0.0
-51750.0
0.0,2.0;1.0,2.0::-24500.0,0.0
-24500.0
1.0,2.0;0.0,2.0::-1750.0,0.0
-1750.0
0.0,2.0;1.0,3.0::-24500.0,0.0
-24500.0
1.0,3.0;0.0,2.0::-1750.0,0.0
-1750.0
0.0,2.0;1.0,4.0::-24512.5,0.0
-24512.5
1.0,4.0;0.0,2.0::-2000.0,0.0
-2000.0
0.0,2.0;2.0,0.0::-27000.0,0.0
-27000.0
2.0,0.0;0.0,2.0::-51750.0,0.0
-51750.0
0.0,2.0;2.0,1.0::-27000.0,0.0
-27000.0
2.0,1.0;0.0,2.0::-51750.0,0.0
-51750.0
0.0,2.0;2.0,2.0::-24500.0,0.0
-24500.0
2.0,2.0;0.0,2.0::-1750.0,0.0
-1750.0
0.0,2.0;2.0,3.0::-24500.0,0.0
-24500.0
2.0,3.0;0.0,2.0::-1750.0,0.0
-1750.0
0.0,2.0;2.0,4.0::-24512.5,0.0
-24512.5
2.0,4.0;0.0,2.0::-2000.0,0.0
-2000.0
0.0,2.0;3.0,0.0::-51500.0,0.0
-51500.0
3.0,0.0;0.0,2.0::-53500.0,0.0
-53500.0
0.0,2.0;3.0,1.0::-51500.0,0.0
-51500.0
3.0,1.0;0.0,2.0::-53500.0,0.0
-53500.0
0.0,2.0;3.0,2.0::-49000.0,0.0
-49000.0
3.0,2.0;0.0,2.0::-3500.0,0.0
-3500.0
0.0,2.0;3.0,3.0::-49000.0,0.0
-49000.0
3.0,3.0;0.0,2.0::-3500.0,0.0
-3500.0
0.0,2.0;3.0,4.0::-49012.5,0.0
-49012.5
3.0,4.0;0.0,2.0::-3750.0,0.0
-3750.0
0.0,2.0;4.0,0.0::-2500.0,0.0
-2500.0
4.0,0.0;0.0,2.0::-50000.0,0.0
-50000.0
0.0,2.0;4.0,1.0::-2500.0,0.0
-2500.0
4.0,1.0;0.0,2.0::-50000.0,0.0
-50000.0
0.0,2.0;4.0,2.0::0.0,0.0
0.0
4.0,2.0;0.0,2.0::0.0,0.0
0.0
0.0,2.0;4.0,3.0::0.0,0.0
0.0
4.0,3.0;0.0,2.0::0.0,0.0
0.0
0.0,2.0;4.0,4.0::-12.5,0.0
-12.5
4.0,4.0;0.0,2.0::-250.0,0.0
-250.0
