0.0,4.0;0.0,4.0::-262.5,0.0
-262.5
0.0,4.0;0.0,4.0::-262.5,0.0
-262.5
0.0,4.0;1.0,0.0::-1755.0,0.0
-1755.0
1.0,0.0;0.0,4.0::-51007.5,0.0
-51007.5
0.0,4.0;1.0,1.0::-1755.0,0.0
-1755.0
1.0,1.0;0.0,4.0::-51007.5,0.0
-51007.5
0.0,4.0;1.0,2.0::745.0,0.0
745.0
1.0,2.0;0.0,4.0::-1007.5,0.0
-1007.5
0.0,4.0;1.0,3.0::745.0,0.0
745.0
1.0,3.0;0.0,4.0::-1007.5,0.0
-1007.5
0.0,4.0;1.0,4.0::732.5,0.0
732.5
1.0,4.0;0.0,4.0::-1257.5,0.0
-1257.5
0.0,4.0;2.0,0.0::-2500.0,0.0
-2500.0
2.0,0.0;0.0,4.0::-50000.0,0.0
-50000.0
0.0,4.0;2.0,1.0::-2500.0,0.0
-2500.0
2.0,1.0;0.0,4.0::-50000.0,0.0
-50000.0
0.0,4.0;2.0,2.0::0.0,0.0
0.0
2.0,2.0;0.0,4.0::0.0,0.0
0.0
0.0,4.0;2.0,3.0::0.0,0.0
0.0
2.0,3.0;0.0,4.0::0.0,0.0
0.0
0.0,4.0;2.0,4.0::-12.5,0.0
-12.5
2.0,4.0;0.0,4.0::-250.0,0.0
-250.0
0.0,4.0;3.0,0.0::-1755.0,0.0
-1755.0
3.0,0.0;0.0,4.0::-51007.5,0.0
-51007.5
0.0,4.0;3.0,1.0::-1755.0,0.0
-1755.0
3.0,1.0;0.0,4.0::-51007.5,0.0
-51007.5
0.0,4.0;3.0,2.0::745.0,0.0
745.0
3.0,2.0;0.0,4.0::-1007.5,0.0
-1007.5
0.0,4.0;3.0,3.0::745.0,0.0
745.0
3.0,3.0;0.0,4.0::-1007.5,0.0
-1007.5
0.0,4.0;3.0,4.0::732.5,0.0
732.5
3.0,4.0;0.0,4.0::-1257.5,0.0
-1257.5
0.0,4.0;4.0,0.0::-2750.0,0.0
-2750.0
4.0,0.0;0.0,4.0::-50012.5,0.0
-50012.5
0.0,4.0;4.0,1.0::-2750.0,0.0
-2750.0
4.0,1.0;0.0,4.0::-50012.5,0.0
-50012.5
0.0,4.0;4.0,2.0::-250.0,0.0
-250.0
4.0,2.0;0.0,4.0::-12.5,0.0
-12.5
0.0,4.0;4.0,3.0::-250.0,0.0
-250.0
4.0,3.0;0.0,4.0::-12.5,0.0
-12.5
0.0,4.0;4.0,4.0::-262.5,0.0
-262.5
4.0,4.0;0.0,4.0::-262.5,0.0
-262.5
