1.0,1.0;1.0,1.0::-26250.0,0.0
-26250.0
1.0,1.0;1.0,1.0::-26250.0,0.0
-26250.0
1.0,1.0;1.0,2.0::-26250.0,0.0
-26250.0
1.0,2.0;1.0,1.0::-26250.0,0.0
-26250.0
1.0,1.0;1.0,3.0::-25500.0,0.0
-25500.0
1.0,3.0;1.0,1.0::-750.0,0.0
-750.0
1.0,1.0;1.0,4.0::-25507.5,0.0
-25507.5
1.0,4.0;1.0,1.0::-1005.0,0.0
-1005.0
1.0,1.0;2.0,0.0::-27000.0,0.0
-27000.0
2.0,0.0;1.0,1.0::-51750.0,0.0
-51750.0
1.0,1.0;2.0,1.0::-26250.0,0.0
-26250.0
2.0,1.0;1.0,1.0::-26250.0,0.0
-26250.0
1.0,1.0;2.0,2.0::-26250.0,0.0
-26250.0
2.0,2.0;1.0,1.0::-26250.0,0.0
-26250.0
1.0,1.0;2.0,3.0::-25500.0,0.0
-25500.0
2.0,3.0;1.0,1.0::-750.0,0.0
-750.0
1.0,1.0;2.0,4.0::-25507.5,0.0
-25507.5
2.0,4.0;1.0,1.0::-1005.0,0.0
-1005.0
1.0,1.0;3.0,0.0::-1500.0,0.0
-1500.0
3.0,0.0;1.0,1.0::-51000.0,0.0
-51000.0
1.0,1.0;3.0,1.0::-750.0,0.0
-750.0
3.0,1.0;1.0,1.0::-25500.0,0.0
-25500.0
1.0,1.0;3.0,2.0::-750.0,0.0
-750.0
3.0,2.0;1.0,1.0::-25500.0,0.0
-25500.0
1.0,1.0;3.0,3.0::0.0,0.0
0.0
3.0,3.0;1.0,1.0::0.0,0.0
0.0
1.0,1.0;3.0,4.0::-7.5,0.0
-7.5
3.0,4.0;1.0,1.0::-255.0,0.0
-255.0
1.0,1.0;4.0,0.0::-2010.0,0.0
-2010.0
4.0,0.0;1.0,1.0::-51015.0,0.0
-51015.0
1.0,1.0;4.0,1.0::-1260.0,0.0
-1260.0
4.0,1.0;1.0,1.0::-25515.0,0.0
-25515.0
1.0,1.0;4.0,2.0::-1260.0,0.0
-1260.0
4.0,2.0;1.0,1.0::-25515.0,0.0
-25515.0
1.0,1.0;4.0,3.0::-510.0,0.0
-510.0
4.0,3.0;1.0,1.0::-15.0,0.0
-15.0
1.0,1.0;4.0,4.0::-517.5,0.0
-517.5
4.0,4.0;1.0,1.0::-270.0,0.0
-270.0
