1.0,4.0;1.0,4.0::-262.5,0.0
-262.5
1.0,4.0;1.0,4.0::-262.5,0.0
-262.5
1.0,4.0;2.0,0.0::-2500.0,0.0
-2500.0
2.0,0.0;1.0,4.0::-50000.0,0.0
-50000.0
1.0,4.0;2.0,1.0::-1750.0,0.0
-1750.0
2.0,1.0;1.0,4.0::-24500.0,0.0
-24500.0
1.0,4.0;2.0,2.0::-1750.0,0.0
-1750.0
2.0,2.0;1.0,4.0::-24500.0,0.0
-24500.0
1.0,4.0;2.0,3.0::-1000.0,0.0
-1000.0
2.0,3.0;1.0,4.0::1000.0,0.0
1000.0
1.0,4.0;2.0,4.0::-1007.5,0.0
-1007.5
2.0,4.0;1.0,4.0::745.0,0.0
745.0
1.0,4.0;3.0,0.0::-1755.0,0.0
-1755.0
3.0,0.0;1.0,4.0::-51007.5,0.0
-51007.5
1.0,4.0;3.0,1.0::-1005.0,0.0
-1005.0
3.0,1.0;1.0,4.0::-25507.5,0.0
-25507.5
1.0,4.0;3.0,2.0::-1005.0,0.0
-1005.0
3.0,2.0;1.0,4.0::-25507.5,0.0
-25507.5
1.0,4.0;3.0,3.0::-255.0,0.0
-255.0
3.0,3.0;1.0,4.0::-7.5,0.0
-7.5
1.0,4.0;3.0,4.0::-262.5,0.0
-262.5
3.0,4.0;1.0,4.0::-262.5,0.0
-262.5
1.0,4.0;4.0,0.0::-2750.0,0.0
-2750.0
4.0,0.0;1.0,4.0::-50012.5,0.0
-50012.5
1.0,4.0;4.0,1.0::-2000.0,0.0
-2000.0
4.0,1.0;1.0,4.0::-24512.5,0.0
-24512.5
1.0,4.0;4.0,2.0::-2000.0,0.0
-2000.0
4.0,2.0;1.0,4.0::-24512.5,0.0
-24512.5
1.0,4.0;4.0,3.0::-1250.0,0.0
-1250.0
4.0,3.0;1.0,4.0::987.5,0.0
987.5
1.0,4.0;4.0,4.0::-1257.5,0.0
-1257.5
4.0,4.0;1.0,4.0::732.5,0.0
732.5
