0.0,0.0;0.0,0.0::-52500.0,0.0
-52500.0
0.0,0.0;0.0,0.0::-52500.0,0.0
-52500.0
0.0,0.0;0.0,1.0::-52500.0,0.0
-52500.0
0.0,1.0;0.0,0.0::-52500.0,0.0
-52500.0
0.0,0.0;0.0,2.0::-50000.0,0.0
-50000.0
0.0,2.0;0.0,0.0::-2500.0,0.0
-2500.0
0.0,0.0;0.0,3.0::-50000.0,0.0
-50000.0
0.0,3.0;0.0,0.0::-2500.0,0.0
-2500.0
0.0,0.0;0.0,4.0::-50012.5,0.0
-50012.5
0.0,4.0;0.0,0.0::-2750.0,0.0
-2750.0
0.0,0.0;1.0,0.0::-52500.0,0.0
-52500.0
1.0,0.0;0.0,0.0::-52500.0,0.0
-52500.0
0.0,0.0;1.0,1.0::-52500.0,0.0
-52500.0
1.0,1.0;0.0,0.0::-52500.0,0.0
-52500.0
0.0,0.0;1.0,2.0::-50000.0,0.0
-50000.0
1.0,2.0;0.0,0.0::-2500.0,0.0
-2500.0
0.0,0.0;1.0,3.0::-50000.0,0.0
-50000.0
1.0,3.0;0.0,0.0::-2500.0,0.0
-2500.0
0.0,0.0;1.0,4.0::-50012.5,0.0
-50012.5
1.0,4.0;0.0,0.0::-2750.0,0.0
-2750.0
0.0,0.0;2.0,0.0::-51500.0,0.0
-51500.0
2.0,0.0;0.0,0.0::-53500.0,0.0
-53500.0
0.0,0.0;2.0,1.0::-51500.0,0.0
-51500.0
2.0,1.0;0.0,0.0::-53500.0,0.0
-53500.0
0.0,0.0;2.0,2.0::-49000.0,0.0
-49000.0
2.0,2.0;0.0,0.0::-3500.0,0.0
-3500.0
0.0,0.0;2.0,3.0::-49000.0,0.0
-49000.0
2.0,3.0;0.0,0.0::-3500.0,0.0
-3500.0
0.0,0.0;2.0,4.0::-49012.5,0.0
-49012.5
2.0,4.0;0.0,0.0::-3750.0,0.0
-3750.0
0.0,0.0;3.0,0.0::-51500.0,0.0
-51500.0
3.0,0.0;0.0,0.0::-53500.0,0.0
-53500.0
0.0,0.0;3.0,1.0::-51500.0,0.0
-51500.0
3.0,1.0;0.0,0.0::-53500.0,0.0
-53500.0
0.0,0.0;3.0,2.0::-49000.0,0.0
-49000.0
3.0,2.0;0.0,0.0::-3500.0,0.0
-3500.0
0.0,0.0;3.0,3.0::-49000.0,0.0
-49000.0
3.0,3.0;0.0,0.0::-3500.0,0.0
-3500.0
0.0,0.0;3.0,4.0::-49012.5,0.0
-49012.5
3.0,4.0;0.0,0.0::-3750.0,0.0
-3750.0
0.0,0.0;4.0,0.0::-2010.0,0.0
-2010.0
4.0,0.0;0.0,0.0::-51015.0,0.0
-51015.0
0.0,0.0;4.0,1.0::-2010.0,0.0
-2010.0
4.0,1.0;0.0,0.0::-51015.0,0.0
-51015.0
0.0,0.0;4.0,2.0::490.0,0.0
490.0
4.0,2.0;0.0,0.0::-1015.0,0.0
-1015.0
0.0,0.0;4.0,3.0::490.0,0.0
490.0
4.0,3.0;0.0,0.0::-1015.0,0.0
-1015.0
0.0,0.0;4.0,4.0::477.5,0.0
477.5
4.0,4.0;0.0,0.0::-1265.0,0.0
-1265.0
0.0,1.0;0.0,1.0::-52500.0,0.0
-52500.0
0.0,1.0;0.0,1.0::-52500.0,0.0
-52500.0
0.0,1.0;0.0,2.0::-50000.0,0.0
-50000.0
0.0,2.0;0.0,1.0::-2500.0,0.0
-2500.0
0.0,1.0;0.0,3.0::-50000.0,0.0
-50000.0
0.0,3.0;0.0,1.0::-2500.0,0.0
-2500.0
0.0,1.0;0.0,4.0::-50012.5,0.0
-50012.5
0.0,4.0;0.0,1.0::-2750.0,0.0
-2750.0
0.0,1.0;1.0,0.0::-27000.0,0.0
-27000.0
1.0,0.0;0.0,1.0::-51750.0,0.0
-51750.0
0.0,1.0;1.0,1.0::-27000.0,0.0
-27000.0
1.0,1.0;0.0,1.0::-51750.0,0.0
-51750.0
0.0,1.0;1.0,2.0::-24500.0,0.0
-24500.0
1.0,2.0;0.0,1.0::-1750.0,0.0
-1750.0
0.0,1.0;1.0,3.0::-24500.0,0.0
-24500.0
1.0,3.0;0.0,1.0::-1750.0,0.0
-1750.0
0.0,1.0;1.0,4.0::-24512.5,0.0
-24512.5
1.0,4.0;0.0,1.0::-2000.0,0.0
-2000.0
0.0,1.0;2.0,0.0::-27000.0,0.0
-27000.0
2.0,0.0;0.0,1.0::-51750.0,0.0
-51750.0
0.0,1.0;2.0,1.0::-27000.0,0.0
-27000.0
2.0,1.0;0.0,1.0::-51750.0,0.0
-51750.0
0.0,1.0;2.0,2.0::-24500.0,0.0
-24500.0
2.0,2.0;0.0,1.0::-1750.0,0.0
-1750.0
0.0,1.0;2.0,3.0::-24500.0,0.0
-24500.0
2.0,3.0;0.0,1.0::-1750.0,0.0
-1750.0
0.0,1.0;2.0,4.0::-24512.5,0.0
-24512.5
2.0,4.0;0.0,1.0::-2000.0,0.0
-2000.0
0.0,1.0;3.0,0.0::-1500.0,0.0
-1500.0
3.0,0.0;0.0,1.0::-51000.0,0.0
-51000.0
0.0,1.0;3.0,1.0::-1500.0,0.0
-1500.0
3.0,1.0;0.0,1.0::-51000.0,0.0
-51000.0
0.0,1.0;3.0,2.0::1000.0,0.0
1000.0
3.0,2.0;0.0,1.0::-1000.0,0.0
-1000.0
0.0,1.0;3.0,3.0::1000.0,0.0
1000.0
3.0,3.0;0.0,1.0::-1000.0,0.0
-1000.0
0.0,1.0;3.0,4.0::987.5,0.0
987.5
3.0,4.0;0.0,1.0::-1250.0,0.0
-1250.0
0.0,1.0;4.0,0.0::-2010.0,0.0
-2010.0
4.0,0.0;0.0,1.0::-51015.0,0.0
-51015.0
0.0,1.0;4.0,1.0::-2010.0,0.0
-2010.0
4.0,1.0;0.0,1.0::-51015.0,0.0
-51015.0
0.0,1.0;4.0,2.0::490.0,0.0
490.0
4.0,2.0;0.0,1.0::-1015.0,0.0
-1015.0
0.0,1.0;4.0,3.0::490.0,0.0
490.0
4.0,3.0;0.0,1.0::-1015.0,0.0
-1015.0
0.0,1.0;4.0,4.0::477.5,0.0
477.5
4.0,4.0;0.0,1.0::-1265.0,0.0
-1265.0
0.0,2.0;0.0,2.0::0.0,0.0
0.0
0.0,2.0;0.0,2.0::0.0,0.0
0.0
0.0,2.0;0.0,3.0::0.0,0.0
0.0
0.0,3.0;0.0,2.0::0.0,0.0
0.0
0.0,2.0;0.0,4.0::-12.5,0.0
-12.5
0.0,4.0;0.0,2.0::-250.0,0.0
-250.0
0.0,2.0;1.0,0.0::-27000.0,0.0
-27000.0
1.0,0.0;0.0,2.0::-51750.0,0.0
-51750.0
0.0,2.0;1.0,1.0::-27000.0,0.0
-27000.0
1.0,1.0;0.0,2.0::-51750.0,0.0
-51750.0
0.0,2.0;1.0,2.0::-24500.0,0.0
-24500.0
1.0,2.0;0.0,2.0::-1750.0,0.0
-1750.0
0.0,2.0;1.0,3.0::-24500.0,0.0
-24500.0
1.0,3.0;0.0,2.0::-1750.0,0.0
-1750.0
0.0,2.0;1.0,4.0::-24512.5,0.0
-24512.5
1.0,4.0;0.0,2.0::-2000.0,0.0
-2000.0
0.0,2.0;2.0,0.0::-27000.0,0.0
-27000.0
2.0,0.0;0.0,2.0::-51750.0,0.0
-51750.0
0.0,2.0;2.0,1.0::-27000.0,0.0
-27000.0
2.0,1.0;0.0,2.0::-51750.0,0.0
-51750.0
0.0,2.0;2.0,2.0::-24500.0,0.0
-24500.0
2.0,2.0;0.0,2.0::-1750.0,0.0
-1750.0
0.0,2.0;2.0,3.0::-24500.0,0.0
-24500.0
2.0,3.0;0.0,2.0::-1750.0,0.0
-1750.0
0.0,2.0;2.0,4.0::-24512.5,0.0
-24512.5
2.0,4.0;0.0,2.0::-2000.0,0.0
-2000.0
0.0,2.0;3.0,0.0::-51500.0,0.0
-51500.0
3.0,0.0;0.0,2.0::-53500.0,0.0
-53500.0
0.0,2.0;3.0,1.0::-51500.0,0.0
-51500.0
3.0,1.0;0.0,2.0::-53500.0,0.0
-53500.0
0.0,2.0;3.0,2.0::-49000.0,0.0
-49000.0
3.0,2.0;0.0,2.0::-3500.0,0.0
-3500.0
0.0,2.0;3.0,3.0::-49000.0,0.0
-49000.0
3.0,3.0;0.0,2.0::-3500.0,0.0
-3500.0
0.0,2.0;3.0,4.0::-49012.5,0.0
-49012.5
3.0,4.0;0.0,2.0::-3750.0,0.0
-3750.0
0.0,2.0;4.0,0.0::-2500.0,0.0
-2500.0
4.0,0.0;0.0,2.0::-50000.0,0.0
-50000.0
0.0,2.0;4.0,1.0::-2500.0,0.0
-2500.0
4.0,1.0;0.0,2.0::-50000.0,0.0
-50000.0
0.0,2.0;4.0,2.0::0.0,0.0
0.0
4.0,2.0;0.0,2.0::0.0,0.0
0.0
0.0,2.0;4.0,3.0::0.0,0.0
0.0
4.0,3.0;0.0,2.0::0.0,0.0
0.0
0.0,2.0;4.0,4.0::-12.5,0.0
-12.5
4.0,4.0;0.0,2.0::-250.0,0.0
-250.0
0.0,3.0;0.0,3.0::0.0,0.0
0.0
0.0,3.0;0.0,3.0::0.0,0.0
0.0
0.0,3.0;0.0,4.0::-12.5,0.0
-12.5
0.0,4.0;0.0,3.0::-250.0,0.0
-250.0
0.0,3.0;1.0,0.0::-1500.0,0.0
-1500.0
1.0,0.0;0.0,3.0::-51000.0,0.0
-51000.0
0.0,3.0;1.0,1.0::-1500.0,0.0
-1500.0
1.0,1.0;0.0,3.0::-51000.0,0.0
-51000.0
0.0,3.0;1.0,2.0::1000.0,0.0
1000.0
1.0,2.0;0.0,3.0::-1000.0,0.0
-1000.0
0.0,3.0;1.0,3.0::1000.0,0.0
1000.0
1.0,3.0;0.0,3.0::-1000.0,0.0
-1000.0
0.0,3.0;1.0,4.0::987.5,0.0
987.5
1.0,4.0;0.0,3.0::-1250.0,0.0
-1250.0
0.0,3.0;2.0,0.0::-2500.0,0.0
-2500.0
2.0,0.0;0.0,3.0::-50000.0,0.0
-50000.0
0.0,3.0;2.0,1.0::-2500.0,0.0
-2500.0
2.0,1.0;0.0,3.0::-50000.0,0.0
-50000.0
0.0,3.0;2.0,2.0::0.0,0.0
0.0
2.0,2.0;0.0,3.0::0.0,0.0
0.0
0.0,3.0;2.0,3.0::0.0,0.0
0.0
2.0,3.0;0.0,3.0::0.0,0.0
0.0
0.0,3.0;2.0,4.0::-12.5,0.0
-12.5
2.0,4.0;0.0,3.0::-250.0,0.0
-250.0
0.0,3.0;3.0,0.0::-1500.0,0.0
-1500.0
3.0,0.0;0.0,3.0::-51000.0,0.0
-51000.0
0.0,3.0;3.0,1.0::-1500.0,0.0
-1500.0
3.0,1.0;0.0,3.0::-51000.0,0.0
-51000.0
0.0,3.0;3.0,2.0::1000.0,0.0
1000.0
3.0,2.0;0.0,3.0::-1000.0,0.0
-1000.0
0.0,3.0;3.0,3.0::1000.0,0.0
1000.0
3.0,3.0;0.0,3.0::-1000.0,0.0
-1000.0
0.0,3.0;3.0,4.0::987.5,0.0
987.5
3.0,4.0;0.0,3.0::-1250.0,0.0
-1250.0
0.0,3.0;4.0,0.0::-2500.0,0.0
-2500.0
4.0,0.0;0.0,3.0::-50000.0,0.0
-50000.0
0.0,3.0;4.0,1.0::-2500.0,0.0
-2500.0
4.0,1.0;0.0,3.0::-50000.0,0.0
-50000.0
0.0,3.0;4.0,2.0::0.0,0.0
0.0
4.0,2.0;0.0,3.0::0.0,0.0
0.0
0.0,3.0;4.0,3.0::0.0,0.0
0.0
4.0,3.0;0.0,3.0::0.0,0.0
0.0
0.0,3.0;4.0,4.0::-12.5,0.0
-12.5
4.0,4.0;0.0,3.0::-250.0,0.0
-250.0
0.0,4.0;0.0,4.0::-262.5,0.0
-262.5
0.0,4.0;0.0,4.0::-262.5,0.0
-262.5
0.0,4.0;1.0,0.0::-1755.0,0.0
-1755.0
1.0,0.0;0.0,4.0::-51007.5,0.0
-51007.5
0.0,4.0;1.0,1.0::-1755.0,0.0
-1755.0
1.0,1.0;0.0,4.0::-51007.5,0.0
-51007.5
0.0,4.0;1.0,2.0::745.0,0.0
745.0
1.0,2.0;0.0,4.0::-1007.5,0.0
-1007.5
0.0,4.0;1.0,3.0::745.0,0.0
745.0
1.0,3.0;0.0,4.0::-1007.5,0.0
-1007.5
0.0,4.0;1.0,4.0::732.5,0.0
732.5
1.0,4.0;0.0,4.0::-1257.5,0.0
-1257.5
0.0,4.0;2.0,0.0::-2500.0,0.0
-2500.0
2.0,0.0;0.0,4.0::-50000.0,0.0
-50000.0
0.0,4.0;2.0,1.0::-2500.0,0.0
-2500.0
2.0,1.0;0.0,4.0::-50000.0,0.0
-50000.0
0.0,4.0;2.0,2.0::0.0,0.0
0.0
2.0,2.0;0.0,4.0::0.0,0.0
0.0
0.0,4.0;2.0,3.0::0.0,0.0
0.0
2.0,3.0;0.0,4.0::0.0,0.0
0.0
0.0,4.0;2.0,4.0::-12.5,0.0
-12.5
2.0,4.0;0.0,4.0::-250.0,0.0
-250.0
0.0,4.0;3.0,0.0::-1755.0,0.0
-1755.0
3.0,0.0;0.0,4.0::-51007.5,0.0
-51007.5
0.0,4.0;3.0,1.0::-1755.0,0.0
-1755.0
3.0,1.0;0.0,4.0::-51007.5,0.0
-51007.5
0.0,4.0;3.0,2.0::745.0,0.0
745.0
3.0,2.0;0.0,4.0::-1007.5,0.0
-1007.5
0.0,4.0;3.0,3.0::745.0,0.0
745.0
3.0,3.0;0.0,4.0::-1007.5,0.0
-1007.5
0.0,4.0;3.0,4.0::732.5,0.0
732.5
3.0,4.0;0.0,4.0::-1257.5,0.0
-1257.5
0.0,4.0;4.0,0.0::-2750.0,0.0
-2750.0
4.0,0.0;0.0,4.0::-50012.5,0.0
-50012.5
0.0,4.0;4.0,1.0::-2750.0,0.0
-2750.0
4.0,1.0;0.0,4.0::-50012.5,0.0
-50012.5
0.0,4.0;4.0,2.0::-250.0,0.0
-250.0
4.0,2.0;0.0,4.0::-12.5,0.0
-12.5
0.0,4.0;4.0,3.0::-250.0,0.0
-250.0
4.0,3.0;0.0,4.0::-12.5,0.0
-12.5
0.0,4.0;4.0,4.0::-262.5,0.0
-262.5
4.0,4.0;0.0,4.0::-262.5,0.0
-262.5
1.0,0.0;1.0,0.0::-52500.0,0.0
-52500.0
1.0,0.0;1.0,0.0::-52500.0,0.0
-52500.0
1.0,0.0;1.0,1.0::-51750.0,0.0
-51750.0
1.0,1.0;1.0,0.0::-27000.0,0.0
-27000.0
1.0,0.0;1.0,2.0::-51750.0,0.0
-51750.0
1.0,2.0;1.0,0.0::-27000.0,0.0
-27000.0
1.0,0.0;1.0,3.0::-51000.0,0.0
-51000.0
1.0,3.0;1.0,0.0::-1500.0,0.0
-1500.0
1.0,0.0;1.0,4.0::-51007.5,0.0
-51007.5
1.0,4.0;1.0,0.0::-1755.0,0.0
-1755.0
1.0,0.0;2.0,0.0::-51500.0,0.0
-51500.0
2.0,0.0;1.0,0.0::-53500.0,0.0
-53500.0
1.0,0.0;2.0,1.0::-50750.0,0.0
-50750.0
2.0,1.0;1.0,0.0::-28000.0,0.0
-28000.0
1.0,0.0;2.0,2.0::-50750.0,0.0
-50750.0
2.0,2.0;1.0,0.0::-28000.0,0.0
-28000.0
1.0,0.0;2.0,3.0::-50000.0,0.0
-50000.0
2.0,3.0;1.0,0.0::-2500.0,0.0
-2500.0
1.0,0.0;2.0,4.0::-50007.5,0.0
-50007.5
2.0,4.0;1.0,0.0::-2755.0,0.0
-2755.0
1.0,0.0;3.0,0.0::-51500.0,0.0
-51500.0
3.0,0.0;1.0,0.0::-53500.0,0.0
-53500.0
1.0,0.0;3.0,1.0::-50750.0,0.0
-50750.0
3.0,1.0;1.0,0.0::-28000.0,0.0
-28000.0
1.0,0.0;3.0,2.0::-50750.0,0.0
-50750.0
3.0,2.0;1.0,0.0::-28000.0,0.0
-28000.0
1.0,0.0;3.0,3.0::-50000.0,0.0
-50000.0
3.0,3.0;1.0,0.0::-2500.0,0.0
-2500.0
1.0,0.0;3.0,4.0::-50007.5,0.0
-50007.5
3.0,4.0;1.0,0.0::-2755.0,0.0
-2755.0
1.0,0.0;4.0,0.0::-2010.0,0.0
-2010.0
4.0,0.0;1.0,0.0::-51015.0,0.0
-51015.0
1.0,0.0;4.0,1.0::-1260.0,0.0
-1260.0
4.0,1.0;1.0,0.0::-25515.0,0.0
-25515.0
1.0,0.0;4.0,2.0::-1260.0,0.0
-1260.0
4.0,2.0;1.0,0.0::-25515.0,0.0
-25515.0
1.0,0.0;4.0,3.0::-510.0,0.0
-510.0
4.0,3.0;1.0,0.0::-15.0,0.0
-15.0
1.0,0.0;4.0,4.0::-517.5,0.0
-517.5
4.0,4.0;1.0,0.0::-270.0,0.0
-270.0
1.0,1.0;1.0,1.0::-26250.0,0.0
-26250.0
1.0,1.0;1.0,1.0::-26250.0,0.0
-26250.0
1.0,1.0;1.0,2.0::-26250.0,0.0
-26250.0
1.0,2.0;1.0,1.0::-26250.0,0.0
-26250.0
1.0,1.0;1.0,3.0::-25500.0,0.0
-25500.0
1.0,3.0;1.0,1.0::-750.0,0.0
-750.0
1.0,1.0;1.0,4.0::-25507.5,0.0
-25507.5
1.0,4.0;1.0,1.0::-1005.0,0.0
-1005.0
1.0,1.0;2.0,0.0::-27000.0,0.0
-27000.0
2.0,0.0;1.0,1.0::-51750.0,0.0
-51750.0
1.0,1.0;2.0,1.0::-26250.0,0.0
-26250.0
2.0,1.0;1.0,1.0::-26250.0,0.0
-26250.0
1.0,1.0;2.0,2.0::-26250.0,0.0
-26250.0
2.0,2.0;1.0,1.0::-26250.0,0.0
-26250.0
1.0,1.0;2.0,3.0::-25500.0,0.0
-25500.0
2.0,3.0;1.0,1.0::-750.0,0.0
-750.0
1.0,1.0;2.0,4.0::-25507.5,0.0
-25507.5
2.0,4.0;1.0,1.0::-1005.0,0.0
-1005.0
1.0,1.0;3.0,0.0::-1500.0,0.0
-1500.0
3.0,0.0;1.0,1.0::-51000.0,0.0
-51000.0
1.0,1.0;3.0,1.0::-750.0,0.0
-750.0
3.0,1.0;1.0,1.0::-25500.0,0.0
-25500.0
1.0,1.0;3.0,2.0::-750.0,0.0
-750.0
3.0,2.0;1.0,1.0::-25500.0,0.0
-25500.0
1.0,1.0;3.0,3.0::0.0,0.0
0.0
3.0,3.0;1.0,1.0::0.0,0.0
0.0
1.0,1.0;3.0,4.0::-7.5,0.0
-7.5
3.0,4.0;1.0,1.0::-255.0,0.0
-255.0
1.0,1.0;4.0,0.0::-2010.0,0.0
-2010.0
4.0,0.0;1.0,1.0::-51015.0,0.0
-51015.0
1.0,1.0;4.0,1.0::-1260.0,0.0
-1260.0
4.0,1.0;1.0,1.0::-25515.0,0.0
-25515.0
1.0,1.0;4.0,2.0::-1260.0,0.0
-1260.0
4.0,2.0;1.0,1.0::-25515.0,0.0
-25515.0
1.0,1.0;4.0,3.0::-510.0,0.0
-510.0
4.0,3.0;1.0,1.0::-15.0,0.0
-15.0
1.0,1.0;4.0,4.0::-517.5,0.0
-517.5
4.0,4.0;1.0,1.0::-270.0,0.0
-270.0
1.0,2.0;1.0,2.0::-26250.0,0.0
-26250.0
1.0,2.0;1.0,2.0::-26250.0,0.0
-26250.0
1.0,2.0;1.0,3.0::-25500.0,0.0
-25500.0
1.0,3.0;1.0,2.0::-750.0,0.0
-750.0
1.0,2.0;1.0,4.0::-25507.5,0.0
-25507.5
1.0,4.0;1.0,2.0::-1005.0,0.0
-1005.0
1.0,2.0;2.0,0.0::-27000.0,0.0
-27000.0
2.0,0.0;1.0,2.0::-51750.0,0.0
-51750.0
1.0,2.0;2.0,1.0::-26250.0,0.0
-26250.0
2.0,1.0;1.0,2.0::-26250.0,0.0
-26250.0
1.0,2.0;2.0,2.0::-26250.0,0.0
-26250.0
2.0,2.0;1.0,2.0::-26250.0,0.0
-26250.0
1.0,2.0;2.0,3.0::-25500.0,0.0
-25500.0
2.0,3.0;1.0,2.0::-750.0,0.0
-750.0
1.0,2.0;2.0,4.0::-25507.5,0.0
-25507.5
2.0,4.0;1.0,2.0::-1005.0,0.0
-1005.0
1.0,2.0;3.0,0.0::-51500.0,0.0
-51500.0
3.0,0.0;1.0,2.0::-53500.0,0.0
-53500.0
1.0,2.0;3.0,1.0::-50750.0,0.0
-50750.0
3.0,1.0;1.0,2.0::-28000.0,0.0
-28000.0
1.0,2.0;3.0,2.0::-50750.0,0.0
-50750.0
3.0,2.0;1.0,2.0::-28000.0,0.0
-28000.0
1.0,2.0;3.0,3.0::-50000.0,0.0
-50000.0
3.0,3.0;1.0,2.0::-2500.0,0.0
-2500.0
1.0,2.0;3.0,4.0::-50007.5,0.0
-50007.5
3.0,4.0;1.0,2.0::-2755.0,0.0
-2755.0
1.0,2.0;4.0,0.0::-2500.0,0.0
-2500.0
4.0,0.0;1.0,2.0::-50000.0,0.0
-50000.0
1.0,2.0;4.0,1.0::-1750.0,0.0
-1750.0
4.0,1.0;1.0,2.0::-24500.0,0.0
-24500.0
1.0,2.0;4.0,2.0::-1750.0,0.0
-1750.0
4.0,2.0;1.0,2.0::-24500.0,0.0
-24500.0
1.0,2.0;4.0,3.0::-1000.0,0.0
-1000.0
4.0,3.0;1.0,2.0::1000.0,0.0
1000.0
1.0,2.0;4.0,4.0::-1007.5,0.0
-1007.5
4.0,4.0;1.0,2.0::745.0,0.0
745.0
1.0,3.0;1.0,3.0::0.0,0.0
0.0
1.0,3.0;1.0,3.0::0.0,0.0
0.0
1.0,3.0;1.0,4.0::-7.5,0.0
-7.5
1.0,4.0;1.0,3.0::-255.0,0.0
-255.0
1.0,3.0;2.0,0.0::-2500.0,0.0
-2500.0
2.0,0.0;1.0,3.0::-50000.0,0.0
-50000.0
1.0,3.0;2.0,1.0::-1750.0,0.0
-1750.0
2.0,1.0;1.0,3.0::-24500.0,0.0
-24500.0
1.0,3.0;2.0,2.0::-1750.0,0.0
-1750.0
2.0,2.0;1.0,3.0::-24500.0,0.0
-24500.0
1.0,3.0;2.0,3.0::-1000.0,0.0
-1000.0
2.0,3.0;1.0,3.0::1000.0,0.0
1000.0
1.0,3.0;2.0,4.0::-1007.5,0.0
-1007.5
2.0,4.0;1.0,3.0::745.0,0.0
745.0
1.0,3.0;3.0,0.0::-1500.0,0.0
-1500.0
3.0,0.0;1.0,3.0::-51000.0,0.0
-51000.0
1.0,3.0;3.0,1.0::-750.0,0.0
-750.0
3.0,1.0;1.0,3.0::-25500.0,0.0
-25500.0
1.0,3.0;3.0,2.0::-750.0,0.0
-750.0
3.0,2.0;1.0,3.0::-25500.0,0.0
-25500.0
1.0,3.0;3.0,3.0::0.0,0.0
0.0
3.0,3.0;1.0,3.0::0.0,0.0
0.0
1.0,3.0;3.0,4.0::-7.5,0.0
-7.5
3.0,4.0;1.0,3.0::-255.0,0.0
-255.0
1.0,3.0;4.0,0.0::-2500.0,0.0
-2500.0
4.0,0.0;1.0,3.0::-50000.0,0.0
-50000.0
1.0,3.0;4.0,1.0::-1750.0,0.0
-1750.0
4.0,1.0;1.0,3.0::-24500.0,0.0
-24500.0
1.0,3.0;4.0,2.0::-1750.0,0.0
-1750.0
4.0,2.0;1.0,3.0::-24500.0,0.0
-24500.0
1.0,3.0;4.0,3.0::-1000.0,0.0
-1000.0
4.0,3.0;1.0,3.0::1000.0,0.0
1000.0
1.0,3.0;4.0,4.0::-1007.5,0.0
-1007.5
4.0,4.0;1.0,3.0::745.0,0.0
745.0
1.0,4.0;1.0,4.0::-262.5,0.0
-262.5
1.0,4.0;1.0,4.0::-262.5,0.0
-262.5
1.0,4.0;2.0,0.0::-2500.0,0.0
-2500.0
2.0,0.0;1.0,4.0::-50000.0,0.0
-50000.0
1.0,4.0;2.0,1.0::-1750.0,0.0
-1750.0
2.0,1.0;1.0,4.0::-24500.0,0.0
-24500.0
1.0,4.0;2.0,2.0::-1750.0,0.0
-1750.0
2.0,2.0;1.0,4.0::-24500.0,0.0
-24500.0
1.0,4.0;2.0,3.0::-1000.0,0.0
-1000.0
2.0,3.0;1.0,4.0::1000.0,0.0
1000.0
1.0,4.0;2.0,4.0::-1007.5,0.0
-1007.5
2.0,4.0;1.0,4.0::745.0,0.0
745.0
1.0,4.0;3.0,0.0::-1755.0,0.0
-1755.0
3.0,0.0;1.0,4.0::-51007.5,0.0
-51007.5
1.0,4.0;3.0,1.0::-1005.0,0.0
-1005.0
3.0,1.0;1.0,4.0::-25507.5,0.0
-25507.5
1.0,4.0;3.0,2.0::-1005.0,0.0
-1005.0
3.0,2.0;1.0,4.0::-25507.5,0.0
-25507.5
1.0,4.0;3.0,3.0::-255.0,0.0
-255.0
3.0,3.0;1.0,4.0::-7.5,0.0
-7.5
1.0,4.0;3.0,4.0::-262.5,0.0
-262.5
3.0,4.0;1.0,4.0::-262.5,0.0
-262.5
1.0,4.0;4.0,0.0::-2750.0,0.0
-2750.0
4.0,0.0;1.0,4.0::-50012.5,0.0
-50012.5
1.0,4.0;4.0,1.0::-2000.0,0.0
-2000.0
4.0,1.0;1.0,4.0::-24512.5,0.0
-24512.5
1.0,4.0;4.0,2.0::-2000.0,0.0
-2000.0
4.0,2.0;1.0,4.0::-24512.5,0.0
-24512.5
1.0,4.0;4.0,3.0::-1250.0,0.0
-1250.0
4.0,3.0;1.0,4.0::987.5,0.0
987.5
1.0,4.0;4.0,4.0::-1257.5,0.0
-1257.5
4.0,4.0;1.0,4.0::732.5,0.0
732.5
2.0,0.0;2.0,0.0::-52500.0,0.0
-52500.0
2.0,0.0;2.0,0.0::-52500.0,0.0
-52500.0
2.0,0.0;2.0,1.0::-50750.0,0.0
-50750.0
2.0,1.0;2.0,0.0::-28000.0,0.0
-28000.0
2.0,0.0;2.0,2.0::-50750.0,0.0
-50750.0
2.0,2.0;2.0,0.0::-28000.0,0.0
-28000.0
2.0,0.0;2.0,3.0::-49000.0,0.0
-49000.0
2.0,3.0;2.0,0.0::-3500.0,0.0
-3500.0
2.0,0.0;2.0,4.0::-49000.0,0.0
-49000.0
2.0,4.0;2.0,0.0::-3500.0,0.0
-3500.0
2.0,0.0;3.0,0.0::-52500.0,0.0
-52500.0
3.0,0.0;2.0,0.0::-52500.0,0.0
-52500.0
2.0,0.0;3.0,1.0::-50750.0,0.0
-50750.0
3.0,1.0;2.0,0.0::-28000.0,0.0
-28000.0
2.0,0.0;3.0,2.0::-50750.0,0.0
-50750.0
3.0,2.0;2.0,0.0::-28000.0,0.0
-28000.0
2.0,0.0;3.0,3.0::-49000.0,0.0
-49000.0
3.0,3.0;2.0,0.0::-3500.0,0.0
-3500.0
2.0,0.0;3.0,4.0::-49000.0,0.0
-49000.0
3.0,4.0;2.0,0.0::-3500.0,0.0
-3500.0
2.0,0.0;4.0,0.0::-3010.0,0.0
-3010.0
4.0,0.0;2.0,0.0::-50015.0,0.0
-50015.0
2.0,0.0;4.0,1.0::-1260.0,0.0
-1260.0
4.0,1.0;2.0,0.0::-25515.0,0.0
-25515.0
2.0,0.0;4.0,2.0::-1260.0,0.0
-1260.0
4.0,2.0;2.0,0.0::-25515.0,0.0
-25515.0
2.0,0.0;4.0,3.0::490.0,0.0
490.0
4.0,3.0;2.0,0.0::-1015.0,0.0
-1015.0
2.0,0.0;4.0,4.0::490.0,0.0
490.0
4.0,4.0;2.0,0.0::-1015.0,0.0
-1015.0
2.0,1.0;2.0,1.0::-26250.0,0.0
-26250.0
2.0,1.0;2.0,1.0::-26250.0,0.0
-26250.0
2.0,1.0;2.0,2.0::-26250.0,0.0
-26250.0
2.0,2.0;2.0,1.0::-26250.0,0.0
-26250.0
2.0,1.0;2.0,3.0::-24500.0,0.0
-24500.0
2.0,3.0;2.0,1.0::-1750.0,0.0
-1750.0
2.0,1.0;2.0,4.0::-24500.0,0.0
-24500.0
2.0,4.0;2.0,1.0::-1750.0,0.0
-1750.0
2.0,1.0;3.0,0.0::-2500.0,0.0
-2500.0
3.0,0.0;2.0,1.0::-50000.0,0.0
-50000.0
2.0,1.0;3.0,1.0::-750.0,0.0
-750.0
3.0,1.0;2.0,1.0::-25500.0,0.0
-25500.0
2.0,1.0;3.0,2.0::-750.0,0.0
-750.0
3.0,2.0;2.0,1.0::-25500.0,0.0
-25500.0
2.0,1.0;3.0,3.0::1000.0,0.0
1000.0
3.0,3.0;2.0,1.0::-1000.0,0.0
-1000.0
2.0,1.0;3.0,4.0::1000.0,0.0
1000.0
3.0,4.0;2.0,1.0::-1000.0,0.0
-1000.0
2.0,1.0;4.0,0.0::-3010.0,0.0
-3010.0
4.0,0.0;2.0,1.0::-50015.0,0.0
-50015.0
2.0,1.0;4.0,1.0::-1260.0,0.0
-1260.0
4.0,1.0;2.0,1.0::-25515.0,0.0
-25515.0
2.0,1.0;4.0,2.0::-1260.0,0.0
-1260.0
4.0,2.0;2.0,1.0::-25515.0,0.0
-25515.0
2.0,1.0;4.0,3.0::490.0,0.0
490.0
4.0,3.0;2.0,1.0::-1015.0,0.0
-1015.0
2.0,1.0;4.0,4.0::490.0,0.0
490.0
4.0,4.0;2.0,1.0::-1015.0,0.0
-1015.0
2.0,2.0;2.0,2.0::-26250.0,0.0
-26250.0
2.0,2.0;2.0,2.0::-26250.0,0.0
-26250.0
2.0,2.0;2.0,3.0::-24500.0,0.0
-24500.0
2.0,3.0;2.0,2.0::-1750.0,0.0
-1750.0
2.0,2.0;2.0,4.0::-24500.0,0.0
-24500.0
2.0,4.0;2.0,2.0::-1750.0,0.0
-1750.0
2.0,2.0;3.0,0.0::-52500.0,0.0
-52500.0
3.0,0.0;2.0,2.0::-52500.0,0.0
-52500.0
2.0,2.0;3.0,1.0::-50750.0,0.0
-50750.0
3.0,1.0;2.0,2.0::-28000.0,0.0
-28000.0
2.0,2.0;3.0,2.0::-50750.0,0.0
-50750.0
3.0,2.0;2.0,2.0::-28000.0,0.0
-28000.0
2.0,2.0;3.0,3.0::-49000.0,0.0
-49000.0
3.0,3.0;2.0,2.0::-3500.0,0.0
-3500.0
2.0,2.0;3.0,4.0::-49000.0,0.0
-49000.0
3.0,4.0;2.0,2.0::-3500.0,0.0
-3500.0
2.0,2.0;4.0,0.0::-3500.0,0.0
-3500.0
4.0,0.0;2.0,2.0::-49000.0,0.0
-49000.0
2.0,2.0;4.0,1.0::-1750.0,0.0
-1750.0
4.0,1.0;2.0,2.0::-24500.0,0.0
-24500.0
2.0,2.0;4.0,2.0::-1750.0,0.0
-1750.0
4.0,2.0;2.0,2.0::-24500.0,0.0
-24500.0
2.0,2.0;4.0,3.0::0.0,0.0
0.0
4.0,3.0;2.0,2.0::0.0,0.0
0.0
2.0,2.0;4.0,4.0::0.0,0.0
0.0
4.0,4.0;2.0,2.0::0.0,0.0
0.0
2.0,3.0;2.0,3.0::0.0,0.0
0.0
2.0,3.0;2.0,3.0::0.0,0.0
0.0
2.0,3.0;2.0,4.0::0.0,0.0
0.0
2.0,4.0;2.0,3.0::0.0,0.0
0.0
2.0,3.0;3.0,0.0::-2500.0,0.0
-2500.0
3.0,0.0;2.0,3.0::-50000.0,0.0
-50000.0
2.0,3.0;3.0,1.0::-750.0,0.0
-750.0
3.0,1.0;2.0,3.0::-25500.0,0.0
-25500.0
2.0,3.0;3.0,2.0::-750.0,0.0
-750.0
3.0,2.0;2.0,3.0::-25500.0,0.0
-25500.0
2.0,3.0;3.0,3.0::1000.0,0.0
1000.0
3.0,3.0;2.0,3.0::-1000.0,0.0
-1000.0
2.0,3.0;3.0,4.0::1000.0,0.0
1000.0
3.0,4.0;2.0,3.0::-1000.0,0.0
-1000.0
2.0,3.0;4.0,0.0::-3500.0,0.0
-3500.0
4.0,0.0;2.0,3.0::-49000.0,0.0
-49000.0
2.0,3.0;4.0,1.0::-1750.0,0.0
-1750.0
4.0,1.0;2.0,3.0::-24500.0,0.0
-24500.0
2.0,3.0;4.0,2.0::-1750.0,0.0
-1750.0
4.0,2.0;2.0,3.0::-24500.0,0.0
-24500.0
2.0,3.0;4.0,3.0::0.0,0.0
0.0
4.0,3.0;2.0,3.0::0.0,0.0
0.0
2.0,3.0;4.0,4.0::0.0,0.0
0.0
4.0,4.0;2.0,3.0::0.0,0.0
0.0
2.0,4.0;2.0,4.0::0.0,0.0
0.0
2.0,4.0;2.0,4.0::0.0,0.0
0.0
2.0,4.0;3.0,0.0::-2755.0,0.0
-2755.0
3.0,0.0;2.0,4.0::-50007.5,0.0
-50007.5
2.0,4.0;3.0,1.0::-1005.0,0.0
-1005.0
3.0,1.0;2.0,4.0::-25507.5,0.0
-25507.5
2.0,4.0;3.0,2.0::-1005.0,0.0
-1005.0
3.0,2.0;2.0,4.0::-25507.5,0.0
-25507.5
2.0,4.0;3.0,3.0::745.0,0.0
745.0
3.0,3.0;2.0,4.0::-1007.5,0.0
-1007.5
2.0,4.0;3.0,4.0::745.0,0.0
745.0
3.0,4.0;2.0,4.0::-1007.5,0.0
-1007.5
2.0,4.0;4.0,0.0::-3750.0,0.0
-3750.0
4.0,0.0;2.0,4.0::-49012.5,0.0
-49012.5
2.0,4.0;4.0,1.0::-2000.0,0.0
-2000.0
4.0,1.0;2.0,4.0::-24512.5,0.0
-24512.5
2.0,4.0;4.0,2.0::-2000.0,0.0
-2000.0
4.0,2.0;2.0,4.0::-24512.5,0.0
-24512.5
2.0,4.0;4.0,3.0::-250.0,0.0
-250.0
4.0,3.0;2.0,4.0::-12.5,0.0
-12.5
2.0,4.0;4.0,4.0::-250.0,0.0
-250.0
4.0,4.0;2.0,4.0::-12.5,0.0
-12.5
3.0,0.0;3.0,0.0::-52500.0,0.0
-52500.0
3.0,0.0;3.0,0.0::-52500.0,0.0
-52500.0
3.0,0.0;3.0,1.0::-50000.0,0.0
-50000.0
3.0,1.0;3.0,0.0::-2500.0,0.0
-2500.0
3.0,0.0;3.0,2.0::-52500.0,0.0
-52500.0
3.0,2.0;3.0,0.0::-52500.0,0.0
-52500.0
3.0,0.0;3.0,3.0::-50000.0,0.0
-50000.0
3.0,3.0;3.0,0.0::-2500.0,0.0
-2500.0
3.0,0.0;3.0,4.0::-50007.5,0.0
-50007.5
3.0,4.0;3.0,0.0::-2755.0,0.0
-2755.0
3.0,0.0;4.0,0.0::-3010.0,0.0
-3010.0
4.0,0.0;3.0,0.0::-50015.0,0.0
-50015.0
3.0,0.0;4.0,1.0::-510.0,0.0
-510.0
4.0,1.0;3.0,0.0::-15.0,0.0
-15.0
3.0,0.0;4.0,2.0::-3010.0,0.0
-3010.0
4.0,2.0;3.0,0.0::-50015.0,0.0
-50015.0
3.0,0.0;4.0,3.0::-510.0,0.0
-510.0
4.0,3.0;3.0,0.0::-15.0,0.0
-15.0
3.0,0.0;4.0,4.0::-517.5,0.0
-517.5
4.0,4.0;3.0,0.0::-270.0,0.0
-270.0
3.0,1.0;3.0,1.0::0.0,0.0
0.0
3.0,1.0;3.0,1.0::0.0,0.0
0.0
3.0,1.0;3.0,2.0::-2500.0,0.0
-2500.0
3.0,2.0;3.0,1.0::-50000.0,0.0
-50000.0
3.0,1.0;3.0,3.0::0.0,0.0
0.0
3.0,3.0;3.0,1.0::0.0,0.0
0.0
3.0,1.0;3.0,4.0::-7.5,0.0
-7.5
3.0,4.0;3.0,1.0::-255.0,0.0
-255.0
3.0,1.0;4.0,0.0::-3010.0,0.0
-3010.0
4.0,0.0;3.0,1.0::-50015.0,0.0
-50015.0
3.0,1.0;4.0,1.0::-510.0,0.0
-510.0
4.0,1.0;3.0,1.0::-15.0,0.0
-15.0
3.0,1.0;4.0,2.0::-3010.0,0.0
-3010.0
4.0,2.0;3.0,1.0::-50015.0,0.0
-50015.0
3.0,1.0;4.0,3.0::-510.0,0.0
-510.0
4.0,3.0;3.0,1.0::-15.0,0.0
-15.0
3.0,1.0;4.0,4.0::-517.5,0.0
-517.5
4.0,4.0;3.0,1.0::-270.0,0.0
-270.0
3.0,2.0;3.0,2.0::-52500.0,0.0
-52500.0
3.0,2.0;3.0,2.0::-52500.0,0.0
-52500.0
3.0,2.0;3.0,3.0::-50000.0,0.0
-50000.0
3.0,3.0;3.0,2.0::-2500.0,0.0
-2500.0
3.0,2.0;3.0,4.0::-50007.5,0.0
-50007.5
3.0,4.0;3.0,2.0::-2755.0,0.0
-2755.0
3.0,2.0;4.0,0.0::-3500.0,0.0
-3500.0
4.0,0.0;3.0,2.0::-49000.0,0.0
-49000.0
3.0,2.0;4.0,1.0::-1000.0,0.0
-1000.0
4.0,1.0;3.0,2.0::1000.0,0.0
1000.0
3.0,2.0;4.0,2.0::-3500.0,0.0
-3500.0
4.0,2.0;3.0,2.0::-49000.0,0.0
-49000.0
3.0,2.0;4.0,3.0::-1000.0,0.0
-1000.0
4.0,3.0;3.0,2.0::1000.0,0.0
1000.0
3.0,2.0;4.0,4.0::-1007.5,0.0
-1007.5
4.0,4.0;3.0,2.0::745.0,0.0
745.0
3.0,3.0;3.0,3.0::0.0,0.0
0.0
3.0,3.0;3.0,3.0::0.0,0.0
0.0
3.0,3.0;3.0,4.0::-7.5,0.0
-7.5
3.0,4.0;3.0,3.0::-255.0,0.0
-255.0
3.0,3.0;4.0,0.0::-3500.0,0.0
-3500.0
4.0,0.0;3.0,3.0::-49000.0,0.0
-49000.0
3.0,3.0;4.0,1.0::-1000.0,0.0
-1000.0
4.0,1.0;3.0,3.0::1000.0,0.0
1000.0
3.0,3.0;4.0,2.0::-3500.0,0.0
-3500.0
4.0,2.0;3.0,3.0::-49000.0,0.0
-49000.0
3.0,3.0;4.0,3.0::-1000.0,0.0
-1000.0
4.0,3.0;3.0,3.0::1000.0,0.0
1000.0
3.0,3.0;4.0,4.0::-1007.5,0.0
-1007.5
4.0,4.0;3.0,3.0::745.0,0.0
745.0
3.0,4.0;3.0,4.0::-262.5,0.0
-262.5
3.0,4.0;3.0,4.0::-262.5,0.0
-262.5
3.0,4.0;4.0,0.0::-3750.0,0.0
-3750.0
4.0,0.0;3.0,4.0::-49012.5,0.0
-49012.5
3.0,4.0;4.0,1.0::-1250.0,0.0
-1250.0
4.0,1.0;3.0,4.0::987.5,0.0
987.5
3.0,4.0;4.0,2.0::-3750.0,0.0
-3750.0
4.0,2.0;3.0,4.0::-49012.5,0.0
-49012.5
3.0,4.0;4.0,3.0::-1250.0,0.0
-1250.0
4.0,3.0;3.0,4.0::987.5,0.0
987.5
3.0,4.0;4.0,4.0::-1257.5,0.0
-1257.5
4.0,4.0;3.0,4.0::732.5,0.0
732.5
4.0,0.0;4.0,0.0::-525.0,0.0
-525.0
4.0,0.0;4.0,0.0::-525.0,0.0
-525.0
4.0,0.0;4.0,1.0::-525.0,0.0
-525.0
4.0,1.0;4.0,0.0::-525.0,0.0
-525.0
4.0,0.0;4.0,2.0::490.0,0.0
490.0
4.0,2.0;4.0,0.0::-1015.0,0.0
-1015.0
4.0,0.0;4.0,3.0::490.0,0.0
490.0
4.0,3.0;4.0,0.0::-1015.0,0.0
-1015.0
4.0,0.0;4.0,4.0::477.5,0.0
477.5
4.0,4.0;4.0,0.0::-1265.0,0.0
-1265.0
4.0,1.0;4.0,1.0::-525.0,0.0
-525.0
4.0,1.0;4.0,1.0::-525.0,0.0
-525.0
4.0,1.0;4.0,2.0::490.0,0.0
490.0
4.0,2.0;4.0,1.0::-1015.0,0.0
-1015.0
4.0,1.0;4.0,3.0::490.0,0.0
490.0
4.0,3.0;4.0,1.0::-1015.0,0.0
-1015.0
4.0,1.0;4.0,4.0::477.5,0.0
477.5
4.0,4.0;4.0,1.0::-1265.0,0.0
-1265.0
4.0,2.0;4.0,2.0::0.0,0.0
0.0
4.0,2.0;4.0,2.0::0.0,0.0
0.0
4.0,2.0;4.0,3.0::0.0,0.0
0.0
4.0,3.0;4.0,2.0::0.0,0.0
0.0
4.0,2.0;4.0,4.0::-12.5,0.0
-12.5
4.0,4.0;4.0,2.0::-250.0,0.0
-250.0
4.0,3.0;4.0,3.0::0.0,0.0
0.0
4.0,3.0;4.0,3.0::0.0,0.0
0.0
4.0,3.0;4.0,4.0::-12.5,0.0
-12.5
4.0,4.0;4.0,3.0::-250.0,0.0
-250.0
4.0,4.0;4.0,4.0::-262.5,0.0
-262.5
4.0,4.0;4.0,4.0::-262.5,0.0
-262.5
