2.0,1.0;2.0,1.0::-1500.0,0.0
-1500.0
2.0,1.0;2.0,1.0::-1500.0,0.0
-1500.0
2.0,1.0;2.0,2.0::-1500.0,0.0
-1500.0
2.0,2.0;2.0,1.0::-1500.0,0.0
-1500.0
2.0,1.0;2.0,3.0::250.0,0.0
250.0
2.0,3.0;2.0,1.0::-1750.0,0.0
-1750.0
2.0,1.0;2.0,4.0::-3250.0,0.0
-3250.0
2.0,4.0;2.0,1.0::-1250.0,0.0
-1250.0
2.0,1.0;3.0,0.0::-2500.0,0.0
-2500.0
3.0,0.0;2.0,1.0::-500.0,0.0
-500.0
2.0,1.0;3.0,1.0::-750.0,0.0
-750.0
3.0,1.0;2.0,1.0::-750.0,0.0
-750.0
2.0,1.0;3.0,2.0::-750.0,0.0
-750.0
3.0,2.0;2.0,1.0::-750.0,0.0
-750.0
2.0,1.0;3.0,3.0::1000.0,0.0
1000.0
3.0,3.0;2.0,1.0::-1000.0,0.0
-1000.0
2.0,1.0;3.0,4.0::-2500.0,0.0
-2500.0
3.0,4.0;2.0,1.0::-500.0,0.0
-500.0
2.0,1.0;4.0,0.0::-2513.5,0.0
-2513.5
4.0,0.0;2.0,1.0::-513.5,0.0
-513.5
2.0,1.0;4.0,1.0::-763.5,0.0
-763.5
4.0,1.0;2.0,1.0::-763.5,0.0
-763.5
2.0,1.0;4.0,2.0::-763.5,0.0
-763.5
4.0,2.0;2.0,1.0::-763.5,0.0
-763.5
2.0,1.0;4.0,3.0::986.5,0.0
986.5
4.0,3.0;2.0,1.0::-1013.5,0.0
-1013.5
2.0,1.0;4.0,4.0::-2513.5,0.0
-2513.5
4.0,4.0;2.0,1.0::-513.5,0.0
-513.5
