3.0,1.0;3.0,1.0::0.0,0.0
0.0
3.0,1.0;3.0,1.0::0.0,0.0
0.0
3.0,1.0;3.0,2.0::-2500.0,0.0
-2500.0
3.0,2.0;3.0,1.0::-500.0,0.0
-500.0
3.0,1.0;3.0,3.0::0.0,0.0
0.0
3.0,3.0;3.0,1.0::0.0,0.0
0.0
3.0,1.0;3.0,4.0::-15.0,0.0
-15.0
3.0,4.0;3.0,1.0::-15.0,0.0
-15.0
3.0,1.0;4.0,0.0::-2513.5,0.0
-2513.5
4.0,0.0;3.0,1.0::-513.5,0.0
-513.5
3.0,1.0;4.0,1.0::-13.5,0.0
-13.5
4.0,1.0;3.0,1.0::-13.5,0.0
-13.5
3.0,1.0;4.0,2.0::-2513.5,0.0
-2513.5
4.0,2.0;3.0,1.0::-513.5,0.0
-513.5
3.0,1.0;4.0,3.0::-13.5,0.0
-13.5
4.0,3.0;3.0,1.0::-13.5,0.0
-13.5
3.0,1.0;4.0,4.0::-28.5,0.0
-28.5
4.0,4.0;3.0,1.0::-28.5,0.0
-28.5
