1.0,0.0;1.0,0.0::-3000.0,0.0
-3000.0
1.0,0.0;1.0,0.0::-3000.0,0.0
-3000.0
1.0,0.0;1.0,1.0::-2250.0,0.0
-2250.0
1.0,1.0;1.0,0.0::-2250.0,0.0
-2250.0
1.0,0.0;1.0,2.0::-2250.0,0.0
-2250.0
1.0,2.0;1.0,0.0::-2250.0,0.0
-2250.0
1.0,0.0;1.0,3.0::-1500.0,0.0
-1500.0
1.0,3.0;1.0,0.0::-1500.0,0.0
-1500.0
1.0,0.0;1.0,4.0::-1515.0,0.0
-1515.0
1.0,4.0;1.0,0.0::-1515.0,0.0
-1515.0
1.0,0.0;2.0,0.0::-2000.0,0.0
-2000.0
2.0,0.0;1.0,0.0::-4000.0,0.0
-4000.0
1.0,0.0;2.0,1.0::-1250.0,0.0
-1250.0
2.0,1.0;1.0,0.0::-3250.0,0.0
-3250.0
1.0,0.0;2.0,2.0::-1250.0,0.0
-1250.0
2.0,2.0;1.0,0.0::-3250.0,0.0
-3250.0
1.0,0.0;2.0,3.0::-500.0,0.0
-500.0
2.0,3.0;1.0,0.0::-2500.0,0.0
-2500.0
1.0,0.0;2.0,4.0::-515.0,0.0
-515.0
2.0,4.0;1.0,0.0::-2515.0,0.0
-2515.0
1.0,0.0;3.0,0.0::-2000.0,0.0
-2000.0
3.0,0.0;1.0,0.0::-4000.0,0.0
-4000.0
1.0,0.0;3.0,1.0::-1250.0,0.0
-1250.0
3.0,1.0;1.0,0.0::-3250.0,0.0
-3250.0
1.0,0.0;3.0,2.0::-1250.0,0.0
-1250.0
3.0,2.0;1.0,0.0::-3250.0,0.0
-3250.0
1.0,0.0;3.0,3.0::-500.0,0.0
-500.0
3.0,3.0;1.0,0.0::-2500.0,0.0
-2500.0
1.0,0.0;3.0,4.0::-515.0,0.0
-515.0
3.0,4.0;1.0,0.0::-2515.0,0.0
-2515.0
1.0,0.0;4.0,0.0::-1513.5,0.0
-1513.5
4.0,0.0;1.0,0.0::-1513.5,0.0
-1513.5
1.0,0.0;4.0,1.0::-763.5,0.0
-763.5
4.0,1.0;1.0,0.0::-763.5,0.0
-763.5
1.0,0.0;4.0,2.0::-763.5,0.0
-763.5
4.0,2.0;1.0,0.0::-763.5,0.0
-763.5
1.0,0.0;4.0,3.0::-13.5,0.0
-13.5
4.0,3.0;1.0,0.0::-13.5,0.0
-13.5
1.0,0.0;4.0,4.0::-28.5,0.0
-28.5
4.0,4.0;1.0,0.0::-28.5,0.0
-28.5
