0.0,0.0;0.0,0.0::-12500.0,0.0
-12500.0
0.0,0.0;0.0,0.0::-12500.0,0.0
-12500.0
0.0,0.0;0.0,1.0::-12500.0,0.0
-12500.0
0.0,1.0;0.0,0.0::-12500.0,0.0
-12500.0
0.0,0.0;0.0,2.0::-10000.0,0.0
-10000.0
0.0,2.0;0.0,0.0::-2500.0,0.0
-2500.0
0.0,0.0;0.0,3.0::-10000.0,0.0
-10000.0
0.0,3.0;0.0,0.0::-2500.0,0.0
-2500.0
0.0,0.0;0.0,4.0::-10025.0,0.0
-10025.0
0.0,4.0;0.0,0.0::-2600.0,0.0
-2600.0
0.0,0.0;1.0,0.0::-12500.0,0.0
-12500.0
1.0,0.0;0.0,0.0::-12500.0,0.0
-12500.0
0.0,0.0;1.0,1.0::-12500.0,0.0
-12500.0
1.0,1.0;0.0,0.0::-12500.0,0.0
-12500.0
0.0,0.0;1.0,2.0::-10000.0,0.0
-10000.0
1.0,2.0;0.0,0.0::-2500.0,0.0
-2500.0
0.0,0.0;1.0,3.0::-10000.0,0.0
-10000.0
1.0,3.0;0.0,0.0::-2500.0,0.0
-2500.0
0.0,0.0;1.0,4.0::-10025.0,0.0
-10025.0
1.0,4.0;0.0,0.0::-2600.0,0.0
-2600.0
0.0,0.0;2.0,0.0::-11500.0,0.0
-11500.0
2.0,0.0;0.0,0.0::-13500.0,0.0
-13500.0
0.0,0.0;2.0,1.0::-11500.0,0.0
-11500.0
2.0,1.0;0.0,0.0::-13500.0,0.0
-13500.0
0.0,0.0;2.0,2.0::-9000.0,0.0
-9000.0
2.0,2.0;0.0,0.0::-3500.0,0.0
-3500.0
0.0,0.0;2.0,3.0::-9000.0,0.0
-9000.0
2.0,3.0;0.0,0.0::-3500.0,0.0
-3500.0
0.0,0.0;2.0,4.0::-9025.0,0.0
-9025.0
2.0,4.0;0.0,0.0::-3600.0,0.0
-3600.0
0.0,0.0;3.0,0.0::-11500.0,0.0
-11500.0
3.0,0.0;0.0,0.0::-13500.0,0.0
-13500.0
0.0,0.0;3.0,1.0::-11500.0,0.0
-11500.0
3.0,1.0;0.0,0.0::-13500.0,0.0
-13500.0
0.0,0.0;3.0,2.0::-9000.0,0.0
-9000.0
3.0,2.0;0.0,0.0::-3500.0,0.0
-3500.0
0.0,0.0;3.0,3.0::-9000.0,0.0
-9000.0
3.0,3.0;0.0,0.0::-3500.0,0.0
-3500.0
0.0,0.0;3.0,4.0::-9025.0,0.0
-9025.0
3.0,4.0;0.0,0.0::-3600.0,0.0
-3600.0
0.0,0.0;4.0,0.0::-1555.0,0.0
-1555.0
4.0,0.0;0.0,0.0::-11007.5,0.0
-11007.5
0.0,0.0;4.0,1.0::-1555.0,0.0
-1555.0
4.0,1.0;0.0,0.0::-11007.5,0.0
-11007.5
0.0,0.0;4.0,2.0::945.0,0.0
945.0
4.0,2.0;0.0,0.0::-1007.5,0.0
-1007.5
0.0,0.0;4.0,3.0::945.0,0.0
945.0
4.0,3.0;0.0,0.0::-1007.5,0.0
-1007.5
0.0,0.0;4.0,4.0::920.0,0.0
920.0
4.0,4.0;0.0,0.0::-1107.5,0.0
-1107.5
