0.0,1.0;0.0,1.0::-12500.0,0.0
-12500.0
0.0,1.0;0.0,1.0::-12500.0,0.0
-12500.0
0.0,1.0;0.0,2.0::-10000.0,0.0
-10000.0
0.0,2.0;0.0,1.0::-2500.0,0.0
-2500.0
0.0,1.0;0.0,3.0::-10000.0,0.0
-10000.0
0.0,3.0;0.0,1.0::-2500.0,0.0
-2500.0
0.0,1.0;0.0,4.0::-10025.0,0.0
-10025.0
0.0,4.0;0.0,1.0::-2600.0,0.0
-2600.0
0.0,1.0;1.0,0.0::-7000.0,0.0
-7000.0
1.0,0.0;0.0,1.0::-11750.0,0.0
-11750.0
0.0,1.0;1.0,1.0::-7000.0,0.0
-7000.0
1.0,1.0;0.0,1.0::-11750.0,0.0
-11750.0
0.0,1.0;1.0,2.0::-4500.0,0.0
-4500.0
1.0,2.0;0.0,1.0::-1750.0,0.0
-1750.0
0.0,1.0;1.0,3.0::-4500.0,0.0
-4500.0
1.0,3.0;0.0,1.0::-1750.0,0.0
-1750.0
0.0,1.0;1.0,4.0::-4525.0,0.0
-4525.0
1.0,4.0;0.0,1.0::-1850.0,0.0
-1850.0
0.0,1.0;2.0,0.0::-7000.0,0.0
-7000.0
2.0,0.0;0.0,1.0::-11750.0,0.0
-11750.0
0.0,1.0;2.0,1.0::-7000.0,0.0
-7000.0
2.0,1.0;0.0,1.0::-11750.0,0.0
-11750.0
0.0,1.0;2.0,2.0::-4500.0,0.0
-4500.0
2.0,2.0;0.0,1.0::-1750.0,0.0
-1750.0
0.0,1.0;2.0,3.0::-4500.0,0.0
-4500.0
2.0,3.0;0.0,1.0::-1750.0,0.0
-1750.0
0.0,1.0;2.0,4.0::-4525.0,0.0
-4525.0
2.0,4.0;0.0,1.0::-1850.0,0.0
-1850.0
0.0,1.0;3.0,0.0::-1500.0,0.0
-1500.0
3.0,0.0;0.0,1.0::-11000.0,0.0
-11000.0
0.0,1.0;3.0,1.0::-1500.0,0.0
-1500.0
3.0,1.0;0.0,1.0::-11000.0,0.0
-11000.0
0.0,1.0;3.0,2.0::1000.0,0.0
1000.0
3.0,2.0;0.0,1.0::-1000.0,0.0
-1000.0
0.0,1.0;3.0,3.0::1000.0,0.0
1000.0
3.0,3.0;0.0,1.0::-1000.0,0.0
-1000.0
0.0,1.0;3.0,4.0::975.0,0.0
975.0
3.0,4.0;0.0,1.0::-1100.0,0.0
-1100.0
0.0,1.0;4.0,0.0::-1555.0,0.0
-1555.0
4.0,0.0;0.0,1.0::-11007.5,0.0
-11007.5
0.0,1.0;4.0,1.0::-1555.0,0.0
-1555.0
4.0,1.0;0.0,1.0::-11007.5,0.0
-11007.5
0.0,1.0;4.0,2.0::945.0,0.0
945.0
4.0,2.0;0.0,1.0::-1007.5,0.0
-1007.5
0.0,1.0;4.0,3.0::945.0,0.0
945.0
4.0,3.0;0.0,1.0::-1007.5,0.0
-1007.5
0.0,1.0;4.0,4.0::920.0,0.0
920.0
4.0,4.0;0.0,1.0::-1107.5,0.0
-1107.5
