2.0,1.0;2.0,1.0::-6250.0,0.0
-6250.0
2.0,1.0;2.0,1.0::-6250.0,0.0
-6250.0
2.0,1.0;2.0,2.0::-6250.0,0.0
-6250.0
2.0,2.0;2.0,1.0::-6250.0,0.0
-6250.0
2.0,1.0;2.0,3.0::-4500.0,0.0
-4500.0
2.0,3.0;2.0,1.0::-1750.0,0.0
-1750.0
2.0,1.0;2.0,4.0::-4500.0,0.0
-4500.0
2.0,4.0;2.0,1.0::-1750.0,0.0
-1750.0
2.0,1.0;3.0,0.0::-2500.0,0.0
-2500.0
3.0,0.0;2.0,1.0::-10000.0,0.0
-10000.0
2.0,1.0;3.0,1.0::-750.0,0.0
-750.0
3.0,1.0;2.0,1.0::-5500.0,0.0
-5500.0
2.0,1.0;3.0,2.0::-750.0,0.0
-750.0
3.0,2.0;2.0,1.0::-5500.0,0.0
-5500.0
2.0,1.0;3.0,3.0::1000.0,0.0
1000.0
3.0,3.0;2.0,1.0::-1000.0,0.0
-1000.0
2.0,1.0;3.0,4.0::1000.0,0.0
1000.0
3.0,4.0;2.0,1.0::-1000.0,0.0
-1000.0
2.0,1.0;4.0,0.0::-2555.0,0.0
-2555.0
4.0,0.0;2.0,1.0::-10007.5,0.0
-10007.5
2.0,1.0;4.0,1.0::-805.0,0.0
-805.0
4.0,1.0;2.0,1.0::-5507.5,0.0
-5507.5
2.0,1.0;4.0,2.0::-805.0,0.0
-805.0
4.0,2.0;2.0,1.0::-5507.5,0.0
-5507.5
2.0,1.0;4.0,3.0::945.0,0.0
945.0
4.0,3.0;2.0,1.0::-1007.5,0.0
-1007.5
2.0,1.0;4.0,4.0::945.0,0.0
945.0
4.0,4.0;2.0,1.0::-1007.5,0.0
-1007.5
