2.0,2.0;2.0,2.0::-6250.0,0.0
-6250.0
2.0,2.0;2.0,2.0::-6250.0,0.0
-6250.0
2.0,2.0;2.0,3.0::-4500.0,0.0
-4500.0
2.0,3.0;2.0,2.0::-1750.0,0.0
-1750.0
2.0,2.0;2.0,4.0::-4500.0,0.0
-4500.0
2.0,4.0;2.0,2.0::-1750.0,0.0
-1750.0
2.0,2.0;3.0,0.0::-12500.0,0.0
-12500.0
3.0,0.0;2.0,2.0::-12500.0,0.0
-12500.0
2.0,2.0;3.0,1.0::-10750.0,0.0
-10750.0
3.0,1.0;2.0,2.0::-8000.0,0.0
-8000.0
2.0,2.0;3.0,2.0::-10750.0,0.0
-10750.0
3.0,2.0;2.0,2.0::-8000.0,0.0
-8000.0
2.0,2.0;3.0,3.0::-9000.0,0.0
-9000.0
3.0,3.0;2.0,2.0::-3500.0,0.0
-3500.0
2.0,2.0;3.0,4.0::-9000.0,0.0
-9000.0
3.0,4.0;2.0,2.0::-3500.0,0.0
-3500.0
2.0,2.0;4.0,0.0::-3500.0,0.0
-3500.0
4.0,0.0;2.0,2.0::-9000.0,0.0
-9000.0
2.0,2.0;4.0,1.0::-1750.0,0.0
-1750.0
4.0,1.0;2.0,2.0::-4500.0,0.0
-4500.0
2.0,2.0;4.0,2.0::-1750.0,0.0
-1750.0
4.0,2.0;2.0,2.0::-4500.0,0.0
-4500.0
2.0,2.0;4.0,3.0::0.0,0.0
0.0
4.0,3.0;2.0,2.0::0.0,0.0
0.0
2.0,2.0;4.0,4.0::0.0,0.0
0.0
4.0,4.0;2.0,2.0::0.0,0.0
0.0
