2.0,4.0;2.0,4.0::0.0,0.0
0.0
2.0,4.0;2.0,4.0::0.0,0.0
0.0
2.0,4.0;3.0,0.0::-2610.0,0.0
-2610.0
3.0,0.0;2.0,4.0::-10015.0,0.0
-10015.0
2.0,4.0;3.0,1.0::-860.0,0.0
-860.0
3.0,1.0;2.0,4.0::-5515.0,0.0
-5515.0
2.0,4.0;3.0,2.0::-860.0,0.0
-860.0
3.0,2.0;2.0,4.0::-5515.0,0.0
-5515.0
2.0,4.0;3.0,3.0::890.0,0.0
890.0
3.0,3.0;2.0,4.0::-1015.0,0.0
-1015.0
2.0,4.0;3.0,4.0::890.0,0.0
890.0
3.0,4.0;2.0,4.0::-1015.0,0.0
-1015.0
2.0,4.0;4.0,0.0::-2555.0,0.0
-2555.0
4.0,0.0;2.0,4.0::-10007.5,0.0
-10007.5
2.0,4.0;4.0,1.0::-805.0,0.0
-805.0
4.0,1.0;2.0,4.0::-5507.5,0.0
-5507.5
2.0,4.0;4.0,2.0::-805.0,0.0
-805.0
4.0,2.0;2.0,4.0::-5507.5,0.0
-5507.5
2.0,4.0;4.0,3.0::945.0,0.0
945.0
4.0,3.0;2.0,4.0::-1007.5,0.0
-1007.5
2.0,4.0;4.0,4.0::945.0,0.0
945.0
4.0,4.0;2.0,4.0::-1007.5,0.0
-1007.5
