0.0,2.0;0.0,2.0::0.0,0.0
0.0
0.0,2.0;0.0,2.0::0.0,0.0
0.0
0.0,2.0;0.0,3.0::0.0,0.0
0.0
0.0,3.0;0.0,2.0::0.0,0.0
0.0
0.0,2.0;0.0,4.0::-25.0,0.0
-25.0
0.0,4.0;0.0,2.0::-100.0,0.0
-100.0
0.0,2.0;1.0,0.0::-7000.0,0.0
-7000.0
1.0,0.0;0.0,2.0::-11750.0,0.0
-11750.0
0.0,2.0;1.0,1.0::-7000.0,0.0
-7000.0
1.0,1.0;0.0,2.0::-11750.0,0.0
-11750.0
0.0,2.0;1.0,2.0::-4500.0,0.0
-4500.0
1.0,2.0;0.0,2.0::-1750.0,0.0
-1750.0
0.0,2.0;1.0,3.0::-4500.0,0.0
-4500.0
1.0,3.0;0.0,2.0::-1750.0,0.0
-1750.0
0.0,2.0;1.0,4.0::-4525.0,0.0
-4525.0
1.0,4.0;0.0,2.0::-1850.0,0.0
-1850.0
0.0,2.0;2.0,0.0::-7000.0,0.0
-7000.0
2.0,0.0;0.0,2.0::-11750.0,0.0
-11750.0
0.0,2.0;2.0,1.0::-7000.0,0.0
-7000.0
2.0,1.0;0.0,2.0::-11750.0,0.0
-11750.0
0.0,2.0;2.0,2.0::-4500.0,0.0
-4500.0
2.0,2.0;0.0,2.0::-1750.0,0.0
-1750.0
0.0,2.0;2.0,3.0::-4500.0,0.0
-4500.0
2.0,3.0;0.0,2.0::-1750.0,0.0
-1750.0
0.0,2.0;2.0,4.0::-4525.0,0.0
-4525.0
2.0,4.0;0.0,2.0::-1850.0,0.0
-1850.0
0.0,2.0;3.0,0.0::-11500.0,0.0
-11500.0
3.0,0.0;0.0,2.0::-13500.0,0.0
-13500.0
0.0,2.0;3.0,1.0::-11500.0,0.0
-11500.0
3.0,1.0;0.0,2.0::-13500.0,0.0
-13500.0
0.0,2.0;3.0,2.0::-9000.0,0.0
-9000.0
3.0,2.0;0.0,2.0::-3500.0,0.0
-3500.0
0.0,2.0;3.0,3.0::-9000.0,0.0
-9000.0
3.0,3.0;0.0,2.0::-3500.0,0.0
-3500.0
0.0,2.0;3.0,4.0::-9025.0,0.0
-9025.0
3.0,4.0;0.0,2.0::-3600.0,0.0
-3600.0
0.0,2.0;4.0,0.0::-2500.0,0.0
-2500.0
4.0,0.0;0.0,2.0::-10000.0,0.0
-10000.0
0.0,2.0;4.0,1.0::-2500.0,0.0
-2500.0
4.0,1.0;0.0,2.0::-10000.0,0.0
-10000.0
0.0,2.0;4.0,2.0::0.0,0.0
0.0
4.0,2.0;0.0,2.0::0.0,0.0
0.0
0.0,2.0;4.0,3.0::0.0,0.0
0.0
4.0,3.0;0.0,2.0::0.0,0.0
0.0
0.0,2.0;4.0,4.0::-25.0,0.0
-25.0
4.0,4.0;0.0,2.0::-100.0,0.0
-100.0
