0.0,4.0;0.0,4.0::-125.0,0.0
-125.0
0.0,4.0;0.0,4.0::-125.0,0.0
-125.0
0.0,4.0;1.0,0.0::-1610.0,0.0
-1610.0
1.0,0.0;0.0,4.0::-11015.0,0.0
-11015.0
0.0,4.0;1.0,1.0::-1610.0,0.0
-1610.0
1.0,1.0;0.0,4.0::-11015.0,0.0
-11015.0
0.0,4.0;1.0,2.0::890.0,0.0
890.0
1.0,2.0;0.0,4.0::-1015.0,0.0
-1015.0
0.0,4.0;1.0,3.0::890.0,0.0
890.0
1.0,3.0;0.0,4.0::-1015.0,0.0
-1015.0
0.0,4.0;1.0,4.0::865.0,0.0
865.0
1.0,4.0;0.0,4.0::-1115.0,0.0
-1115.0
0.0,4.0;2.0,0.0::-2500.0,0.0
-2500.0
2.0,0.0;0.0,4.0::-10000.0,0.0
-10000.0
0.0,4.0;2.0,1.0::-2500.0,0.0
-2500.0
2.0,1.0;0.0,4.0::-10000.0,0.0
-10000.0
0.0,4.0;2.0,2.0::0.0,0.0
0.0
2.0,2.0;0.0,4.0::0.0,0.0
0.0
0.0,4.0;2.0,3.0::0.0,0.0
0.0
2.0,3.0;0.0,4.0::0.0,0.0
0.0
0.0,4.0;2.0,4.0::-25.0,0.0
-25.0
2.0,4.0;0.0,4.0::-100.0,0.0
-100.0
0.0,4.0;3.0,0.0::-1610.0,0.0
-1610.0
3.0,0.0;0.0,4.0::-11015.0,0.0
-11015.0
0.0,4.0;3.0,1.0::-1610.0,0.0
-1610.0
3.0,1.0;0.0,4.0::-11015.0,0.0
-11015.0
0.0,4.0;3.0,2.0::890.0,0.0
890.0
3.0,2.0;0.0,4.0::-1015.0,0.0
-1015.0
0.0,4.0;3.0,3.0::890.0,0.0
890.0
3.0,3.0;0.0,4.0::-1015.0,0.0
-1015.0
0.0,4.0;3.0,4.0::865.0,0.0
865.0
3.0,4.0;0.0,4.0::-1115.0,0.0
-1115.0
0.0,4.0;4.0,0.0::-1555.0,0.0
-1555.0
4.0,0.0;0.0,4.0::-11007.5,0.0
-11007.5
0.0,4.0;4.0,1.0::-1555.0,0.0
-1555.0
4.0,1.0;0.0,4.0::-11007.5,0.0
-11007.5
0.0,4.0;4.0,2.0::945.0,0.0
945.0
4.0,2.0;0.0,4.0::-1007.5,0.0
-1007.5
0.0,4.0;4.0,3.0::945.0,0.0
945.0
4.0,3.0;0.0,4.0::-1007.5,0.0
-1007.5
0.0,4.0;4.0,4.0::920.0,0.0
920.0
4.0,4.0;0.0,4.0::-1107.5,0.0
-1107.5
