1.0,1.0;1.0,1.0::-6250.0,0.0
-6250.0
1.0,1.0;1.0,1.0::-6250.0,0.0
-6250.0
1.0,1.0;1.0,2.0::-6250.0,0.0
-6250.0
1.0,2.0;1.0,1.0::-6250.0,0.0
-6250.0
1.0,1.0;1.0,3.0::-5500.0,0.0
-5500.0
1.0,3.0;1.0,1.0::-750.0,0.0
-750.0
1.0,1.0;1.0,4.0::-5515.0,0.0
-5515.0
1.0,4.0;1.0,1.0::-860.0,0.0
-860.0
1.0,1.0;2.0,0.0::-7000.0,0.0
-7000.0
2.0,0.0;1.0,1.0::-11750.0,0.0
-11750.0
1.0,1.0;2.0,1.0::-6250.0,0.0
-6250.0
2.0,1.0;1.0,1.0::-6250.0,0.0
-6250.0
1.0,1.0;2.0,2.0::-6250.0,0.0
-6250.0
2.0,2.0;1.0,1.0::-6250.0,0.0
-6250.0
1.0,1.0;2.0,3.0::-5500.0,0.0
-5500.0
2.0,3.0;1.0,1.0::-750.0,0.0
-750.0
1.0,1.0;2.0,4.0::-5515.0,0.0
-5515.0
2.0,4.0;1.0,1.0::-860.0,0.0
-860.0
1.0,1.0;3.0,0.0::-1500.0,0.0
-1500.0
3.0,0.0;1.0,1.0::-11000.0,0.0
-11000.0
1.0,1.0;3.0,1.0::-750.0,0.0
-750.0
3.0,1.0;1.0,1.0::-5500.0,0.0
-5500.0
1.0,1.0;3.0,2.0::-750.0,0.0
-750.0
3.0,2.0;1.0,1.0::-5500.0,0.0
-5500.0
1.0,1.0;3.0,3.0::0.0,0.0
0.0
3.0,3.0;1.0,1.0::0.0,0.0
0.0
1.0,1.0;3.0,4.0::-15.0,0.0
-15.0
3.0,4.0;1.0,1.0::-110.0,0.0
-110.0
1.0,1.0;4.0,0.0::-1555.0,0.0
-1555.0
4.0,0.0;1.0,1.0::-11007.5,0.0
-11007.5
1.0,1.0;4.0,1.0::-805.0,0.0
-805.0
4.0,1.0;1.0,1.0::-5507.5,0.0
-5507.5
1.0,1.0;4.0,2.0::-805.0,0.0
-805.0
4.0,2.0;1.0,1.0::-5507.5,0.0
-5507.5
1.0,1.0;4.0,3.0::-55.0,0.0
-55.0
4.0,3.0;1.0,1.0::-7.5,0.0
-7.5
1.0,1.0;4.0,4.0::-70.0,0.0
-70.0
4.0,4.0;1.0,1.0::-117.5,0.0
-117.5
