1.0,2.0;1.0,2.0::-6250.0,0.0
-6250.0
1.0,2.0;1.0,2.0::-6250.0,0.0
-6250.0
1.0,2.0;1.0,3.0::-5500.0,0.0
-5500.0
1.0,3.0;1.0,2.0::-750.0,0.0
-750.0
1.0,2.0;1.0,4.0::-5515.0,0.0
-5515.0
1.0,4.0;1.0,2.0::-860.0,0.0
-860.0
1.0,2.0;2.0,0.0::-7000.0,0.0
-7000.0
2.0,0.0;1.0,2.0::-11750.0,0.0
-11750.0
1.0,2.0;2.0,1.0::-6250.0,0.0
-6250.0
2.0,1.0;1.0,2.0::-6250.0,0.0
-6250.0
1.0,2.0;2.0,2.0::-6250.0,0.0
-6250.0
2.0,2.0;1.0,2.0::-6250.0,0.0
-6250.0
1.0,2.0;2.0,3.0::-5500.0,0.0
-5500.0
2.0,3.0;1.0,2.0::-750.0,0.0
-750.0
1.0,2.0;2.0,4.0::-5515.0,0.0
-5515.0
2.0,4.0;1.0,2.0::-860.0,0.0
-860.0
1.0,2.0;3.0,0.0::-11500.0,0.0
-11500.0
3.0,0.0;1.0,2.0::-13500.0,0.0
-13500.0
1.0,2.0;3.0,1.0::-10750.0,0.0
-10750.0
3.0,1.0;1.0,2.0::-8000.0,0.0
-8000.0
1.0,2.0;3.0,2.0::-10750.0,0.0
-10750.0
3.0,2.0;1.0,2.0::-8000.0,0.0
-8000.0
1.0,2.0;3.0,3.0::-10000.0,0.0
-10000.0
3.0,3.0;1.0,2.0::-2500.0,0.0
-2500.0
1.0,2.0;3.0,4.0::-10015.0,0.0
-10015.0
3.0,4.0;1.0,2.0::-2610.0,0.0
-2610.0
1.0,2.0;4.0,0.0::-2500.0,0.0
-2500.0
4.0,0.0;1.0,2.0::-10000.0,0.0
-10000.0
1.0,2.0;4.0,1.0::-1750.0,0.0
-1750.0
4.0,1.0;1.0,2.0::-4500.0,0.0
-4500.0
1.0,2.0;4.0,2.0::-1750.0,0.0
-1750.0
4.0,2.0;1.0,2.0::-4500.0,0.0
-4500.0
1.0,2.0;4.0,3.0::-1000.0,0.0
-1000.0
4.0,3.0;1.0,2.0::1000.0,0.0
1000.0
1.0,2.0;4.0,4.0::-1015.0,0.0
-1015.0
4.0,4.0;1.0,2.0::890.0,0.0
890.0
