1.0,4.0;1.0,4.0::-125.0,0.0
-125.0
1.0,4.0;1.0,4.0::-125.0,0.0
-125.0
1.0,4.0;2.0,0.0::-2500.0,0.0
-2500.0
2.0,0.0;1.0,4.0::-10000.0,0.0
-10000.0
1.0,4.0;2.0,1.0::-1750.0,0.0
-1750.0
2.0,1.0;1.0,4.0::-4500.0,0.0
-4500.0
1.0,4.0;2.0,2.0::-1750.0,0.0
-1750.0
2.0,2.0;1.0,4.0::-4500.0,0.0
-4500.0
1.0,4.0;2.0,3.0::-1000.0,0.0
-1000.0
2.0,3.0;1.0,4.0::1000.0,0.0
1000.0
1.0,4.0;2.0,4.0::-1015.0,0.0
-1015.0
2.0,4.0;1.0,4.0::890.0,0.0
890.0
1.0,4.0;3.0,0.0::-1610.0,0.0
-1610.0
3.0,0.0;1.0,4.0::-11015.0,0.0
-11015.0
1.0,4.0;3.0,1.0::-860.0,0.0
-860.0
3.0,1.0;1.0,4.0::-5515.0,0.0
-5515.0
1.0,4.0;3.0,2.0::-860.0,0.0
-860.0
3.0,2.0;1.0,4.0::-5515.0,0.0
-5515.0
1.0,4.0;3.0,3.0::-110.0,0.0
-110.0
3.0,3.0;1.0,4.0::-15.0,0.0
-15.0
1.0,4.0;3.0,4.0::-125.0,0.0
-125.0
3.0,4.0;1.0,4.0::-125.0,0.0
-125.0
1.0,4.0;4.0,0.0::-1555.0,0.0
-1555.0
4.0,0.0;1.0,4.0::-11007.5,0.0
-11007.5
1.0,4.0;4.0,1.0::-805.0,0.0
-805.0
4.0,1.0;1.0,4.0::-5507.5,0.0
-5507.5
1.0,4.0;4.0,2.0::-805.0,0.0
-805.0
4.0,2.0;1.0,4.0::-5507.5,0.0
-5507.5
1.0,4.0;4.0,3.0::-55.0,0.0
-55.0
4.0,3.0;1.0,4.0::-7.5,0.0
-7.5
1.0,4.0;4.0,4.0::-70.0,0.0
-70.0
4.0,4.0;1.0,4.0::-117.5,0.0
-117.5
