0.0,0.0;0.0,0.0::-12500.0,0.0
-12500.0
0.0,0.0;0.0,0.0::-12500.0,0.0
-12500.0
0.0,0.0;0.0,1.0::-12500.0,0.0
-12500.0
0.0,1.0;0.0,0.0::-12500.0,0.0
-12500.0
0.0,0.0;0.0,2.0::-10000.0,0.0
-10000.0
0.0,2.0;0.0,0.0::-2500.0,0.0
-2500.0
0.0,0.0;0.0,3.0::-10000.0,0.0
-10000.0
0.0,3.0;0.0,0.0::-2500.0,0.0
-2500.0
0.0,0.0;0.0,4.0::-10025.0,0.0
-10025.0
0.0,4.0;0.0,0.0::-2600.0,0.0
-2600.0
0.0,0.0;1.0,0.0::-12500.0,0.0
-12500.0
1.0,0.0;0.0,0.0::-12500.0,0.0
-12500.0
0.0,0.0;1.0,1.0::-12500.0,0.0
-12500.0
1.0,1.0;0.0,0.0::-12500.0,0.0
-12500.0
0.0,0.0;1.0,2.0::-10000.0,0.0
-10000.0
1.0,2.0;0.0,0.0::-2500.0,0.0
-2500.0
0.0,0.0;1.0,3.0::-10000.0,0.0
-10000.0
1.0,3.0;0.0,0.0::-2500.0,0.0
-2500.0
0.0,0.0;1.0,4.0::-10025.0,0.0
-10025.0
1.0,4.0;0.0,0.0::-2600.0,0.0
-2600.0
0.0,0.0;2.0,0.0::-11500.0,0.0
-11500.0
2.0,0.0;0.0,0.0::-13500.0,0.0
-13500.0
0.0,0.0;2.0,1.0::-11500.0,0.0
-11500.0
2.0,1.0;0.0,0.0::-13500.0,0.0
-13500.0
0.0,0.0;2.0,2.0::-9000.0,0.0
-9000.0
2.0,2.0;0.0,0.0::-3500.0,0.0
-3500.0
0.0,0.0;2.0,3.0::-9000.0,0.0
-9000.0
2.0,3.0;0.0,0.0::-3500.0,0.0
-3500.0
0.0,0.0;2.0,4.0::-9025.0,0.0
-9025.0
2.0,4.0;0.0,0.0::-3600.0,0.0
-3600.0
0.0,0.0;3.0,0.0::-11500.0,0.0
-11500.0
3.0,0.0;0.0,0.0::-13500.0,0.0
-13500.0
0.0,0.0;3.0,1.0::-11500.0,0.0
-11500.0
3.0,1.0;0.0,0.0::-13500.0,0.0
-13500.0
0.0,0.0;3.0,2.0::-9000.0,0.0
-9000.0
3.0,2.0;0.0,0.0::-3500.0,0.0
-3500.0
0.0,0.0;3.0,3.0::-9000.0,0.0
-9000.0
3.0,3.0;0.0,0.0::-3500.0,0.0
-3500.0
0.0,0.0;3.0,4.0::-9025.0,0.0
-9025.0
3.0,4.0;0.0,0.0::-3600.0,0.0
-3600.0
0.0,0.0;4.0,0.0::-1555.0,0.0
-1555.0
4.0,0.0;0.0,0.0::-11007.5,0.0
-11007.5
0.0,0.0;4.0,1.0::-1555.0,0.0
-1555.0
4.0,1.0;0.0,0.0::-11007.5,0.0
-11007.5
0.0,0.0;4.0,2.0::945.0,0.0
945.0
4.0,2.0;0.0,0.0::-1007.5,0.0
-1007.5
0.0,0.0;4.0,3.0::945.0,0.0
945.0
4.0,3.0;0.0,0.0::-1007.5,0.0
-1007.5
0.0,0.0;4.0,4.0::920.0,0.0
920.0
4.0,4.0;0.0,0.0::-1107.5,0.0
-1107.5
0.0,1.0;0.0,1.0::-12500.0,0.0
-12500.0
0.0,1.0;0.0,1.0::-12500.0,0.0
-12500.0
0.0,1.0;0.0,2.0::-10000.0,0.0
-10000.0
0.0,2.0;0.0,1.0::-2500.0,0.0
-2500.0
0.0,1.0;0.0,3.0::-10000.0,0.0
-10000.0
0.0,3.0;0.0,1.0::-2500.0,0.0
-2500.0
0.0,1.0;0.0,4.0::-10025.0,0.0
-10025.0
0.0,4.0;0.0,1.0::-2600.0,0.0
-2600.0
0.0,1.0;1.0,0.0::-7000.0,0.0
-7000.0
1.0,0.0;0.0,1.0::-11750.0,0.0
-11750.0
0.0,1.0;1.0,1.0::-7000.0,0.0
-7000.0
1.0,1.0;0.0,1.0::-11750.0,0.0
-11750.0
0.0,1.0;1.0,2.0::-4500.0,0.0
-4500.0
1.0,2.0;0.0,1.0::-1750.0,0.0
-1750.0
0.0,1.0;1.0,3.0::-4500.0,0.0
-4500.0
1.0,3.0;0.0,1.0::-1750.0,0.0
-1750.0
0.0,1.0;1.0,4.0::-4525.0,0.0
-4525.0
1.0,4.0;0.0,1.0::-1850.0,0.0
-1850.0
0.0,1.0;2.0,0.0::-7000.0,0.0
-7000.0
2.0,0.0;0.0,1.0::-11750.0,0.0
-11750.0
0.0,1.0;2.0,1.0::-7000.0,0.0
-7000.0
2.0,1.0;0.0,1.0::-11750.0,0.0
-11750.0
0.0,1.0;2.0,2.0::-4500.0,0.0
-4500.0
2.0,2.0;0.0,1.0::-1750.0,0.0
-1750.0
0.0,1.0;2.0,3.0::-4500.0,0.0
-4500.0
2.0,3.0;0.0,1.0::-1750.0,0.0
-1750.0
0.0,1.0;2.0,4.0::-4525.0,0.0
-4525.0
2.0,4.0;0.0,1.0::-1850.0,0.0
-1850.0
0.0,1.0;3.0,0.0::-1500.0,0.0
-1500.0
3.0,0.0;0.0,1.0::-11000.0,0.0
-11000.0
0.0,1.0;3.0,1.0::-1500.0,0.0
-1500.0
3.0,1.0;0.0,1.0::-11000.0,0.0
-11000.0
0.0,1.0;3.0,2.0::1000.0,0.0
1000.0
3.0,2.0;0.0,1.0::-1000.0,0.0
-1000.0
0.0,1.0;3.0,3.0::1000.0,0.0
1000.0
3.0,3.0;0.0,1.0::-1000.0,0.0
-1000.0
0.0,1.0;3.0,4.0::975.0,0.0
975.0
3.0,4.0;0.0,1.0::-1100.0,0.0
-1100.0
0.0,1.0;4.0,0.0::-1555.0,0.0
-1555.0
4.0,0.0;0.0,1.0::-11007.5,0.0
-11007.5
0.0,1.0;4.0,1.0::-1555.0,0.0
-1555.0
4.0,1.0;0.0,1.0::-11007.5,0.0
-11007.5
0.0,1.0;4.0,2.0::945.0,0.0
945.0
4.0,2.0;0.0,1.0::-1007.5,0.0
-1007.5
0.0,1.0;4.0,3.0::945.0,0.0
945.0
4.0,3.0;0.0,1.0::-1007.5,0.0
-1007.5
0.0,1.0;4.0,4.0::920.0,0.0
920.0
4.0,4.0;0.0,1.0::-1107.5,0.0
-1107.5
0.0,2.0;0.0,2.0::0.0,0.0
0.0
0.0,2.0;0.0,2.0::0.0,0.0
0.0
0.0,2.0;0.0,3.0::0.0,0.0
0.0
0.0,3.0;0.0,2.0::0.0,0.0
0.0
0.0,2.0;0.0,4.0::-25.0,0.0
-25.0
0.0,4.0;0.0,2.0::-100.0,0.0
-100.0
0.0,2.0;1.0,0.0::-7000.0,0.0
-7000.0
1.0,0.0;0.0,2.0::-11750.0,0.0
-11750.0
0.0,2.0;1.0,1.0::-7000.0,0.0
-7000.0
1.0,1.0;0.0,2.0::-11750.0,0.0
-11750.0
0.0,2.0;1.0,2.0::-4500.0,0.0
-4500.0
1.0,2.0;0.0,2.0::-1750.0,0.0
-1750.0
0.0,2.0;1.0,3.0::-4500.0,0.0
-4500.0
1.0,3.0;0.0,2.0::-1750.0,0.0
-1750.0
0.0,2.0;1.0,4.0::-4525.0,0.0
-4525.0
1.0,4.0;0.0,2.0::-1850.0,0.0
-1850.0
0.0,2.0;2.0,0.0::-7000.0,0.0
-7000.0
2.0,0.0;0.0,2.0::-11750.0,0.0
-11750.0
0.0,2.0;2.0,1.0::-7000.0,0.0
-7000.0
2.0,1.0;0.0,2.0::-11750.0,0.0
-11750.0
0.0,2.0;2.0,2.0::-4500.0,0.0
-4500.0
2.0,2.0;0.0,2.0::-1750.0,0.0
-1750.0
0.0,2.0;2.0,3.0::-4500.0,0.0
-4500.0
2.0,3.0;0.0,2.0::-1750.0,0.0
-1750.0
0.0,2.0;2.0,4.0::-4525.0,0.0
-4525.0
2.0,4.0;0.0,2.0::-1850.0,0.0
-1850.0
0.0,2.0;3.0,0.0::-11500.0,0.0
-11500.0
3.0,0.0;0.0,2.0::-13500.0,0.0
-13500.0
0.0,2.0;3.0,1.0::-11500.0,0.0
-11500.0
3.0,1.0;0.0,2.0::-13500.0,0.0
-13500.0
0.0,2.0;3.0,2.0::-9000.0,0.0
-9000.0
3.0,2.0;0.0,2.0::-3500.0,0.0
-3500.0
0.0,2.0;3.0,3.0::-9000.0,0.0
-9000.0
3.0,3.0;0.0,2.0::-3500.0,0.0
-3500.0
0.0,2.0;3.0,4.0::-9025.0,0.0
-9025.0
3.0,4.0;0.0,2.0::-3600.0,0.0
-3600.0
0.0,2.0;4.0,0.0::-2500.0,0.0
-2500.0
4.0,0.0;0.0,2.0::-10000.0,0.0
-10000.0
0.0,2.0;4.0,1.0::-2500.0,0.0
-2500.0
4.0,1.0;0.0,2.0::-10000.0,0.0
-10000.0
0.0,2.0;4.0,2.0::0.0,0.0
0.0
4.0,2.0;0.0,2.0::0.0,0.0
0.0
0.0,2.0;4.0,3.0::0.0,0.0
0.0
4.0,3.0;0.0,2.0::0.0,0.0
0.0
0.0,2.0;4.0,4.0::-25.0,0.0
-25.0
4.0,4.0;0.0,2.0::-100.0,0.0
-100.0
0.0,3.0;0.0,3.0::0.0,0.0
0.0
0.0,3.0;0.0,3.0::0.0,0.0
0.0
0.0,3.0;0.0,4.0::-25.0,0.0
-25.0
0.0,4.0;0.0,3.0::-100.0,0.0
-100.0
0.0,3.0;1.0,0.0::-1500.0,0.0
-1500.0
1.0,0.0;0.0,3.0::-11000.0,0.0
-11000.0
0.0,3.0;1.0,1.0::-1500.0,0.0
-1500.0
1.0,1.0;0.0,3.0::-11000.0,0.0
-11000.0
0.0,3.0;1.0,2.0::1000.0,0.0
1000.0
1.0,2.0;0.0,3.0::-1000.0,0.0
-1000.0
0.0,3.0;1.0,3.0::1000.0,0.0
1000.0
1.0,3.0;0.0,3.0::-1000.0,0.0
-1000.0
0.0,3.0;1.0,4.0::975.0,0.0
975.0
1.0,4.0;0.0,3.0::-1100.0,0.0
-1100.0
0.0,3.0;2.0,0.0::-2500.0,0.0
-2500.0
2.0,0.0;0.0,3.0::-10000.0,0.0
-10000.0
0.0,3.0;2.0,1.0::-2500.0,0.0
-2500.0
2.0,1.0;0.0,3.0::-10000.0,0.0
-10000.0
0.0,3.0;2.0,2.0::0.0,0.0
0.0
2.0,2.0;0.0,3.0::0.0,0.0
0.0
0.0,3.0;2.0,3.0::0.0,0.0
0.0
2.0,3.0;0.0,3.0::0.0,0.0
0.0
0.0,3.0;2.0,4.0::-25.0,0.0
-25.0
2.0,4.0;0.0,3.0::-100.0,0.0
-100.0
0.0,3.0;3.0,0.0::-1500.0,0.0
-1500.0
3.0,0.0;0.0,3.0::-11000.0,0.0
-11000.0
0.0,3.0;3.0,1.0::-1500.0,0.0
-1500.0
3.0,1.0;0.0,3.0::-11000.0,0.0
-11000.0
0.0,3.0;3.0,2.0::1000.0,0.0
1000.0
3.0,2.0;0.0,3.0::-1000.0,0.0
-1000.0
0.0,3.0;3.0,3.0::1000.0,0.0
1000.0
3.0,3.0;0.0,3.0::-1000.0,0.0
-1000.0
0.0,3.0;3.0,4.0::975.0,0.0
975.0
3.0,4.0;0.0,3.0::-1100.0,0.0
-1100.0
0.0,3.0;4.0,0.0::-2500.0,0.0
-2500.0
4.0,0.0;0.0,3.0::-10000.0,0.0
-10000.0
0.0,3.0;4.0,1.0::-2500.0,0.0
-2500.0
4.0,1.0;0.0,3.0::-10000.0,0.0
-10000.0
0.0,3.0;4.0,2.0::0.0,0.0
0.0
4.0,2.0;0.0,3.0::0.0,0.0
0.0
0.0,3.0;4.0,3.0::0.0,0.0
0.0
4.0,3.0;0.0,3.0::0.0,0.0
0.0
0.0,3.0;4.0,4.0::-25.0,0.0
-25.0
4.0,4.0;0.0,3.0::-100.0,0.0
-100.0
0.0,4.0;0.0,4.0::-125.0,0.0
-125.0
0.0,4.0;0.0,4.0::-125.0,0.0
-125.0
0.0,4.0;1.0,0.0::-1610.0,0.0
-1610.0
1.0,0.0;0.0,4.0::-11015.0,0.0
-11015.0
0.0,4.0;1.0,1.0::-1610.0,0.0
-1610.0
1.0,1.0;0.0,4.0::-11015.0,0.0
-11015.0
0.0,4.0;1.0,2.0::890.0,0.0
890.0
1.0,2.0;0.0,4.0::-1015.0,0.0
-1015.0
0.0,4.0;1.0,3.0::890.0,0.0
890.0
1.0,3.0;0.0,4.0::-1015.0,0.0
-1015.0
0.0,4.0;1.0,4.0::865.0,0.0
865.0
1.0,4.0;0.0,4.0::-1115.0,0.0
-1115.0
0.0,4.0;2.0,0.0::-2500.0,0.0
-2500.0
2.0,0.0;0.0,4.0::-10000.0,0.0
-10000.0
0.0,4.0;2.0,1.0::-2500.0,0.0
-2500.0
2.0,1.0;0.0,4.0::-10000.0,0.0
-10000.0
0.0,4.0;2.0,2.0::0.0,0.0
0.0
2.0,2.0;0.0,4.0::0.0,0.0
0.0
0.0,4.0;2.0,3.0::0.0,0.0
0.0
2.0,3.0;0.0,4.0::0.0,0.0
0.0
0.0,4.0;2.0,4.0::-25.0,0.0
-25.0
2.0,4.0;0.0,4.0::-100.0,0.0
-100.0
0.0,4.0;3.0,0.0::-1610.0,0.0
-1610.0
3.0,0.0;0.0,4.0::-11015.0,0.0
-11015.0
0.0,4.0;3.0,1.0::-1610.0,0.0
-1610.0
3.0,1.0;0.0,4.0::-11015.0,0.0
-11015.0
0.0,4.0;3.0,2.0::890.0,0.0
890.0
3.0,2.0;0.0,4.0::-1015.0,0.0
-1015.0
0.0,4.0;3.0,3.0::890.0,0.0
890.0
3.0,3.0;0.0,4.0::-1015.0,0.0
-1015.0
0.0,4.0;3.0,4.0::865.0,0.0
865.0
3.0,4.0;0.0,4.0::-1115.0,0.0
-1115.0
0.0,4.0;4.0,0.0::-1555.0,0.0
-1555.0
4.0,0.0;0.0,4.0::-11007.5,0.0
-11007.5
0.0,4.0;4.0,1.0::-1555.0,0.0
-1555.0
4.0,1.0;0.0,4.0::-11007.5,0.0
-11007.5
0.0,4.0;4.0,2.0::945.0,0.0
945.0
4.0,2.0;0.0,4.0::-1007.5,0.0
-1007.5
0.0,4.0;4.0,3.0::945.0,0.0
945.0
4.0,3.0;0.0,4.0::-1007.5,0.0
-1007.5
0.0,4.0;4.0,4.0::920.0,0.0
920.0
4.0,4.0;0.0,4.0::-1107.5,0.0
-1107.5
1.0,0.0;1.0,0.0::-12500.0,0.0
-12500.0
1.0,0.0;1.0,0.0::-12500.0,0.0
-12500.0
1.0,0.0;1.0,1.0::-11750.0,0.0
-11750.0
1.0,1.0;1.0,0.0::-7000.0,0.0
-7000.0
1.0,0.0;1.0,2.0::-11750.0,0.0
-11750.0
1.0,2.0;1.0,0.0::-7000.0,0.0
-7000.0
1.0,0.0;1.0,3.0::-11000.0,0.0
-11000.0
1.0,3.0;1.0,0.0::-1500.0,0.0
-1500.0
1.0,0.0;1.0,4.0::-11015.0,0.0
-11015.0
1.0,4.0;1.0,0.0::-1610.0,0.0
-1610.0
1.0,0.0;2.0,0.0::-11500.0,0.0
-11500.0
2.0,0.0;1.0,0.0::-13500.0,0.0
-13500.0
1.0,0.0;2.0,1.0::-10750.0,0.0
-10750.0
2.0,1.0;1.0,0.0::-8000.0,0.0
-8000.0
1.0,0.0;2.0,2.0::-10750.0,0.0
-10750.0
2.0,2.0;1.0,0.0::-8000.0,0.0
-8000.0
1.0,0.0;2.0,3.0::-10000.0,0.0
-10000.0
2.0,3.0;1.0,0.0::-2500.0,0.0
-2500.0
1.0,0.0;2.0,4.0::-10015.0,0.0
-10015.0
2.0,4.0;1.0,0.0::-2610.0,0.0
-2610.0
1.0,0.0;3.0,0.0::-11500.0,0.0
-11500.0
3.0,0.0;1.0,0.0::-13500.0,0.0
-13500.0
1.0,0.0;3.0,1.0::-10750.0,0.0
-10750.0
3.0,1.0;1.0,0.0::-8000.0,0.0
-8000.0
1.0,0.0;3.0,2.0::-10750.0,0.0
-10750.0
3.0,2.0;1.0,0.0::-8000.0,0.0
-8000.0
1.0,0.0;3.0,3.0::-10000.0,0.0
-10000.0
3.0,3.0;1.0,0.0::-2500.0,0.0
-2500.0
1.0,0.0;3.0,4.0::-10015.0,0.0
-10015.0
3.0,4.0;1.0,0.0::-2610.0,0.0
-2610.0
1.0,0.0;4.0,0.0::-1555.0,0.0
-1555.0
4.0,0.0;1.0,0.0::-11007.5,0.0
-11007.5
1.0,0.0;4.0,1.0::-805.0,0.0
-805.0
4.0,1.0;1.0,0.0::-5507.5,0.0
-5507.5
1.0,0.0;4.0,2.0::-805.0,0.0
-805.0
4.0,2.0;1.0,0.0::-5507.5,0.0
-5507.5
1.0,0.0;4.0,3.0::-55.0,0.0
-55.0
4.0,3.0;1.0,0.0::-7.5,0.0
-7.5
1.0,0.0;4.0,4.0::-70.0,0.0
-70.0
4.0,4.0;1.0,0.0::-117.5,0.0
-117.5
1.0,1.0;1.0,1.0::-6250.0,0.0
-6250.0
1.0,1.0;1.0,1.0::-6250.0,0.0
-6250.0
1.0,1.0;1.0,2.0::-6250.0,0.0
-6250.0
1.0,2.0;1.0,1.0::-6250.0,0.0
-6250.0
1.0,1.0;1.0,3.0::-5500.0,0.0
-5500.0
1.0,3.0;1.0,1.0::-750.0,0.0
-750.0
1.0,1.0;1.0,4.0::-5515.0,0.0
-5515.0
1.0,4.0;1.0,1.0::-860.0,0.0
-860.0
1.0,1.0;2.0,0.0::-7000.0,0.0
-7000.0
2.0,0.0;1.0,1.0::-11750.0,0.0
-11750.0
1.0,1.0;2.0,1.0::-6250.0,0.0
-6250.0
2.0,1.0;1.0,1.0::-6250.0,0.0
-6250.0
1.0,1.0;2.0,2.0::-6250.0,0.0
-6250.0
2.0,2.0;1.0,1.0::-6250.0,0.0
-6250.0
1.0,1.0;2.0,3.0::-5500.0,0.0
-5500.0
2.0,3.0;1.0,1.0::-750.0,0.0
-750.0
1.0,1.0;2.0,4.0::-5515.0,0.0
-5515.0
2.0,4.0;1.0,1.0::-860.0,0.0
-860.0
1.0,1.0;3.0,0.0::-1500.0,0.0
-1500.0
3.0,0.0;1.0,1.0::-11000.0,0.0
-11000.0
1.0,1.0;3.0,1.0::-750.0,0.0
-750.0
3.0,1.0;1.0,1.0::-5500.0,0.0
-5500.0
1.0,1.0;3.0,2.0::-750.0,0.0
-750.0
3.0,2.0;1.0,1.0::-5500.0,0.0
-5500.0
1.0,1.0;3.0,3.0::0.0,0.0
0.0
3.0,3.0;1.0,1.0::0.0,0.0
0.0
1.0,1.0;3.0,4.0::-15.0,0.0
-15.0
3.0,4.0;1.0,1.0::-110.0,0.0
-110.0
1.0,1.0;4.0,0.0::-1555.0,0.0
-1555.0
4.0,0.0;1.0,1.0::-11007.5,0.0
-11007.5
1.0,1.0;4.0,1.0::-805.0,0.0
-805.0
4.0,1.0;1.0,1.0::-5507.5,0.0
-5507.5
1.0,1.0;4.0,2.0::-805.0,0.0
-805.0
4.0,2.0;1.0,1.0::-5507.5,0.0
-5507.5
1.0,1.0;4.0,3.0::-55.0,0.0
-55.0
4.0,3.0;1.0,1.0::-7.5,0.0
-7.5
1.0,1.0;4.0,4.0::-70.0,0.0
-70.0
4.0,4.0;1.0,1.0::-117.5,0.0
-117.5
1.0,2.0;1.0,2.0::-6250.0,0.0
-6250.0
1.0,2.0;1.0,2.0::-6250.0,0.0
-6250.0
1.0,2.0;1.0,3.0::-5500.0,0.0
-5500.0
1.0,3.0;1.0,2.0::-750.0,0.0
-750.0
1.0,2.0;1.0,4.0::-5515.0,0.0
-5515.0
1.0,4.0;1.0,2.0::-860.0,0.0
-860.0
1.0,2.0;2.0,0.0::-7000.0,0.0
-7000.0
2.0,0.0;1.0,2.0::-11750.0,0.0
-11750.0
1.0,2.0;2.0,1.0::-6250.0,0.0
-6250.0
2.0,1.0;1.0,2.0::-6250.0,0.0
-6250.0
1.0,2.0;2.0,2.0::-6250.0,0.0
-6250.0
2.0,2.0;1.0,2.0::-6250.0,0.0
-6250.0
1.0,2.0;2.0,3.0::-5500.0,0.0
-5500.0
2.0,3.0;1.0,2.0::-750.0,0.0
-750.0
1.0,2.0;2.0,4.0::-5515.0,0.0
-5515.0
2.0,4.0;1.0,2.0::-860.0,0.0
-860.0
1.0,2.0;3.0,0.0::-11500.0,0.0
-11500.0
3.0,0.0;1.0,2.0::-13500.0,0.0
-13500.0
1.0,2.0;3.0,1.0::-10750.0,0.0
-10750.0
3.0,1.0;1.0,2.0::-8000.0,0.0
-8000.0
1.0,2.0;3.0,2.0::-10750.0,0.0
-10750.0
3.0,2.0;1.0,2.0::-8000.0,0.0
-8000.0
1.0,2.0;3.0,3.0::-10000.0,0.0
-10000.0
3.0,3.0;1.0,2.0::-2500.0,0.0
-2500.0
1.0,2.0;3.0,4.0::-10015.0,0.0
-10015.0
3.0,4.0;1.0,2.0::-2610.0,0.0
-2610.0
1.0,2.0;4.0,0.0::-2500.0,0.0
-2500.0
4.0,0.0;1.0,2.0::-10000.0,0.0
-10000.0
1.0,2.0;4.0,1.0::-1750.0,0.0
-1750.0
4.0,1.0;1.0,2.0::-4500.0,0.0
-4500.0
1.0,2.0;4.0,2.0::-1750.0,0.0
-1750.0
4.0,2.0;1.0,2.0::-4500.0,0.0
-4500.0
1.0,2.0;4.0,3.0::-1000.0,0.0
-1000.0
4.0,3.0;1.0,2.0::1000.0,0.0
1000.0
1.0,2.0;4.0,4.0::-1015.0,0.0
-1015.0
4.0,4.0;1.0,2.0::890.0,0.0
890.0
1.0,3.0;1.0,3.0::0.0,0.0
0.0
1.0,3.0;1.0,3.0::0.0,0.0
0.0
1.0,3.0;1.0,4.0::-15.0,0.0
-15.0
1.0,4.0;1.0,3.0::-110.0,0.0
-110.0
1.0,3.0;2.0,0.0::-2500.0,0.0
-2500.0
2.0,0.0;1.0,3.0::-10000.0,0.0
-10000.0
1.0,3.0;2.0,1.0::-1750.0,0.0
-1750.0
2.0,1.0;1.0,3.0::-4500.0,0.0
-4500.0
1.0,3.0;2.0,2.0::-1750.0,0.0
-1750.0
2.0,2.0;1.0,3.0::-4500.0,0.0
-4500.0
1.0,3.0;2.0,3.0::-1000.0,0.0
-1000.0
2.0,3.0;1.0,3.0::1000.0,0.0
1000.0
1.0,3.0;2.0,4.0::-1015.0,0.0
-1015.0
2.0,4.0;1.0,3.0::890.0,0.0
890.0
1.0,3.0;3.0,0.0::-1500.0,0.0
-1500.0
3.0,0.0;1.0,3.0::-11000.0,0.0
-11000.0
1.0,3.0;3.0,1.0::-750.0,0.0
-750.0
3.0,1.0;1.0,3.0::-5500.0,0.0
-5500.0
1.0,3.0;3.0,2.0::-750.0,0.0
-750.0
3.0,2.0;1.0,3.0::-5500.0,0.0
-5500.0
1.0,3.0;3.0,3.0::0.0,0.0
0.0
3.0,3.0;1.0,3.0::0.0,0.0
0.0
1.0,3.0;3.0,4.0::-15.0,0.0
-15.0
3.0,4.0;1.0,3.0::-110.0,0.0
-110.0
1.0,3.0;4.0,0.0::-2500.0,0.0
-2500.0
4.0,0.0;1.0,3.0::-10000.0,0.0
-10000.0
1.0,3.0;4.0,1.0::-1750.0,0.0
-1750.0
4.0,1.0;1.0,3.0::-4500.0,0.0
-4500.0
1.0,3.0;4.0,2.0::-1750.0,0.0
-1750.0
4.0,2.0;1.0,3.0::-4500.0,0.0
-4500.0
1.0,3.0;4.0,3.0::-1000.0,0.0
-1000.0
4.0,3.0;1.0,3.0::1000.0,0.0
1000.0
1.0,3.0;4.0,4.0::-1015.0,0.0
-1015.0
4.0,4.0;1.0,3.0::890.0,0.0
890.0
1.0,4.0;1.0,4.0::-125.0,0.0
-125.0
1.0,4.0;1.0,4.0::-125.0,0.0
-125.0
1.0,4.0;2.0,0.0::-2500.0,0.0
-2500.0
2.0,0.0;1.0,4.0::-10000.0,0.0
-10000.0
1.0,4.0;2.0,1.0::-1750.0,0.0
-1750.0
2.0,1.0;1.0,4.0::-4500.0,0.0
-4500.0
1.0,4.0;2.0,2.0::-1750.0,0.0
-1750.0
2.0,2.0;1.0,4.0::-4500.0,0.0
-4500.0
1.0,4.0;2.0,3.0::-1000.0,0.0
-1000.0
2.0,3.0;1.0,4.0::1000.0,0.0
1000.0
1.0,4.0;2.0,4.0::-1015.0,0.0
-1015.0
2.0,4.0;1.0,4.0::890.0,0.0
890.0
1.0,4.0;3.0,0.0::-1610.0,0.0
-1610.0
3.0,0.0;1.0,4.0::-11015.0,0.0
-11015.0
1.0,4.0;3.0,1.0::-860.0,0.0
-860.0
3.0,1.0;1.0,4.0::-5515.0,0.0
-5515.0
1.0,4.0;3.0,2.0::-860.0,0.0
-860.0
3.0,2.0;1.0,4.0::-5515.0,0.0
-5515.0
1.0,4.0;3.0,3.0::-110.0,0.0
-110.0
3.0,3.0;1.0,4.0::-15.0,0.0
-15.0
1.0,4.0;3.0,4.0::-125.0,0.0
-125.0
3.0,4.0;1.0,4.0::-125.0,0.0
-125.0
1.0,4.0;4.0,0.0::-1555.0,0.0
-1555.0
4.0,0.0;1.0,4.0::-11007.5,0.0
-11007.5
1.0,4.0;4.0,1.0::-805.0,0.0
-805.0
4.0,1.0;1.0,4.0::-5507.5,0.0
-5507.5
1.0,4.0;4.0,2.0::-805.0,0.0
-805.0
4.0,2.0;1.0,4.0::-5507.5,0.0
-5507.5
1.0,4.0;4.0,3.0::-55.0,0.0
-55.0
4.0,3.0;1.0,4.0::-7.5,0.0
-7.5
1.0,4.0;4.0,4.0::-70.0,0.0
-70.0
4.0,4.0;1.0,4.0::-117.5,0.0
-117.5
2.0,0.0;2.0,0.0::-12500.0,0.0
-12500.0
2.0,0.0;2.0,0.0::-12500.0,0.0
-12500.0
2.0,0.0;2.0,1.0::-10750.0,0.0
-10750.0
2.0,1.0;2.0,0.0::-8000.0,0.0
-8000.0
2.0,0.0;2.0,2.0::-10750.0,0.0
-10750.0
2.0,2.0;2.0,0.0::-8000.0,0.0
-8000.0
2.0,0.0;2.0,3.0::-9000.0,0.0
-9000.0
2.0,3.0;2.0,0.0::-3500.0,0.0
-3500.0
2.0,0.0;2.0,4.0::-9000.0,0.0
-9000.0
2.0,4.0;2.0,0.0::-3500.0,0.0
-3500.0
2.0,0.0;3.0,0.0::-12500.0,0.0
-12500.0
3.0,0.0;2.0,0.0::-12500.0,0.0
-12500.0
2.0,0.0;3.0,1.0::-10750.0,0.0
-10750.0
3.0,1.0;2.0,0.0::-8000.0,0.0
-8000.0
2.0,0.0;3.0,2.0::-10750.0,0.0
-10750.0
3.0,2.0;2.0,0.0::-8000.0,0.0
-8000.0
2.0,0.0;3.0,3.0::-9000.0,0.0
-9000.0
3.0,3.0;2.0,0.0::-3500.0,0.0
-3500.0
2.0,0.0;3.0,4.0::-9000.0,0.0
-9000.0
3.0,4.0;2.0,0.0::-3500.0,0.0
-3500.0
2.0,0.0;4.0,0.0::-2555.0,0.0
-2555.0
4.0,0.0;2.0,0.0::-10007.5,0.0
-10007.5
2.0,0.0;4.0,1.0::-805.0,0.0
-805.0
4.0,1.0;2.0,0.0::-5507.5,0.0
-5507.5
2.0,0.0;4.0,2.0::-805.0,0.0
-805.0
4.0,2.0;2.0,0.0::-5507.5,0.0
-5507.5
2.0,0.0;4.0,3.0::945.0,0.0
945.0
4.0,3.0;2.0,0.0::-1007.5,0.0
-1007.5
2.0,0.0;4.0,4.0::945.0,0.0
945.0
4.0,4.0;2.0,0.0::-1007.5,0.0
-1007.5
2.0,1.0;2.0,1.0::-6250.0,0.0
-6250.0
2.0,1.0;2.0,1.0::-6250.0,0.0
-6250.0
2.0,1.0;2.0,2.0::-6250.0,0.0
-6250.0
2.0,2.0;2.0,1.0::-6250.0,0.0
-6250.0
2.0,1.0;2.0,3.0::-4500.0,0.0
-4500.0
2.0,3.0;2.0,1.0::-1750.0,0.0
-1750.0
2.0,1.0;2.0,4.0::-4500.0,0.0
-4500.0
2.0,4.0;2.0,1.0::-1750.0,0.0
-1750.0
2.0,1.0;3.0,0.0::-2500.0,0.0
-2500.0
3.0,0.0;2.0,1.0::-10000.0,0.0
-10000.0
2.0,1.0;3.0,1.0::-750.0,0.0
-750.0
3.0,1.0;2.0,1.0::-5500.0,0.0
-5500.0
2.0,1.0;3.0,2.0::-750.0,0.0
-750.0
3.0,2.0;2.0,1.0::-5500.0,0.0
-5500.0
2.0,1.0;3.0,3.0::1000.0,0.0
1000.0
3.0,3.0;2.0,1.0::-1000.0,0.0
-1000.0
2.0,1.0;3.0,4.0::1000.0,0.0
1000.0
3.0,4.0;2.0,1.0::-1000.0,0.0
-1000.0
2.0,1.0;4.0,0.0::-2555.0,0.0
-2555.0
4.0,0.0;2.0,1.0::-10007.5,0.0
-10007.5
2.0,1.0;4.0,1.0::-805.0,0.0
-805.0
4.0,1.0;2.0,1.0::-5507.5,0.0
-5507.5
2.0,1.0;4.0,2.0::-805.0,0.0
-805.0
4.0,2.0;2.0,1.0::-5507.5,0.0
-5507.5
2.0,1.0;4.0,3.0::945.0,0.0
945.0
4.0,3.0;2.0,1.0::-1007.5,0.0
-1007.5
2.0,1.0;4.0,4.0::945.0,0.0
945.0
4.0,4.0;2.0,1.0::-1007.5,0.0
-1007.5
2.0,2.0;2.0,2.0::-6250.0,0.0
-6250.0
2.0,2.0;2.0,2.0::-6250.0,0.0
-6250.0
2.0,2.0;2.0,3.0::-4500.0,0.0
-4500.0
2.0,3.0;2.0,2.0::-1750.0,0.0
-1750.0
2.0,2.0;2.0,4.0::-4500.0,0.0
-4500.0
2.0,4.0;2.0,2.0::-1750.0,0.0
-1750.0
2.0,2.0;3.0,0.0::-12500.0,0.0
-12500.0
3.0,0.0;2.0,2.0::-12500.0,0.0
-12500.0
2.0,2.0;3.0,1.0::-10750.0,0.0
-10750.0
3.0,1.0;2.0,2.0::-8000.0,0.0
-8000.0
2.0,2.0;3.0,2.0::-10750.0,0.0
-10750.0
3.0,2.0;2.0,2.0::-8000.0,0.0
-8000.0
2.0,2.0;3.0,3.0::-9000.0,0.0
-9000.0
3.0,3.0;2.0,2.0::-3500.0,0.0
-3500.0
2.0,2.0;3.0,4.0::-9000.0,0.0
-9000.0
3.0,4.0;2.0,2.0::-3500.0,0.0
-3500.0
2.0,2.0;4.0,0.0::-3500.0,0.0
-3500.0
4.0,0.0;2.0,2.0::-9000.0,0.0
-9000.0
2.0,2.0;4.0,1.0::-1750.0,0.0
-1750.0
4.0,1.0;2.0,2.0::-4500.0,0.0
-4500.0
2.0,2.0;4.0,2.0::-1750.0,0.0
-1750.0
4.0,2.0;2.0,2.0::-4500.0,0.0
-4500.0
2.0,2.0;4.0,3.0::0.0,0.0
0.0
4.0,3.0;2.0,2.0::0.0,0.0
0.0
2.0,2.0;4.0,4.0::0.0,0.0
0.0
4.0,4.0;2.0,2.0::0.0,0.0
0.0
2.0,3.0;2.0,3.0::0.0,0.0
0.0
2.0,3.0;2.0,3.0::0.0,0.0
0.0
2.0,3.0;2.0,4.0::0.0,0.0
0.0
2.0,4.0;2.0,3.0::0.0,0.0
0.0
2.0,3.0;3.0,0.0::-2500.0,0.0
-2500.0
3.0,0.0;2.0,3.0::-10000.0,0.0
-10000.0
2.0,3.0;3.0,1.0::-750.0,0.0
-750.0
3.0,1.0;2.0,3.0::-5500.0,0.0
-5500.0
2.0,3.0;3.0,2.0::-750.0,0.0
-750.0
3.0,2.0;2.0,3.0::-5500.0,0.0
-5500.0
2.0,3.0;3.0,3.0::1000.0,0.0
1000.0
3.0,3.0;2.0,3.0::-1000.0,0.0
-1000.0
2.0,3.0;3.0,4.0::1000.0,0.0
1000.0
3.0,4.0;2.0,3.0::-1000.0,0.0
-1000.0
2.0,3.0;4.0,0.0::-3500.0,0.0
-3500.0
4.0,0.0;2.0,3.0::-9000.0,0.0
-9000.0
2.0,3.0;4.0,1.0::-1750.0,0.0
-1750.0
4.0,1.0;2.0,3.0::-4500.0,0.0
-4500.0
2.0,3.0;4.0,2.0::-1750.0,0.0
-1750.0
4.0,2.0;2.0,3.0::-4500.0,0.0
-4500.0
2.0,3.0;4.0,3.0::0.0,0.0
0.0
4.0,3.0;2.0,3.0::0.0,0.0
0.0
2.0,3.0;4.0,4.0::0.0,0.0
0.0
4.0,4.0;2.0,3.0::0.0,0.0
0.0
2.0,4.0;2.0,4.0::0.0,0.0
0.0
2.0,4.0;2.0,4.0::0.0,0.0
0.0
2.0,4.0;3.0,0.0::-2610.0,0.0
-2610.0
3.0,0.0;2.0,4.0::-10015.0,0.0
-10015.0
2.0,4.0;3.0,1.0::-860.0,0.0
-860.0
3.0,1.0;2.0,4.0::-5515.0,0.0
-5515.0
2.0,4.0;3.0,2.0::-860.0,0.0
-860.0
3.0,2.0;2.0,4.0::-5515.0,0.0
-5515.0
2.0,4.0;3.0,3.0::890.0,0.0
890.0
3.0,3.0;2.0,4.0::-1015.0,0.0
-1015.0
2.0,4.0;3.0,4.0::890.0,0.0
890.0
3.0,4.0;2.0,4.0::-1015.0,0.0
-1015.0
2.0,4.0;4.0,0.0::-2555.0,0.0
-2555.0
4.0,0.0;2.0,4.0::-10007.5,0.0
-10007.5
2.0,4.0;4.0,1.0::-805.0,0.0
-805.0
4.0,1.0;2.0,4.0::-5507.5,0.0
-5507.5
2.0,4.0;4.0,2.0::-805.0,0.0
-805.0
4.0,2.0;2.0,4.0::-5507.5,0.0
-5507.5
2.0,4.0;4.0,3.0::945.0,0.0
945.0
4.0,3.0;2.0,4.0::-1007.5,0.0
-1007.5
2.0,4.0;4.0,4.0::945.0,0.0
945.0
4.0,4.0;2.0,4.0::-1007.5,0.0
-1007.5
3.0,0.0;3.0,0.0::-12500.0,0.0
-12500.0
3.0,0.0;3.0,0.0::-12500.0,0.0
-12500.0
3.0,0.0;3.0,1.0::-10000.0,0.0
-10000.0
3.0,1.0;3.0,0.0::-2500.0,0.0
-2500.0
3.0,0.0;3.0,2.0::-12500.0,0.0
-12500.0
3.0,2.0;3.0,0.0::-12500.0,0.0
-12500.0
3.0,0.0;3.0,3.0::-10000.0,0.0
-10000.0
3.0,3.0;3.0,0.0::-2500.0,0.0
-2500.0
3.0,0.0;3.0,4.0::-10015.0,0.0
-10015.0
3.0,4.0;3.0,0.0::-2610.0,0.0
-2610.0
3.0,0.0;4.0,0.0::-2555.0,0.0
-2555.0
4.0,0.0;3.0,0.0::-10007.5,0.0
-10007.5
3.0,0.0;4.0,1.0::-55.0,0.0
-55.0
4.0,1.0;3.0,0.0::-7.5,0.0
-7.5
3.0,0.0;4.0,2.0::-2555.0,0.0
-2555.0
4.0,2.0;3.0,0.0::-10007.5,0.0
-10007.5
3.0,0.0;4.0,3.0::-55.0,0.0
-55.0
4.0,3.0;3.0,0.0::-7.5,0.0
-7.5
3.0,0.0;4.0,4.0::-70.0,0.0
-70.0
4.0,4.0;3.0,0.0::-117.5,0.0
-117.5
3.0,1.0;3.0,1.0::0.0,0.0
0.0
3.0,1.0;3.0,1.0::0.0,0.0
0.0
3.0,1.0;3.0,2.0::-2500.0,0.0
-2500.0
3.0,2.0;3.0,1.0::-10000.0,0.0
-10000.0
3.0,1.0;3.0,3.0::0.0,0.0
0.0
3.0,3.0;3.0,1.0::0.0,0.0
0.0
3.0,1.0;3.0,4.0::-15.0,0.0
-15.0
3.0,4.0;3.0,1.0::-110.0,0.0
-110.0
3.0,1.0;4.0,0.0::-2555.0,0.0
-2555.0
4.0,0.0;3.0,1.0::-10007.5,0.0
-10007.5
3.0,1.0;4.0,1.0::-55.0,0.0
-55.0
4.0,1.0;3.0,1.0::-7.5,0.0
-7.5
3.0,1.0;4.0,2.0::-2555.0,0.0
-2555.0
4.0,2.0;3.0,1.0::-10007.5,0.0
-10007.5
3.0,1.0;4.0,3.0::-55.0,0.0
-55.0
4.0,3.0;3.0,1.0::-7.5,0.0
-7.5
3.0,1.0;4.0,4.0::-70.0,0.0
-70.0
4.0,4.0;3.0,1.0::-117.5,0.0
-117.5
3.0,2.0;3.0,2.0::-12500.0,0.0
-12500.0
3.0,2.0;3.0,2.0::-12500.0,0.0
-12500.0
3.0,2.0;3.0,3.0::-10000.0,0.0
-10000.0
3.0,3.0;3.0,2.0::-2500.0,0.0
-2500.0
3.0,2.0;3.0,4.0::-10015.0,0.0
-10015.0
3.0,4.0;3.0,2.0::-2610.0,0.0
-2610.0
3.0,2.0;4.0,0.0::-3500.0,0.0
-3500.0
4.0,0.0;3.0,2.0::-9000.0,0.0
-9000.0
3.0,2.0;4.0,1.0::-1000.0,0.0
-1000.0
4.0,1.0;3.0,2.0::1000.0,0.0
1000.0
3.0,2.0;4.0,2.0::-3500.0,0.0
-3500.0
4.0,2.0;3.0,2.0::-9000.0,0.0
-9000.0
3.0,2.0;4.0,3.0::-1000.0,0.0
-1000.0
4.0,3.0;3.0,2.0::1000.0,0.0
1000.0
3.0,2.0;4.0,4.0::-1015.0,0.0
-1015.0
4.0,4.0;3.0,2.0::890.0,0.0
890.0
3.0,3.0;3.0,3.0::0.0,0.0
0.0
3.0,3.0;3.0,3.0::0.0,0.0
0.0
3.0,3.0;3.0,4.0::-15.0,0.0
-15.0
3.0,4.0;3.0,3.0::-110.0,0.0
-110.0
3.0,3.0;4.0,0.0::-3500.0,0.0
-3500.0
4.0,0.0;3.0,3.0::-9000.0,0.0
-9000.0
3.0,3.0;4.0,1.0::-1000.0,0.0
-1000.0
4.0,1.0;3.0,3.0::1000.0,0.0
1000.0
3.0,3.0;4.0,2.0::-3500.0,0.0
-3500.0
4.0,2.0;3.0,3.0::-9000.0,0.0
-9000.0
3.0,3.0;4.0,3.0::-1000.0,0.0
-1000.0
4.0,3.0;3.0,3.0::1000.0,0.0
1000.0
3.0,3.0;4.0,4.0::-1015.0,0.0
-1015.0
4.0,4.0;3.0,3.0::890.0,0.0
890.0
3.0,4.0;3.0,4.0::-125.0,0.0
-125.0
3.0,4.0;3.0,4.0::-125.0,0.0
-125.0
3.0,4.0;4.0,0.0::-2555.0,0.0
-2555.0
4.0,0.0;3.0,4.0::-10007.5,0.0
-10007.5
3.0,4.0;4.0,1.0::-55.0,0.0
-55.0
4.0,1.0;3.0,4.0::-7.5,0.0
-7.5
3.0,4.0;4.0,2.0::-2555.0,0.0
-2555.0
4.0,2.0;3.0,4.0::-10007.5,0.0
-10007.5
3.0,4.0;4.0,3.0::-55.0,0.0
-55.0
4.0,3.0;3.0,4.0::-7.5,0.0
-7.5
3.0,4.0;4.0,4.0::-70.0,0.0
-70.0
4.0,4.0;3.0,4.0::-117.5,0.0
-117.5
4.0,0.0;4.0,0.0::-62.5,0.0
-62.5
4.0,0.0;4.0,0.0::-62.5,0.0
-62.5
4.0,0.0;4.0,1.0::-62.5,0.0
-62.5
4.0,1.0;4.0,0.0::-62.5,0.0
-62.5
4.0,0.0;4.0,2.0::945.0,0.0
945.0
4.0,2.0;4.0,0.0::-1007.5,0.0
-1007.5
4.0,0.0;4.0,3.0::945.0,0.0
945.0
4.0,3.0;4.0,0.0::-1007.5,0.0
-1007.5
4.0,0.0;4.0,4.0::-62.5,0.0
-62.5
4.0,4.0;4.0,0.0::-62.5,0.0
-62.5
4.0,1.0;4.0,1.0::-62.5,0.0
-62.5
4.0,1.0;4.0,1.0::-62.5,0.0
-62.5
4.0,1.0;4.0,2.0::945.0,0.0
945.0
4.0,2.0;4.0,1.0::-1007.5,0.0
-1007.5
4.0,1.0;4.0,3.0::945.0,0.0
945.0
4.0,3.0;4.0,1.0::-1007.5,0.0
-1007.5
4.0,1.0;4.0,4.0::-62.5,0.0
-62.5
4.0,4.0;4.0,1.0::-62.5,0.0
-62.5
4.0,2.0;4.0,2.0::0.0,0.0
0.0
4.0,2.0;4.0,2.0::0.0,0.0
0.0
4.0,2.0;4.0,3.0::0.0,0.0
0.0
4.0,3.0;4.0,2.0::0.0,0.0
0.0
4.0,2.0;4.0,4.0::-1007.5,0.0
-1007.5
4.0,4.0;4.0,2.0::945.0,0.0
945.0
4.0,3.0;4.0,3.0::0.0,0.0
0.0
4.0,3.0;4.0,3.0::0.0,0.0
0.0
4.0,3.0;4.0,4.0::-1007.5,0.0
-1007.5
4.0,4.0;4.0,3.0::945.0,0.0
945.0
4.0,4.0;4.0,4.0::-62.5,0.0
-62.5
4.0,4.0;4.0,4.0::-62.5,0.0
-62.5
