0.0,0.0;0.0,0.0::-3500.0,0.0
-3500.0
0.0,0.0;0.0,0.0::-3500.0,0.0
-3500.0
0.0,0.0;0.0,1.0::-3500.0,0.0
-3500.0
0.0,1.0;0.0,0.0::-3500.0,0.0
-3500.0
0.0,0.0;0.0,2.0::-500.0,0.0
-500.0
0.0,2.0;0.0,0.0::-3000.0,0.0
-3000.0
0.0,0.0;0.0,3.0::-500.0,0.0
-500.0
0.0,3.0;0.0,0.0::-3000.0,0.0
-3000.0
0.0,0.0;0.0,4.0::-530.0,0.0
-530.0
0.0,4.0;0.0,0.0::-3005.0,0.0
-3005.0
0.0,0.0;1.0,0.0::-3500.0,0.0
-3500.0
1.0,0.0;0.0,0.0::-3500.0,0.0
-3500.0
0.0,0.0;1.0,1.0::-3500.0,0.0
-3500.0
1.0,1.0;0.0,0.0::-3500.0,0.0
-3500.0
0.0,0.0;1.0,2.0::-500.0,0.0
-500.0
1.0,2.0;0.0,0.0::-3000.0,0.0
-3000.0
0.0,0.0;1.0,3.0::-500.0,0.0
-500.0
1.0,3.0;0.0,0.0::-3000.0,0.0
-3000.0
0.0,0.0;1.0,4.0::-530.0,0.0
-530.0
1.0,4.0;0.0,0.0::-3005.0,0.0
-3005.0
0.0,0.0;2.0,0.0::-2500.0,0.0
-2500.0
2.0,0.0;0.0,0.0::-4500.0,0.0
-4500.0
0.0,0.0;2.0,1.0::-2500.0,0.0
-2500.0
2.0,1.0;0.0,0.0::-4500.0,0.0
-4500.0
0.0,0.0;2.0,2.0::500.0,0.0
500.0
2.0,2.0;0.0,0.0::-4000.0,0.0
-4000.0
0.0,0.0;2.0,3.0::500.0,0.0
500.0
2.0,3.0;0.0,0.0::-4000.0,0.0
-4000.0
0.0,0.0;2.0,4.0::470.0,0.0
470.0
2.0,4.0;0.0,0.0::-4005.0,0.0
-4005.0
0.0,0.0;3.0,0.0::-2500.0,0.0
-2500.0
3.0,0.0;0.0,0.0::-4500.0,0.0
-4500.0
0.0,0.0;3.0,1.0::-2500.0,0.0
-2500.0
3.0,1.0;0.0,0.0::-4500.0,0.0
-4500.0
0.0,0.0;3.0,2.0::500.0,0.0
500.0
3.0,2.0;0.0,0.0::-4000.0,0.0
-4000.0
0.0,0.0;3.0,3.0::500.0,0.0
500.0
3.0,3.0;0.0,0.0::-4000.0,0.0
-4000.0
0.0,0.0;3.0,4.0::470.0,0.0
470.0
3.0,4.0;0.0,0.0::-4005.0,0.0
-4005.0
0.0,0.0;4.0,0.0::-2007.5,0.0
-2007.5
4.0,0.0;0.0,0.0::-1510.0,0.0
-1510.0
0.0,0.0;4.0,1.0::-2007.5,0.0
-2007.5
4.0,1.0;0.0,0.0::-1510.0,0.0
-1510.0
0.0,0.0;4.0,2.0::992.5,0.0
992.5
4.0,2.0;0.0,0.0::-1010.0,0.0
-1010.0
0.0,0.0;4.0,3.0::992.5,0.0
992.5
4.0,3.0;0.0,0.0::-1010.0,0.0
-1010.0
0.0,0.0;4.0,4.0::962.5,0.0
962.5
4.0,4.0;0.0,0.0::-1015.0,0.0
-1015.0
