3.0,2.0;3.0,2.0::-3500.0,0.0
-3500.0
3.0,2.0;3.0,2.0::-3500.0,0.0
-3500.0
3.0,2.0;3.0,3.0::-500.0,0.0
-500.0
3.0,3.0;3.0,2.0::-3000.0,0.0
-3000.0
3.0,2.0;3.0,4.0::-520.0,0.0
-520.0
3.0,4.0;3.0,2.0::-3015.0,0.0
-3015.0
3.0,2.0;4.0,0.0::-4000.0,0.0
-4000.0
4.0,0.0;3.0,2.0::500.0,0.0
500.0
3.0,2.0;4.0,1.0::-1000.0,0.0
-1000.0
4.0,1.0;3.0,2.0::1000.0,0.0
1000.0
3.0,2.0;4.0,2.0::-4000.0,0.0
-4000.0
4.0,2.0;3.0,2.0::500.0,0.0
500.0
3.0,2.0;4.0,3.0::-1000.0,0.0
-1000.0
4.0,3.0;3.0,2.0::1000.0,0.0
1000.0
3.0,2.0;4.0,4.0::-1020.0,0.0
-1020.0
4.0,4.0;3.0,2.0::985.0,0.0
985.0
