0.0,4.0;0.0,4.0::-35.0,0.0
-35.0
0.0,4.0;0.0,4.0::-35.0,0.0
-35.0
0.0,4.0;1.0,0.0::-2015.0,0.0
-2015.0
1.0,0.0;0.0,4.0::-1520.0,0.0
-1520.0
0.0,4.0;1.0,1.0::-2015.0,0.0
-2015.0
1.0,1.0;0.0,4.0::-1520.0,0.0
-1520.0
0.0,4.0;1.0,2.0::985.0,0.0
985.0
1.0,2.0;0.0,4.0::-1020.0,0.0
-1020.0
0.0,4.0;1.0,3.0::985.0,0.0
985.0
1.0,3.0;0.0,4.0::-1020.0,0.0
-1020.0
0.0,4.0;1.0,4.0::955.0,0.0
955.0
1.0,4.0;0.0,4.0::-1025.0,0.0
-1025.0
0.0,4.0;2.0,0.0::-2500.0,0.0
-2500.0
2.0,0.0;0.0,4.0::-4500.0,0.0
-4500.0
0.0,4.0;2.0,1.0::-2500.0,0.0
-2500.0
2.0,1.0;0.0,4.0::-4500.0,0.0
-4500.0
0.0,4.0;2.0,2.0::500.0,0.0
500.0
2.0,2.0;0.0,4.0::-4000.0,0.0
-4000.0
0.0,4.0;2.0,3.0::500.0,0.0
500.0
2.0,3.0;0.0,4.0::-4000.0,0.0
-4000.0
0.0,4.0;2.0,4.0::470.0,0.0
470.0
2.0,4.0;0.0,4.0::-4005.0,0.0
-4005.0
0.0,4.0;3.0,0.0::-2015.0,0.0
-2015.0
3.0,0.0;0.0,4.0::-1520.0,0.0
-1520.0
0.0,4.0;3.0,1.0::-2015.0,0.0
-2015.0
3.0,1.0;0.0,4.0::-1520.0,0.0
-1520.0
0.0,4.0;3.0,2.0::985.0,0.0
985.0
3.0,2.0;0.0,4.0::-1020.0,0.0
-1020.0
0.0,4.0;3.0,3.0::985.0,0.0
985.0
3.0,3.0;0.0,4.0::-1020.0,0.0
-1020.0
0.0,4.0;3.0,4.0::955.0,0.0
955.0
3.0,4.0;0.0,4.0::-1025.0,0.0
-1025.0
0.0,4.0;4.0,0.0::-2007.5,0.0
-2007.5
4.0,0.0;0.0,4.0::-1510.0,0.0
-1510.0
0.0,4.0;4.0,1.0::-2007.5,0.0
-2007.5
4.0,1.0;0.0,4.0::-1510.0,0.0
-1510.0
0.0,4.0;4.0,2.0::992.5,0.0
992.5
4.0,2.0;0.0,4.0::-1010.0,0.0
-1010.0
0.0,4.0;4.0,3.0::992.5,0.0
992.5
4.0,3.0;0.0,4.0::-1010.0,0.0
-1010.0
0.0,4.0;4.0,4.0::962.5,0.0
962.5
4.0,4.0;0.0,4.0::-1015.0,0.0
-1015.0
