1.0,3.0;1.0,3.0::0.0,0.0
0.0
1.0,3.0;1.0,3.0::0.0,0.0
0.0
1.0,3.0;1.0,4.0::-20.0,0.0
-20.0
1.0,4.0;1.0,3.0::-15.0,0.0
-15.0
1.0,3.0;2.0,0.0::-3000.0,0.0
-3000.0
2.0,0.0;1.0,3.0::-500.0,0.0
-500.0
1.0,3.0;2.0,1.0::-2000.0,0.0
-2000.0
2.0,1.0;1.0,3.0::250.0,0.0
250.0
1.0,3.0;2.0,2.0::-2000.0,0.0
-2000.0
2.0,2.0;1.0,3.0::250.0,0.0
250.0
1.0,3.0;2.0,3.0::-1000.0,0.0
-1000.0
2.0,3.0;1.0,3.0::1000.0,0.0
1000.0
1.0,3.0;2.0,4.0::-1020.0,0.0
-1020.0
2.0,4.0;1.0,3.0::985.0,0.0
985.0
1.0,3.0;3.0,0.0::-2000.0,0.0
-2000.0
3.0,0.0;1.0,3.0::-1500.0,0.0
-1500.0
1.0,3.0;3.0,1.0::-1000.0,0.0
-1000.0
3.0,1.0;1.0,3.0::-750.0,0.0
-750.0
1.0,3.0;3.0,2.0::-1000.0,0.0
-1000.0
3.0,2.0;1.0,3.0::-750.0,0.0
-750.0
1.0,3.0;3.0,3.0::0.0,0.0
0.0
3.0,3.0;1.0,3.0::0.0,0.0
0.0
1.0,3.0;3.0,4.0::-20.0,0.0
-20.0
3.0,4.0;1.0,3.0::-15.0,0.0
-15.0
1.0,3.0;4.0,0.0::-3000.0,0.0
-3000.0
4.0,0.0;1.0,3.0::-500.0,0.0
-500.0
1.0,3.0;4.0,1.0::-2000.0,0.0
-2000.0
4.0,1.0;1.0,3.0::250.0,0.0
250.0
1.0,3.0;4.0,2.0::-2000.0,0.0
-2000.0
4.0,2.0;1.0,3.0::250.0,0.0
250.0
1.0,3.0;4.0,3.0::-1000.0,0.0
-1000.0
4.0,3.0;1.0,3.0::1000.0,0.0
1000.0
1.0,3.0;4.0,4.0::-1020.0,0.0
-1020.0
4.0,4.0;1.0,3.0::985.0,0.0
985.0
