0.0,2.0;0.0,2.0::-1000.0,0.0
-1000.0
0.0,2.0;0.0,2.0::-1000.0,0.0
-1000.0
0.0,2.0;0.0,3.0::-1000.0,0.0
-1000.0
0.0,3.0;0.0,2.0::-1000.0,0.0
-1000.0
0.0,2.0;0.0,4.0::-1025.0,0.0
-1025.0
0.0,4.0;0.0,2.0::-1005.0,0.0
-1005.0
0.0,2.0;1.0,0.0::-2750.0,0.0
-2750.0
1.0,0.0;0.0,2.0::-3250.0,0.0
-3250.0
0.0,2.0;1.0,1.0::-2750.0,0.0
-2750.0
1.0,1.0;0.0,2.0::-3250.0,0.0
-3250.0
0.0,2.0;1.0,2.0::-250.0,0.0
-250.0
1.0,2.0;0.0,2.0::-2750.0,0.0
-2750.0
0.0,2.0;1.0,3.0::-250.0,0.0
-250.0
1.0,3.0;0.0,2.0::-2750.0,0.0
-2750.0
0.0,2.0;1.0,4.0::-275.0,0.0
-275.0
1.0,4.0;0.0,2.0::-2755.0,0.0
-2755.0
0.0,2.0;2.0,0.0::-2750.0,0.0
-2750.0
2.0,0.0;0.0,2.0::-3250.0,0.0
-3250.0
0.0,2.0;2.0,1.0::-2750.0,0.0
-2750.0
2.0,1.0;0.0,2.0::-3250.0,0.0
-3250.0
0.0,2.0;2.0,2.0::-250.0,0.0
-250.0
2.0,2.0;0.0,2.0::-2750.0,0.0
-2750.0
0.0,2.0;2.0,3.0::-250.0,0.0
-250.0
2.0,3.0;0.0,2.0::-2750.0,0.0
-2750.0
0.0,2.0;2.0,4.0::-275.0,0.0
-275.0
2.0,4.0;0.0,2.0::-2755.0,0.0
-2755.0
0.0,2.0;3.0,0.0::-2000.0,0.0
-2000.0
3.0,0.0;0.0,2.0::-5000.0,0.0
-5000.0
0.0,2.0;3.0,1.0::-2000.0,0.0
-2000.0
3.0,1.0;0.0,2.0::-5000.0,0.0
-5000.0
0.0,2.0;3.0,2.0::500.0,0.0
500.0
3.0,2.0;0.0,2.0::-4500.0,0.0
-4500.0
0.0,2.0;3.0,3.0::500.0,0.0
500.0
3.0,3.0;0.0,2.0::-4500.0,0.0
-4500.0
0.0,2.0;3.0,4.0::475.0,0.0
475.0
3.0,4.0;0.0,2.0::-4505.0,0.0
-4505.0
0.0,2.0;4.0,0.0::-3500.0,0.0
-3500.0
4.0,0.0;0.0,2.0::-1500.0,0.0
-1500.0
0.0,2.0;4.0,1.0::-3500.0,0.0
-3500.0
4.0,1.0;0.0,2.0::-1500.0,0.0
-1500.0
0.0,2.0;4.0,2.0::-1000.0,0.0
-1000.0
4.0,2.0;0.0,2.0::-1000.0,0.0
-1000.0
0.0,2.0;4.0,3.0::-1000.0,0.0
-1000.0
4.0,3.0;0.0,2.0::-1000.0,0.0
-1000.0
0.0,2.0;4.0,4.0::-1025.0,0.0
-1025.0
4.0,4.0;0.0,2.0::-1005.0,0.0
-1005.0
