1.0,4.0;1.0,4.0::-40.0,0.0
-40.0
1.0,4.0;1.0,4.0::-40.0,0.0
-40.0
1.0,4.0;2.0,0.0::-2000.0,0.0
-2000.0
2.0,0.0;1.0,4.0::-5000.0,0.0
-5000.0
1.0,4.0;2.0,1.0::-1250.0,0.0
-1250.0
2.0,1.0;1.0,4.0::-3750.0,0.0
-3750.0
1.0,4.0;2.0,2.0::-1250.0,0.0
-1250.0
2.0,2.0;1.0,4.0::-3750.0,0.0
-3750.0
1.0,4.0;2.0,3.0::-500.0,0.0
-500.0
2.0,3.0;1.0,4.0::-2500.0,0.0
-2500.0
1.0,4.0;2.0,4.0::-515.0,0.0
-515.0
2.0,4.0;1.0,4.0::-2525.0,0.0
-2525.0
1.0,4.0;3.0,0.0::-1525.0,0.0
-1525.0
3.0,0.0;1.0,4.0::-2515.0,0.0
-2515.0
1.0,4.0;3.0,1.0::-775.0,0.0
-775.0
3.0,1.0;1.0,4.0::-1265.0,0.0
-1265.0
1.0,4.0;3.0,2.0::-775.0,0.0
-775.0
3.0,2.0;1.0,4.0::-1265.0,0.0
-1265.0
1.0,4.0;3.0,3.0::-25.0,0.0
-25.0
3.0,3.0;1.0,4.0::-15.0,0.0
-15.0
1.0,4.0;3.0,4.0::-40.0,0.0
-40.0
3.0,4.0;1.0,4.0::-40.0,0.0
-40.0
1.0,4.0;4.0,0.0::-1512.5,0.0
-1512.5
4.0,0.0;1.0,4.0::-2507.5,0.0
-2507.5
1.0,4.0;4.0,1.0::-762.5,0.0
-762.5
4.0,1.0;1.0,4.0::-1257.5,0.0
-1257.5
1.0,4.0;4.0,2.0::-762.5,0.0
-762.5
4.0,2.0;1.0,4.0::-1257.5,0.0
-1257.5
1.0,4.0;4.0,3.0::-12.5,0.0
-12.5
4.0,3.0;1.0,4.0::-7.5,0.0
-7.5
1.0,4.0;4.0,4.0::-27.5,0.0
-27.5
4.0,4.0;1.0,4.0::-32.5,0.0
-32.5
