0.0,0.0;0.0,0.0::-4000.0,0.0
-4000.0
0.0,0.0;0.0,0.0::-4000.0,0.0
-4000.0
0.0,0.0;0.0,1.0::-4000.0,0.0
-4000.0
0.0,1.0;0.0,0.0::-4000.0,0.0
-4000.0
0.0,0.0;0.0,2.0::-1500.0,0.0
-1500.0
0.0,2.0;0.0,0.0::-3500.0,0.0
-3500.0
0.0,0.0;0.0,3.0::-1500.0,0.0
-1500.0
0.0,3.0;0.0,0.0::-3500.0,0.0
-3500.0
0.0,0.0;0.0,4.0::-1525.0,0.0
-1525.0
0.0,4.0;0.0,0.0::-3505.0,0.0
-3505.0
0.0,0.0;1.0,0.0::-4000.0,0.0
-4000.0
1.0,0.0;0.0,0.0::-4000.0,0.0
-4000.0
0.0,0.0;1.0,1.0::-4000.0,0.0
-4000.0
1.0,1.0;0.0,0.0::-4000.0,0.0
-4000.0
0.0,0.0;1.0,2.0::-1500.0,0.0
-1500.0
1.0,2.0;0.0,0.0::-3500.0,0.0
-3500.0
0.0,0.0;1.0,3.0::-1500.0,0.0
-1500.0
1.0,3.0;0.0,0.0::-3500.0,0.0
-3500.0
0.0,0.0;1.0,4.0::-1525.0,0.0
-1525.0
1.0,4.0;0.0,0.0::-3505.0,0.0
-3505.0
0.0,0.0;2.0,0.0::-2000.0,0.0
-2000.0
2.0,0.0;0.0,0.0::-5000.0,0.0
-5000.0
0.0,0.0;2.0,1.0::-2000.0,0.0
-2000.0
2.0,1.0;0.0,0.0::-5000.0,0.0
-5000.0
0.0,0.0;2.0,2.0::500.0,0.0
500.0
2.0,2.0;0.0,0.0::-4500.0,0.0
-4500.0
0.0,0.0;2.0,3.0::500.0,0.0
500.0
2.0,3.0;0.0,0.0::-4500.0,0.0
-4500.0
0.0,0.0;2.0,4.0::475.0,0.0
475.0
2.0,4.0;0.0,0.0::-4505.0,0.0
-4505.0
0.0,0.0;3.0,0.0::-2000.0,0.0
-2000.0
3.0,0.0;0.0,0.0::-5000.0,0.0
-5000.0
0.0,0.0;3.0,1.0::-2000.0,0.0
-2000.0
3.0,1.0;0.0,0.0::-5000.0,0.0
-5000.0
0.0,0.0;3.0,2.0::500.0,0.0
500.0
3.0,2.0;0.0,0.0::-4500.0,0.0
-4500.0
0.0,0.0;3.0,3.0::500.0,0.0
500.0
3.0,3.0;0.0,0.0::-4500.0,0.0
-4500.0
0.0,0.0;3.0,4.0::475.0,0.0
475.0
3.0,4.0;0.0,0.0::-4505.0,0.0
-4505.0
0.0,0.0;4.0,0.0::-1512.5,0.0
-1512.5
4.0,0.0;0.0,0.0::-2507.5,0.0
-2507.5
0.0,0.0;4.0,1.0::-1512.5,0.0
-1512.5
4.0,1.0;0.0,0.0::-2507.5,0.0
-2507.5
0.0,0.0;4.0,2.0::987.5,0.0
987.5
4.0,2.0;0.0,0.0::-2007.5,0.0
-2007.5
0.0,0.0;4.0,3.0::987.5,0.0
987.5
4.0,3.0;0.0,0.0::-2007.5,0.0
-2007.5
0.0,0.0;4.0,4.0::962.5,0.0
962.5
4.0,4.0;0.0,0.0::-2012.5,0.0
-2012.5
0.0,1.0;0.0,1.0::-4000.0,0.0
-4000.0
0.0,1.0;0.0,1.0::-4000.0,0.0
-4000.0
0.0,1.0;0.0,2.0::-1500.0,0.0
-1500.0
0.0,2.0;0.0,1.0::-3500.0,0.0
-3500.0
0.0,1.0;0.0,3.0::-1500.0,0.0
-1500.0
0.0,3.0;0.0,1.0::-3500.0,0.0
-3500.0
0.0,1.0;0.0,4.0::-1525.0,0.0
-1525.0
0.0,4.0;0.0,1.0::-3505.0,0.0
-3505.0
0.0,1.0;1.0,0.0::-2750.0,0.0
-2750.0
1.0,0.0;0.0,1.0::-3250.0,0.0
-3250.0
0.0,1.0;1.0,1.0::-2750.0,0.0
-2750.0
1.0,1.0;0.0,1.0::-3250.0,0.0
-3250.0
0.0,1.0;1.0,2.0::-250.0,0.0
-250.0
1.0,2.0;0.0,1.0::-2750.0,0.0
-2750.0
0.0,1.0;1.0,3.0::-250.0,0.0
-250.0
1.0,3.0;0.0,1.0::-2750.0,0.0
-2750.0
0.0,1.0;1.0,4.0::-275.0,0.0
-275.0
1.0,4.0;0.0,1.0::-2755.0,0.0
-2755.0
0.0,1.0;2.0,0.0::-2750.0,0.0
-2750.0
2.0,0.0;0.0,1.0::-3250.0,0.0
-3250.0
0.0,1.0;2.0,1.0::-2750.0,0.0
-2750.0
2.0,1.0;0.0,1.0::-3250.0,0.0
-3250.0
0.0,1.0;2.0,2.0::-250.0,0.0
-250.0
2.0,2.0;0.0,1.0::-2750.0,0.0
-2750.0
0.0,1.0;2.0,3.0::-250.0,0.0
-250.0
2.0,3.0;0.0,1.0::-2750.0,0.0
-2750.0
0.0,1.0;2.0,4.0::-275.0,0.0
-275.0
2.0,4.0;0.0,1.0::-2755.0,0.0
-2755.0
0.0,1.0;3.0,0.0::-1500.0,0.0
-1500.0
3.0,0.0;0.0,1.0::-2500.0,0.0
-2500.0
0.0,1.0;3.0,1.0::-1500.0,0.0
-1500.0
3.0,1.0;0.0,1.0::-2500.0,0.0
-2500.0
0.0,1.0;3.0,2.0::1000.0,0.0
1000.0
3.0,2.0;0.0,1.0::-2000.0,0.0
-2000.0
0.0,1.0;3.0,3.0::1000.0,0.0
1000.0
3.0,3.0;0.0,1.0::-2000.0,0.0
-2000.0
0.0,1.0;3.0,4.0::975.0,0.0
975.0
3.0,4.0;0.0,1.0::-2005.0,0.0
-2005.0
0.0,1.0;4.0,0.0::-1512.5,0.0
-1512.5
4.0,0.0;0.0,1.0::-2507.5,0.0
-2507.5
0.0,1.0;4.0,1.0::-1512.5,0.0
-1512.5
4.0,1.0;0.0,1.0::-2507.5,0.0
-2507.5
0.0,1.0;4.0,2.0::987.5,0.0
987.5
4.0,2.0;0.0,1.0::-2007.5,0.0
-2007.5
0.0,1.0;4.0,3.0::987.5,0.0
987.5
4.0,3.0;0.0,1.0::-2007.5,0.0
-2007.5
0.0,1.0;4.0,4.0::962.5,0.0
962.5
4.0,4.0;0.0,1.0::-2012.5,0.0
-2012.5
0.0,2.0;0.0,2.0::-1000.0,0.0
-1000.0
0.0,2.0;0.0,2.0::-1000.0,0.0
-1000.0
0.0,2.0;0.0,3.0::-1000.0,0.0
-1000.0
0.0,3.0;0.0,2.0::-1000.0,0.0
-1000.0
0.0,2.0;0.0,4.0::-1025.0,0.0
-1025.0
0.0,4.0;0.0,2.0::-1005.0,0.0
-1005.0
0.0,2.0;1.0,0.0::-2750.0,0.0
-2750.0
1.0,0.0;0.0,2.0::-3250.0,0.0
-3250.0
0.0,2.0;1.0,1.0::-2750.0,0.0
-2750.0
1.0,1.0;0.0,2.0::-3250.0,0.0
-3250.0
0.0,2.0;1.0,2.0::-250.0,0.0
-250.0
1.0,2.0;0.0,2.0::-2750.0,0.0
-2750.0
0.0,2.0;1.0,3.0::-250.0,0.0
-250.0
1.0,3.0;0.0,2.0::-2750.0,0.0
-2750.0
0.0,2.0;1.0,4.0::-275.0,0.0
-275.0
1.0,4.0;0.0,2.0::-2755.0,0.0
-2755.0
0.0,2.0;2.0,0.0::-2750.0,0.0
-2750.0
2.0,0.0;0.0,2.0::-3250.0,0.0
-3250.0
0.0,2.0;2.0,1.0::-2750.0,0.0
-2750.0
2.0,1.0;0.0,2.0::-3250.0,0.0
-3250.0
0.0,2.0;2.0,2.0::-250.0,0.0
-250.0
2.0,2.0;0.0,2.0::-2750.0,0.0
-2750.0
0.0,2.0;2.0,3.0::-250.0,0.0
-250.0
2.0,3.0;0.0,2.0::-2750.0,0.0
-2750.0
0.0,2.0;2.0,4.0::-275.0,0.0
-275.0
2.0,4.0;0.0,2.0::-2755.0,0.0
-2755.0
0.0,2.0;3.0,0.0::-2000.0,0.0
-2000.0
3.0,0.0;0.0,2.0::-5000.0,0.0
-5000.0
0.0,2.0;3.0,1.0::-2000.0,0.0
-2000.0
3.0,1.0;0.0,2.0::-5000.0,0.0
-5000.0
0.0,2.0;3.0,2.0::500.0,0.0
500.0
3.0,2.0;0.0,2.0::-4500.0,0.0
-4500.0
0.0,2.0;3.0,3.0::500.0,0.0
500.0
3.0,3.0;0.0,2.0::-4500.0,0.0
-4500.0
0.0,2.0;3.0,4.0::475.0,0.0
475.0
3.0,4.0;0.0,2.0::-4505.0,0.0
-4505.0
0.0,2.0;4.0,0.0::-3500.0,0.0
-3500.0
4.0,0.0;0.0,2.0::-1500.0,0.0
-1500.0
0.0,2.0;4.0,1.0::-3500.0,0.0
-3500.0
4.0,1.0;0.0,2.0::-1500.0,0.0
-1500.0
0.0,2.0;4.0,2.0::-1000.0,0.0
-1000.0
4.0,2.0;0.0,2.0::-1000.0,0.0
-1000.0
0.0,2.0;4.0,3.0::-1000.0,0.0
-1000.0
4.0,3.0;0.0,2.0::-1000.0,0.0
-1000.0
0.0,2.0;4.0,4.0::-1025.0,0.0
-1025.0
4.0,4.0;0.0,2.0::-1005.0,0.0
-1005.0
0.0,3.0;0.0,3.0::-1000.0,0.0
-1000.0
0.0,3.0;0.0,3.0::-1000.0,0.0
-1000.0
0.0,3.0;0.0,4.0::-1025.0,0.0
-1025.0
0.0,4.0;0.0,3.0::-1005.0,0.0
-1005.0
0.0,3.0;1.0,0.0::-1500.0,0.0
-1500.0
1.0,0.0;0.0,3.0::-2500.0,0.0
-2500.0
0.0,3.0;1.0,1.0::-1500.0,0.0
-1500.0
1.0,1.0;0.0,3.0::-2500.0,0.0
-2500.0
0.0,3.0;1.0,2.0::1000.0,0.0
1000.0
1.0,2.0;0.0,3.0::-2000.0,0.0
-2000.0
0.0,3.0;1.0,3.0::1000.0,0.0
1000.0
1.0,3.0;0.0,3.0::-2000.0,0.0
-2000.0
0.0,3.0;1.0,4.0::975.0,0.0
975.0
1.0,4.0;0.0,3.0::-2005.0,0.0
-2005.0
0.0,3.0;2.0,0.0::-3500.0,0.0
-3500.0
2.0,0.0;0.0,3.0::-1500.0,0.0
-1500.0
0.0,3.0;2.0,1.0::-3500.0,0.0
-3500.0
2.0,1.0;0.0,3.0::-1500.0,0.0
-1500.0
0.0,3.0;2.0,2.0::-1000.0,0.0
-1000.0
2.0,2.0;0.0,3.0::-1000.0,0.0
-1000.0
0.0,3.0;2.0,3.0::-1000.0,0.0
-1000.0
2.0,3.0;0.0,3.0::-1000.0,0.0
-1000.0
0.0,3.0;2.0,4.0::-1025.0,0.0
-1025.0
2.0,4.0;0.0,3.0::-1005.0,0.0
-1005.0
0.0,3.0;3.0,0.0::-1500.0,0.0
-1500.0
3.0,0.0;0.0,3.0::-2500.0,0.0
-2500.0
0.0,3.0;3.0,1.0::-1500.0,0.0
-1500.0
3.0,1.0;0.0,3.0::-2500.0,0.0
-2500.0
0.0,3.0;3.0,2.0::1000.0,0.0
1000.0
3.0,2.0;0.0,3.0::-2000.0,0.0
-2000.0
0.0,3.0;3.0,3.0::1000.0,0.0
1000.0
3.0,3.0;0.0,3.0::-2000.0,0.0
-2000.0
0.0,3.0;3.0,4.0::975.0,0.0
975.0
3.0,4.0;0.0,3.0::-2005.0,0.0
-2005.0
0.0,3.0;4.0,0.0::-3500.0,0.0
-3500.0
4.0,0.0;0.0,3.0::-1500.0,0.0
-1500.0
0.0,3.0;4.0,1.0::-3500.0,0.0
-3500.0
4.0,1.0;0.0,3.0::-1500.0,0.0
-1500.0
0.0,3.0;4.0,2.0::-1000.0,0.0
-1000.0
4.0,2.0;0.0,3.0::-1000.0,0.0
-1000.0
0.0,3.0;4.0,3.0::-1000.0,0.0
-1000.0
4.0,3.0;0.0,3.0::-1000.0,0.0
-1000.0
0.0,3.0;4.0,4.0::-1025.0,0.0
-1025.0
4.0,4.0;0.0,3.0::-1005.0,0.0
-1005.0
0.0,4.0;0.0,4.0::-1030.0,0.0
-1030.0
0.0,4.0;0.0,4.0::-1030.0,0.0
-1030.0
0.0,4.0;1.0,0.0::-1525.0,0.0
-1525.0
1.0,0.0;0.0,4.0::-2515.0,0.0
-2515.0
0.0,4.0;1.0,1.0::-1525.0,0.0
-1525.0
1.0,1.0;0.0,4.0::-2515.0,0.0
-2515.0
0.0,4.0;1.0,2.0::975.0,0.0
975.0
1.0,2.0;0.0,4.0::-2015.0,0.0
-2015.0
0.0,4.0;1.0,3.0::975.0,0.0
975.0
1.0,3.0;0.0,4.0::-2015.0,0.0
-2015.0
0.0,4.0;1.0,4.0::950.0,0.0
950.0
1.0,4.0;0.0,4.0::-2020.0,0.0
-2020.0
0.0,4.0;2.0,0.0::-2000.0,0.0
-2000.0
2.0,0.0;0.0,4.0::-5000.0,0.0
-5000.0
0.0,4.0;2.0,1.0::-2000.0,0.0
-2000.0
2.0,1.0;0.0,4.0::-5000.0,0.0
-5000.0
0.0,4.0;2.0,2.0::500.0,0.0
500.0
2.0,2.0;0.0,4.0::-4500.0,0.0
-4500.0
0.0,4.0;2.0,3.0::500.0,0.0
500.0
2.0,3.0;0.0,4.0::-4500.0,0.0
-4500.0
0.0,4.0;2.0,4.0::475.0,0.0
475.0
2.0,4.0;0.0,4.0::-4505.0,0.0
-4505.0
0.0,4.0;3.0,0.0::-1525.0,0.0
-1525.0
3.0,0.0;0.0,4.0::-2515.0,0.0
-2515.0
0.0,4.0;3.0,1.0::-1525.0,0.0
-1525.0
3.0,1.0;0.0,4.0::-2515.0,0.0
-2515.0
0.0,4.0;3.0,2.0::975.0,0.0
975.0
3.0,2.0;0.0,4.0::-2015.0,0.0
-2015.0
0.0,4.0;3.0,3.0::975.0,0.0
975.0
3.0,3.0;0.0,4.0::-2015.0,0.0
-2015.0
0.0,4.0;3.0,4.0::950.0,0.0
950.0
3.0,4.0;0.0,4.0::-2020.0,0.0
-2020.0
0.0,4.0;4.0,0.0::-1512.5,0.0
-1512.5
4.0,0.0;0.0,4.0::-2507.5,0.0
-2507.5
0.0,4.0;4.0,1.0::-1512.5,0.0
-1512.5
4.0,1.0;0.0,4.0::-2507.5,0.0
-2507.5
0.0,4.0;4.0,2.0::987.5,0.0
987.5
4.0,2.0;0.0,4.0::-2007.5,0.0
-2007.5
0.0,4.0;4.0,3.0::987.5,0.0
987.5
4.0,3.0;0.0,4.0::-2007.5,0.0
-2007.5
0.0,4.0;4.0,4.0::962.5,0.0
962.5
4.0,4.0;0.0,4.0::-2012.5,0.0
-2012.5
1.0,0.0;1.0,0.0::-4000.0,0.0
-4000.0
1.0,0.0;1.0,0.0::-4000.0,0.0
-4000.0
1.0,0.0;1.0,1.0::-3250.0,0.0
-3250.0
1.0,1.0;1.0,0.0::-2750.0,0.0
-2750.0
1.0,0.0;1.0,2.0::-3250.0,0.0
-3250.0
1.0,2.0;1.0,0.0::-2750.0,0.0
-2750.0
1.0,0.0;1.0,3.0::-2500.0,0.0
-2500.0
1.0,3.0;1.0,0.0::-1500.0,0.0
-1500.0
1.0,0.0;1.0,4.0::-2515.0,0.0
-2515.0
1.0,4.0;1.0,0.0::-1525.0,0.0
-1525.0
1.0,0.0;2.0,0.0::-2000.0,0.0
-2000.0
2.0,0.0;1.0,0.0::-5000.0,0.0
-5000.0
1.0,0.0;2.0,1.0::-1250.0,0.0
-1250.0
2.0,1.0;1.0,0.0::-3750.0,0.0
-3750.0
1.0,0.0;2.0,2.0::-1250.0,0.0
-1250.0
2.0,2.0;1.0,0.0::-3750.0,0.0
-3750.0
1.0,0.0;2.0,3.0::-500.0,0.0
-500.0
2.0,3.0;1.0,0.0::-2500.0,0.0
-2500.0
1.0,0.0;2.0,4.0::-515.0,0.0
-515.0
2.0,4.0;1.0,0.0::-2525.0,0.0
-2525.0
1.0,0.0;3.0,0.0::-2000.0,0.0
-2000.0
3.0,0.0;1.0,0.0::-5000.0,0.0
-5000.0
1.0,0.0;3.0,1.0::-1250.0,0.0
-1250.0
3.0,1.0;1.0,0.0::-3750.0,0.0
-3750.0
1.0,0.0;3.0,2.0::-1250.0,0.0
-1250.0
3.0,2.0;1.0,0.0::-3750.0,0.0
-3750.0
1.0,0.0;3.0,3.0::-500.0,0.0
-500.0
3.0,3.0;1.0,0.0::-2500.0,0.0
-2500.0
1.0,0.0;3.0,4.0::-515.0,0.0
-515.0
3.0,4.0;1.0,0.0::-2525.0,0.0
-2525.0
1.0,0.0;4.0,0.0::-1512.5,0.0
-1512.5
4.0,0.0;1.0,0.0::-2507.5,0.0
-2507.5
1.0,0.0;4.0,1.0::-762.5,0.0
-762.5
4.0,1.0;1.0,0.0::-1257.5,0.0
-1257.5
1.0,0.0;4.0,2.0::-762.5,0.0
-762.5
4.0,2.0;1.0,0.0::-1257.5,0.0
-1257.5
1.0,0.0;4.0,3.0::-12.5,0.0
-12.5
4.0,3.0;1.0,0.0::-7.5,0.0
-7.5
1.0,0.0;4.0,4.0::-27.5,0.0
-27.5
4.0,4.0;1.0,0.0::-32.5,0.0
-32.5
1.0,1.0;1.0,1.0::-2000.0,0.0
-2000.0
1.0,1.0;1.0,1.0::-2000.0,0.0
-2000.0
1.0,1.0;1.0,2.0::-2000.0,0.0
-2000.0
1.0,2.0;1.0,1.0::-2000.0,0.0
-2000.0
1.0,1.0;1.0,3.0::-1250.0,0.0
-1250.0
1.0,3.0;1.0,1.0::-750.0,0.0
-750.0
1.0,1.0;1.0,4.0::-1265.0,0.0
-1265.0
1.0,4.0;1.0,1.0::-775.0,0.0
-775.0
1.0,1.0;2.0,0.0::-2750.0,0.0
-2750.0
2.0,0.0;1.0,1.0::-3250.0,0.0
-3250.0
1.0,1.0;2.0,1.0::-2000.0,0.0
-2000.0
2.0,1.0;1.0,1.0::-2000.0,0.0
-2000.0
1.0,1.0;2.0,2.0::-2000.0,0.0
-2000.0
2.0,2.0;1.0,1.0::-2000.0,0.0
-2000.0
1.0,1.0;2.0,3.0::-1250.0,0.0
-1250.0
2.0,3.0;1.0,1.0::-750.0,0.0
-750.0
1.0,1.0;2.0,4.0::-1265.0,0.0
-1265.0
2.0,4.0;1.0,1.0::-775.0,0.0
-775.0
1.0,1.0;3.0,0.0::-1500.0,0.0
-1500.0
3.0,0.0;1.0,1.0::-2500.0,0.0
-2500.0
1.0,1.0;3.0,1.0::-750.0,0.0
-750.0
3.0,1.0;1.0,1.0::-1250.0,0.0
-1250.0
1.0,1.0;3.0,2.0::-750.0,0.0
-750.0
3.0,2.0;1.0,1.0::-1250.0,0.0
-1250.0
1.0,1.0;3.0,3.0::0.0,0.0
0.0
3.0,3.0;1.0,1.0::0.0,0.0
0.0
1.0,1.0;3.0,4.0::-15.0,0.0
-15.0
3.0,4.0;1.0,1.0::-25.0,0.0
-25.0
1.0,1.0;4.0,0.0::-1512.5,0.0
-1512.5
4.0,0.0;1.0,1.0::-2507.5,0.0
-2507.5
1.0,1.0;4.0,1.0::-762.5,0.0
-762.5
4.0,1.0;1.0,1.0::-1257.5,0.0
-1257.5
1.0,1.0;4.0,2.0::-762.5,0.0
-762.5
4.0,2.0;1.0,1.0::-1257.5,0.0
-1257.5
1.0,1.0;4.0,3.0::-12.5,0.0
-12.5
4.0,3.0;1.0,1.0::-7.5,0.0
-7.5
1.0,1.0;4.0,4.0::-27.5,0.0
-27.5
4.0,4.0;1.0,1.0::-32.5,0.0
-32.5
1.0,2.0;1.0,2.0::-2000.0,0.0
-2000.0
1.0,2.0;1.0,2.0::-2000.0,0.0
-2000.0
1.0,2.0;1.0,3.0::-1250.0,0.0
-1250.0
1.0,3.0;1.0,2.0::-750.0,0.0
-750.0
1.0,2.0;1.0,4.0::-1265.0,0.0
-1265.0
1.0,4.0;1.0,2.0::-775.0,0.0
-775.0
1.0,2.0;2.0,0.0::-2750.0,0.0
-2750.0
2.0,0.0;1.0,2.0::-3250.0,0.0
-3250.0
1.0,2.0;2.0,1.0::-2000.0,0.0
-2000.0
2.0,1.0;1.0,2.0::-2000.0,0.0
-2000.0
1.0,2.0;2.0,2.0::-2000.0,0.0
-2000.0
2.0,2.0;1.0,2.0::-2000.0,0.0
-2000.0
1.0,2.0;2.0,3.0::-1250.0,0.0
-1250.0
2.0,3.0;1.0,2.0::-750.0,0.0
-750.0
1.0,2.0;2.0,4.0::-1265.0,0.0
-1265.0
2.0,4.0;1.0,2.0::-775.0,0.0
-775.0
1.0,2.0;3.0,0.0::-2000.0,0.0
-2000.0
3.0,0.0;1.0,2.0::-5000.0,0.0
-5000.0
1.0,2.0;3.0,1.0::-1250.0,0.0
-1250.0
3.0,1.0;1.0,2.0::-3750.0,0.0
-3750.0
1.0,2.0;3.0,2.0::-1250.0,0.0
-1250.0
3.0,2.0;1.0,2.0::-3750.0,0.0
-3750.0
1.0,2.0;3.0,3.0::-500.0,0.0
-500.0
3.0,3.0;1.0,2.0::-2500.0,0.0
-2500.0
1.0,2.0;3.0,4.0::-515.0,0.0
-515.0
3.0,4.0;1.0,2.0::-2525.0,0.0
-2525.0
1.0,2.0;4.0,0.0::-3500.0,0.0
-3500.0
4.0,0.0;1.0,2.0::-1500.0,0.0
-1500.0
1.0,2.0;4.0,1.0::-2750.0,0.0
-2750.0
4.0,1.0;1.0,2.0::-250.0,0.0
-250.0
1.0,2.0;4.0,2.0::-2750.0,0.0
-2750.0
4.0,2.0;1.0,2.0::-250.0,0.0
-250.0
1.0,2.0;4.0,3.0::-2000.0,0.0
-2000.0
4.0,3.0;1.0,2.0::1000.0,0.0
1000.0
1.0,2.0;4.0,4.0::-2015.0,0.0
-2015.0
4.0,4.0;1.0,2.0::975.0,0.0
975.0
1.0,3.0;1.0,3.0::0.0,0.0
0.0
1.0,3.0;1.0,3.0::0.0,0.0
0.0
1.0,3.0;1.0,4.0::-15.0,0.0
-15.0
1.0,4.0;1.0,3.0::-25.0,0.0
-25.0
1.0,3.0;2.0,0.0::-3500.0,0.0
-3500.0
2.0,0.0;1.0,3.0::-1500.0,0.0
-1500.0
1.0,3.0;2.0,1.0::-2750.0,0.0
-2750.0
2.0,1.0;1.0,3.0::-250.0,0.0
-250.0
1.0,3.0;2.0,2.0::-2750.0,0.0
-2750.0
2.0,2.0;1.0,3.0::-250.0,0.0
-250.0
1.0,3.0;2.0,3.0::-2000.0,0.0
-2000.0
2.0,3.0;1.0,3.0::1000.0,0.0
1000.0
1.0,3.0;2.0,4.0::-2015.0,0.0
-2015.0
2.0,4.0;1.0,3.0::975.0,0.0
975.0
1.0,3.0;3.0,0.0::-1500.0,0.0
-1500.0
3.0,0.0;1.0,3.0::-2500.0,0.0
-2500.0
1.0,3.0;3.0,1.0::-750.0,0.0
-750.0
3.0,1.0;1.0,3.0::-1250.0,0.0
-1250.0
1.0,3.0;3.0,2.0::-750.0,0.0
-750.0
3.0,2.0;1.0,3.0::-1250.0,0.0
-1250.0
1.0,3.0;3.0,3.0::0.0,0.0
0.0
3.0,3.0;1.0,3.0::0.0,0.0
0.0
1.0,3.0;3.0,4.0::-15.0,0.0
-15.0
3.0,4.0;1.0,3.0::-25.0,0.0
-25.0
1.0,3.0;4.0,0.0::-3500.0,0.0
-3500.0
4.0,0.0;1.0,3.0::-1500.0,0.0
-1500.0
1.0,3.0;4.0,1.0::-2750.0,0.0
-2750.0
4.0,1.0;1.0,3.0::-250.0,0.0
-250.0
1.0,3.0;4.0,2.0::-2750.0,0.0
-2750.0
4.0,2.0;1.0,3.0::-250.0,0.0
-250.0
1.0,3.0;4.0,3.0::-2000.0,0.0
-2000.0
4.0,3.0;1.0,3.0::1000.0,0.0
1000.0
1.0,3.0;4.0,4.0::-2015.0,0.0
-2015.0
4.0,4.0;1.0,3.0::975.0,0.0
975.0
1.0,4.0;1.0,4.0::-40.0,0.0
-40.0
1.0,4.0;1.0,4.0::-40.0,0.0
-40.0
1.0,4.0;2.0,0.0::-2000.0,0.0
-2000.0
2.0,0.0;1.0,4.0::-5000.0,0.0
-5000.0
1.0,4.0;2.0,1.0::-1250.0,0.0
-1250.0
2.0,1.0;1.0,4.0::-3750.0,0.0
-3750.0
1.0,4.0;2.0,2.0::-1250.0,0.0
-1250.0
2.0,2.0;1.0,4.0::-3750.0,0.0
-3750.0
1.0,4.0;2.0,3.0::-500.0,0.0
-500.0
2.0,3.0;1.0,4.0::-2500.0,0.0
-2500.0
1.0,4.0;2.0,4.0::-515.0,0.0
-515.0
2.0,4.0;1.0,4.0::-2525.0,0.0
-2525.0
1.0,4.0;3.0,0.0::-1525.0,0.0
-1525.0
3.0,0.0;1.0,4.0::-2515.0,0.0
-2515.0
1.0,4.0;3.0,1.0::-775.0,0.0
-775.0
3.0,1.0;1.0,4.0::-1265.0,0.0
-1265.0
1.0,4.0;3.0,2.0::-775.0,0.0
-775.0
3.0,2.0;1.0,4.0::-1265.0,0.0
-1265.0
1.0,4.0;3.0,3.0::-25.0,0.0
-25.0
3.0,3.0;1.0,4.0::-15.0,0.0
-15.0
1.0,4.0;3.0,4.0::-40.0,0.0
-40.0
3.0,4.0;1.0,4.0::-40.0,0.0
-40.0
1.0,4.0;4.0,0.0::-1512.5,0.0
-1512.5
4.0,0.0;1.0,4.0::-2507.5,0.0
-2507.5
1.0,4.0;4.0,1.0::-762.5,0.0
-762.5
4.0,1.0;1.0,4.0::-1257.5,0.0
-1257.5
1.0,4.0;4.0,2.0::-762.5,0.0
-762.5
4.0,2.0;1.0,4.0::-1257.5,0.0
-1257.5
1.0,4.0;4.0,3.0::-12.5,0.0
-12.5
4.0,3.0;1.0,4.0::-7.5,0.0
-7.5
1.0,4.0;4.0,4.0::-27.5,0.0
-27.5
4.0,4.0;1.0,4.0::-32.5,0.0
-32.5
2.0,0.0;2.0,0.0::-3000.0,0.0
-3000.0
2.0,0.0;2.0,0.0::-3000.0,0.0
-3000.0
2.0,0.0;2.0,1.0::-1250.0,0.0
-1250.0
2.0,1.0;2.0,0.0::-3750.0,0.0
-3750.0
2.0,0.0;2.0,2.0::-1250.0,0.0
-1250.0
2.0,2.0;2.0,0.0::-3750.0,0.0
-3750.0
2.0,0.0;2.0,3.0::500.0,0.0
500.0
2.0,3.0;2.0,0.0::-4500.0,0.0
-4500.0
2.0,0.0;2.0,4.0::-3000.0,0.0
-3000.0
2.0,4.0;2.0,0.0::-3000.0,0.0
-3000.0
2.0,0.0;3.0,0.0::-3000.0,0.0
-3000.0
3.0,0.0;2.0,0.0::-3000.0,0.0
-3000.0
2.0,0.0;3.0,1.0::-1250.0,0.0
-1250.0
3.0,1.0;2.0,0.0::-3750.0,0.0
-3750.0
2.0,0.0;3.0,2.0::-1250.0,0.0
-1250.0
3.0,2.0;2.0,0.0::-3750.0,0.0
-3750.0
2.0,0.0;3.0,3.0::500.0,0.0
500.0
3.0,3.0;2.0,0.0::-4500.0,0.0
-4500.0
2.0,0.0;3.0,4.0::-3000.0,0.0
-3000.0
3.0,4.0;2.0,0.0::-3000.0,0.0
-3000.0
2.0,0.0;4.0,0.0::-2512.5,0.0
-2512.5
4.0,0.0;2.0,0.0::-507.5,0.0
-507.5
2.0,0.0;4.0,1.0::-762.5,0.0
-762.5
4.0,1.0;2.0,0.0::-1257.5,0.0
-1257.5
2.0,0.0;4.0,2.0::-762.5,0.0
-762.5
4.0,2.0;2.0,0.0::-1257.5,0.0
-1257.5
2.0,0.0;4.0,3.0::987.5,0.0
987.5
4.0,3.0;2.0,0.0::-2007.5,0.0
-2007.5
2.0,0.0;4.0,4.0::-2512.5,0.0
-2512.5
4.0,4.0;2.0,0.0::-507.5,0.0
-507.5
2.0,1.0;2.0,1.0::-2000.0,0.0
-2000.0
2.0,1.0;2.0,1.0::-2000.0,0.0
-2000.0
2.0,1.0;2.0,2.0::-2000.0,0.0
-2000.0
2.0,2.0;2.0,1.0::-2000.0,0.0
-2000.0
2.0,1.0;2.0,3.0::-250.0,0.0
-250.0
2.0,3.0;2.0,1.0::-2750.0,0.0
-2750.0
2.0,1.0;2.0,4.0::-3750.0,0.0
-3750.0
2.0,4.0;2.0,1.0::-1250.0,0.0
-1250.0
2.0,1.0;3.0,0.0::-2500.0,0.0
-2500.0
3.0,0.0;2.0,1.0::-500.0,0.0
-500.0
2.0,1.0;3.0,1.0::-750.0,0.0
-750.0
3.0,1.0;2.0,1.0::-1250.0,0.0
-1250.0
2.0,1.0;3.0,2.0::-750.0,0.0
-750.0
3.0,2.0;2.0,1.0::-1250.0,0.0
-1250.0
2.0,1.0;3.0,3.0::1000.0,0.0
1000.0
3.0,3.0;2.0,1.0::-2000.0,0.0
-2000.0
2.0,1.0;3.0,4.0::-2500.0,0.0
-2500.0
3.0,4.0;2.0,1.0::-500.0,0.0
-500.0
2.0,1.0;4.0,0.0::-2512.5,0.0
-2512.5
4.0,0.0;2.0,1.0::-507.5,0.0
-507.5
2.0,1.0;4.0,1.0::-762.5,0.0
-762.5
4.0,1.0;2.0,1.0::-1257.5,0.0
-1257.5
2.0,1.0;4.0,2.0::-762.5,0.0
-762.5
4.0,2.0;2.0,1.0::-1257.5,0.0
-1257.5
2.0,1.0;4.0,3.0::987.5,0.0
987.5
4.0,3.0;2.0,1.0::-2007.5,0.0
-2007.5
2.0,1.0;4.0,4.0::-2512.5,0.0
-2512.5
4.0,4.0;2.0,1.0::-507.5,0.0
-507.5
2.0,2.0;2.0,2.0::-2000.0,0.0
-2000.0
2.0,2.0;2.0,2.0::-2000.0,0.0
-2000.0
2.0,2.0;2.0,3.0::-250.0,0.0
-250.0
2.0,3.0;2.0,2.0::-2750.0,0.0
-2750.0
2.0,2.0;2.0,4.0::-3750.0,0.0
-3750.0
2.0,4.0;2.0,2.0::-1250.0,0.0
-1250.0
2.0,2.0;3.0,0.0::-3000.0,0.0
-3000.0
3.0,0.0;2.0,2.0::-3000.0,0.0
-3000.0
2.0,2.0;3.0,1.0::-1250.0,0.0
-1250.0
3.0,1.0;2.0,2.0::-3750.0,0.0
-3750.0
2.0,2.0;3.0,2.0::-1250.0,0.0
-1250.0
3.0,2.0;2.0,2.0::-3750.0,0.0
-3750.0
2.0,2.0;3.0,3.0::500.0,0.0
500.0
3.0,3.0;2.0,2.0::-4500.0,0.0
-4500.0
2.0,2.0;3.0,4.0::-3000.0,0.0
-3000.0
3.0,4.0;2.0,2.0::-3000.0,0.0
-3000.0
2.0,2.0;4.0,0.0::-4500.0,0.0
-4500.0
4.0,0.0;2.0,2.0::500.0,0.0
500.0
2.0,2.0;4.0,1.0::-2750.0,0.0
-2750.0
4.0,1.0;2.0,2.0::-250.0,0.0
-250.0
2.0,2.0;4.0,2.0::-2750.0,0.0
-2750.0
4.0,2.0;2.0,2.0::-250.0,0.0
-250.0
2.0,2.0;4.0,3.0::-1000.0,0.0
-1000.0
4.0,3.0;2.0,2.0::-1000.0,0.0
-1000.0
2.0,2.0;4.0,4.0::-4500.0,0.0
-4500.0
4.0,4.0;2.0,2.0::500.0,0.0
500.0
2.0,3.0;2.0,3.0::-1000.0,0.0
-1000.0
2.0,3.0;2.0,3.0::-1000.0,0.0
-1000.0
2.0,3.0;2.0,4.0::-4500.0,0.0
-4500.0
2.0,4.0;2.0,3.0::500.0,0.0
500.0
2.0,3.0;3.0,0.0::-2500.0,0.0
-2500.0
3.0,0.0;2.0,3.0::-500.0,0.0
-500.0
2.0,3.0;3.0,1.0::-750.0,0.0
-750.0
3.0,1.0;2.0,3.0::-1250.0,0.0
-1250.0
2.0,3.0;3.0,2.0::-750.0,0.0
-750.0
3.0,2.0;2.0,3.0::-1250.0,0.0
-1250.0
2.0,3.0;3.0,3.0::1000.0,0.0
1000.0
3.0,3.0;2.0,3.0::-2000.0,0.0
-2000.0
2.0,3.0;3.0,4.0::-2500.0,0.0
-2500.0
3.0,4.0;2.0,3.0::-500.0,0.0
-500.0
2.0,3.0;4.0,0.0::-4500.0,0.0
-4500.0
4.0,0.0;2.0,3.0::500.0,0.0
500.0
2.0,3.0;4.0,1.0::-2750.0,0.0
-2750.0
4.0,1.0;2.0,3.0::-250.0,0.0
-250.0
2.0,3.0;4.0,2.0::-2750.0,0.0
-2750.0
4.0,2.0;2.0,3.0::-250.0,0.0
-250.0
2.0,3.0;4.0,3.0::-1000.0,0.0
-1000.0
4.0,3.0;2.0,3.0::-1000.0,0.0
-1000.0
2.0,3.0;4.0,4.0::-4500.0,0.0
-4500.0
4.0,4.0;2.0,3.0::500.0,0.0
500.0
2.0,4.0;2.0,4.0::-3000.0,0.0
-3000.0
2.0,4.0;2.0,4.0::-3000.0,0.0
-3000.0
2.0,4.0;3.0,0.0::-2525.0,0.0
-2525.0
3.0,0.0;2.0,4.0::-515.0,0.0
-515.0
2.0,4.0;3.0,1.0::-775.0,0.0
-775.0
3.0,1.0;2.0,4.0::-1265.0,0.0
-1265.0
2.0,4.0;3.0,2.0::-775.0,0.0
-775.0
3.0,2.0;2.0,4.0::-1265.0,0.0
-1265.0
2.0,4.0;3.0,3.0::975.0,0.0
975.0
3.0,3.0;2.0,4.0::-2015.0,0.0
-2015.0
2.0,4.0;3.0,4.0::-2525.0,0.0
-2525.0
3.0,4.0;2.0,4.0::-515.0,0.0
-515.0
2.0,4.0;4.0,0.0::-2512.5,0.0
-2512.5
4.0,0.0;2.0,4.0::-507.5,0.0
-507.5
2.0,4.0;4.0,1.0::-762.5,0.0
-762.5
4.0,1.0;2.0,4.0::-1257.5,0.0
-1257.5
2.0,4.0;4.0,2.0::-762.5,0.0
-762.5
4.0,2.0;2.0,4.0::-1257.5,0.0
-1257.5
2.0,4.0;4.0,3.0::987.5,0.0
987.5
4.0,3.0;2.0,4.0::-2007.5,0.0
-2007.5
2.0,4.0;4.0,4.0::-2512.5,0.0
-2512.5
4.0,4.0;2.0,4.0::-507.5,0.0
-507.5
3.0,0.0;3.0,0.0::-3000.0,0.0
-3000.0
3.0,0.0;3.0,0.0::-3000.0,0.0
-3000.0
3.0,0.0;3.0,1.0::-500.0,0.0
-500.0
3.0,1.0;3.0,0.0::-2500.0,0.0
-2500.0
3.0,0.0;3.0,2.0::-3000.0,0.0
-3000.0
3.0,2.0;3.0,0.0::-3000.0,0.0
-3000.0
3.0,0.0;3.0,3.0::-500.0,0.0
-500.0
3.0,3.0;3.0,0.0::-2500.0,0.0
-2500.0
3.0,0.0;3.0,4.0::-515.0,0.0
-515.0
3.0,4.0;3.0,0.0::-2525.0,0.0
-2525.0
3.0,0.0;4.0,0.0::-2512.5,0.0
-2512.5
4.0,0.0;3.0,0.0::-507.5,0.0
-507.5
3.0,0.0;4.0,1.0::-12.5,0.0
-12.5
4.0,1.0;3.0,0.0::-7.5,0.0
-7.5
3.0,0.0;4.0,2.0::-2512.5,0.0
-2512.5
4.0,2.0;3.0,0.0::-507.5,0.0
-507.5
3.0,0.0;4.0,3.0::-12.5,0.0
-12.5
4.0,3.0;3.0,0.0::-7.5,0.0
-7.5
3.0,0.0;4.0,4.0::-27.5,0.0
-27.5
4.0,4.0;3.0,0.0::-32.5,0.0
-32.5
3.0,1.0;3.0,1.0::0.0,0.0
0.0
3.0,1.0;3.0,1.0::0.0,0.0
0.0
3.0,1.0;3.0,2.0::-2500.0,0.0
-2500.0
3.0,2.0;3.0,1.0::-500.0,0.0
-500.0
3.0,1.0;3.0,3.0::0.0,0.0
0.0
3.0,3.0;3.0,1.0::0.0,0.0
0.0
3.0,1.0;3.0,4.0::-15.0,0.0
-15.0
3.0,4.0;3.0,1.0::-25.0,0.0
-25.0
3.0,1.0;4.0,0.0::-2512.5,0.0
-2512.5
4.0,0.0;3.0,1.0::-507.5,0.0
-507.5
3.0,1.0;4.0,1.0::-12.5,0.0
-12.5
4.0,1.0;3.0,1.0::-7.5,0.0
-7.5
3.0,1.0;4.0,2.0::-2512.5,0.0
-2512.5
4.0,2.0;3.0,1.0::-507.5,0.0
-507.5
3.0,1.0;4.0,3.0::-12.5,0.0
-12.5
4.0,3.0;3.0,1.0::-7.5,0.0
-7.5
3.0,1.0;4.0,4.0::-27.5,0.0
-27.5
4.0,4.0;3.0,1.0::-32.5,0.0
-32.5
3.0,2.0;3.0,2.0::-3000.0,0.0
-3000.0
3.0,2.0;3.0,2.0::-3000.0,0.0
-3000.0
3.0,2.0;3.0,3.0::-500.0,0.0
-500.0
3.0,3.0;3.0,2.0::-2500.0,0.0
-2500.0
3.0,2.0;3.0,4.0::-515.0,0.0
-515.0
3.0,4.0;3.0,2.0::-2525.0,0.0
-2525.0
3.0,2.0;4.0,0.0::-4500.0,0.0
-4500.0
4.0,0.0;3.0,2.0::500.0,0.0
500.0
3.0,2.0;4.0,1.0::-2000.0,0.0
-2000.0
4.0,1.0;3.0,2.0::1000.0,0.0
1000.0
3.0,2.0;4.0,2.0::-4500.0,0.0
-4500.0
4.0,2.0;3.0,2.0::500.0,0.0
500.0
3.0,2.0;4.0,3.0::-2000.0,0.0
-2000.0
4.0,3.0;3.0,2.0::1000.0,0.0
1000.0
3.0,2.0;4.0,4.0::-2015.0,0.0
-2015.0
4.0,4.0;3.0,2.0::975.0,0.0
975.0
3.0,3.0;3.0,3.0::0.0,0.0
0.0
3.0,3.0;3.0,3.0::0.0,0.0
0.0
3.0,3.0;3.0,4.0::-15.0,0.0
-15.0
3.0,4.0;3.0,3.0::-25.0,0.0
-25.0
3.0,3.0;4.0,0.0::-4500.0,0.0
-4500.0
4.0,0.0;3.0,3.0::500.0,0.0
500.0
3.0,3.0;4.0,1.0::-2000.0,0.0
-2000.0
4.0,1.0;3.0,3.0::1000.0,0.0
1000.0
3.0,3.0;4.0,2.0::-4500.0,0.0
-4500.0
4.0,2.0;3.0,3.0::500.0,0.0
500.0
3.0,3.0;4.0,3.0::-2000.0,0.0
-2000.0
4.0,3.0;3.0,3.0::1000.0,0.0
1000.0
3.0,3.0;4.0,4.0::-2015.0,0.0
-2015.0
4.0,4.0;3.0,3.0::975.0,0.0
975.0
3.0,4.0;3.0,4.0::-40.0,0.0
-40.0
3.0,4.0;3.0,4.0::-40.0,0.0
-40.0
3.0,4.0;4.0,0.0::-2512.5,0.0
-2512.5
4.0,0.0;3.0,4.0::-507.5,0.0
-507.5
3.0,4.0;4.0,1.0::-12.5,0.0
-12.5
4.0,1.0;3.0,4.0::-7.5,0.0
-7.5
3.0,4.0;4.0,2.0::-2512.5,0.0
-2512.5
4.0,2.0;3.0,4.0::-507.5,0.0
-507.5
3.0,4.0;4.0,3.0::-12.5,0.0
-12.5
4.0,3.0;3.0,4.0::-7.5,0.0
-7.5
3.0,4.0;4.0,4.0::-27.5,0.0
-27.5
4.0,4.0;3.0,4.0::-32.5,0.0
-32.5
4.0,0.0;4.0,0.0::-20.0,0.0
-20.0
4.0,0.0;4.0,0.0::-20.0,0.0
-20.0
4.0,0.0;4.0,1.0::-20.0,0.0
-20.0
4.0,1.0;4.0,0.0::-20.0,0.0
-20.0
4.0,0.0;4.0,2.0::987.5,0.0
987.5
4.0,2.0;4.0,0.0::-2007.5,0.0
-2007.5
4.0,0.0;4.0,3.0::987.5,0.0
987.5
4.0,3.0;4.0,0.0::-2007.5,0.0
-2007.5
4.0,0.0;4.0,4.0::-20.0,0.0
-20.0
4.0,4.0;4.0,0.0::-20.0,0.0
-20.0
4.0,1.0;4.0,1.0::-20.0,0.0
-20.0
4.0,1.0;4.0,1.0::-20.0,0.0
-20.0
4.0,1.0;4.0,2.0::987.5,0.0
987.5
4.0,2.0;4.0,1.0::-2007.5,0.0
-2007.5
4.0,1.0;4.0,3.0::987.5,0.0
987.5
4.0,3.0;4.0,1.0::-2007.5,0.0
-2007.5
4.0,1.0;4.0,4.0::-20.0,0.0
-20.0
4.0,4.0;4.0,1.0::-20.0,0.0
-20.0
4.0,2.0;4.0,2.0::-1000.0,0.0
-1000.0
4.0,2.0;4.0,2.0::-1000.0,0.0
-1000.0
4.0,2.0;4.0,3.0::-1000.0,0.0
-1000.0
4.0,3.0;4.0,2.0::-1000.0,0.0
-1000.0
4.0,2.0;4.0,4.0::-2007.5,0.0
-2007.5
4.0,4.0;4.0,2.0::987.5,0.0
987.5
4.0,3.0;4.0,3.0::-1000.0,0.0
-1000.0
4.0,3.0;4.0,3.0::-1000.0,0.0
-1000.0
4.0,3.0;4.0,4.0::-2007.5,0.0
-2007.5
4.0,4.0;4.0,3.0::987.5,0.0
987.5
4.0,4.0;4.0,4.0::-20.0,0.0
-20.0
4.0,4.0;4.0,4.0::-20.0,0.0
-20.0
