0.0,1.0;0.0,1.0::-2000.0,0.0
-2000.0
0.0,1.0;0.0,1.0::-2000.0,0.0
-2000.0
0.0,1.0;0.0,2.0::500.0,0.0
500.0
0.0,2.0;0.0,1.0::-1500.0,0.0
-1500.0
0.0,1.0;0.0,3.0::500.0,0.0
500.0
0.0,3.0;0.0,1.0::-1500.0,0.0
-1500.0
0.0,1.0;0.0,4.0::475.0,0.0
475.0
0.0,4.0;0.0,1.0::-1505.0,0.0
-1505.0
0.0,1.0;1.0,0.0::-1250.0,0.0
-1250.0
1.0,0.0;0.0,1.0::-1750.0,0.0
-1750.0
0.0,1.0;1.0,1.0::-1250.0,0.0
-1250.0
1.0,1.0;0.0,1.0::-1750.0,0.0
-1750.0
0.0,1.0;1.0,2.0::1250.0,0.0
1250.0
1.0,2.0;0.0,1.0::-1250.0,0.0
-1250.0
0.0,1.0;1.0,3.0::1250.0,0.0
1250.0
1.0,3.0;0.0,1.0::-1250.0,0.0
-1250.0
0.0,1.0;1.0,4.0::1225.0,0.0
1225.0
1.0,4.0;0.0,1.0::-1255.0,0.0
-1255.0
0.0,1.0;2.0,0.0::-1250.0,0.0
-1250.0
2.0,0.0;0.0,1.0::-1750.0,0.0
-1750.0
0.0,1.0;2.0,1.0::-1250.0,0.0
-1250.0
2.0,1.0;0.0,1.0::-1750.0,0.0
-1750.0
0.0,1.0;2.0,2.0::1250.0,0.0
1250.0
2.0,2.0;0.0,1.0::-1250.0,0.0
-1250.0
0.0,1.0;2.0,3.0::1250.0,0.0
1250.0
2.0,3.0;0.0,1.0::-1250.0,0.0
-1250.0
0.0,1.0;2.0,4.0::1225.0,0.0
1225.0
2.0,4.0;0.0,1.0::-1255.0,0.0
-1255.0
0.0,1.0;3.0,0.0::-500.0,0.0
-500.0
3.0,0.0;0.0,1.0::-1500.0,0.0
-1500.0
0.0,1.0;3.0,1.0::-500.0,0.0
-500.0
3.0,1.0;0.0,1.0::-1500.0,0.0
-1500.0
0.0,1.0;3.0,2.0::2000.0,0.0
2000.0
3.0,2.0;0.0,1.0::-1000.0,0.0
-1000.0
0.0,1.0;3.0,3.0::2000.0,0.0
2000.0
3.0,3.0;0.0,1.0::-1000.0,0.0
-1000.0
0.0,1.0;3.0,4.0::1975.0,0.0
1975.0
3.0,4.0;0.0,1.0::-1005.0,0.0
-1005.0
0.0,1.0;4.0,0.0::-507.5,0.0
-507.5
4.0,0.0;0.0,1.0::-1502.5,0.0
-1502.5
0.0,1.0;4.0,1.0::-507.5,0.0
-507.5
4.0,1.0;0.0,1.0::-1502.5,0.0
-1502.5
0.0,1.0;4.0,2.0::1992.5,0.0
1992.5
4.0,2.0;0.0,1.0::-1002.5,0.0
-1002.5
0.0,1.0;4.0,3.0::1992.5,0.0
1992.5
4.0,3.0;0.0,1.0::-1002.5,0.0
-1002.5
0.0,1.0;4.0,4.0::1967.5,0.0
1967.5
4.0,4.0;0.0,1.0::-1007.5,0.0
-1007.5
