2.0,4.0;2.0,4.0::-3000.0,0.0
-3000.0
2.0,4.0;2.0,4.0::-3000.0,0.0
-3000.0
2.0,4.0;3.0,0.0::-2515.0,0.0
-2515.0
3.0,0.0;2.0,4.0::-505.0,0.0
-505.0
2.0,4.0;3.0,1.0::-265.0,0.0
-265.0
3.0,1.0;2.0,4.0::-755.0,0.0
-755.0
2.0,4.0;3.0,2.0::-265.0,0.0
-265.0
3.0,2.0;2.0,4.0::-755.0,0.0
-755.0
2.0,4.0;3.0,3.0::1985.0,0.0
1985.0
3.0,3.0;2.0,4.0::-1005.0,0.0
-1005.0
2.0,4.0;3.0,4.0::-2515.0,0.0
-2515.0
3.0,4.0;2.0,4.0::-505.0,0.0
-505.0
2.0,4.0;4.0,0.0::-2507.5,0.0
-2507.5
4.0,0.0;2.0,4.0::-502.5,0.0
-502.5
2.0,4.0;4.0,1.0::-257.5,0.0
-257.5
4.0,1.0;2.0,4.0::-752.5,0.0
-752.5
2.0,4.0;4.0,2.0::-257.5,0.0
-257.5
4.0,2.0;2.0,4.0::-752.5,0.0
-752.5
2.0,4.0;4.0,3.0::1992.5,0.0
1992.5
4.0,3.0;2.0,4.0::-1002.5,0.0
-1002.5
2.0,4.0;4.0,4.0::-2507.5,0.0
-2507.5
4.0,4.0;2.0,4.0::-502.5,0.0
-502.5
