0.0,0.0;0.0,0.0::-2000.0,0.0
-2000.0
0.0,0.0;0.0,0.0::-2000.0,0.0
-2000.0
0.0,0.0;0.0,1.0::-2000.0,0.0
-2000.0
0.0,1.0;0.0,0.0::-2000.0,0.0
-2000.0
0.0,0.0;0.0,2.0::500.0,0.0
500.0
0.0,2.0;0.0,0.0::-1500.0,0.0
-1500.0
0.0,0.0;0.0,3.0::500.0,0.0
500.0
0.0,3.0;0.0,0.0::-1500.0,0.0
-1500.0
0.0,0.0;0.0,4.0::475.0,0.0
475.0
0.0,4.0;0.0,0.0::-1505.0,0.0
-1505.0
0.0,0.0;1.0,0.0::-2000.0,0.0
-2000.0
1.0,0.0;0.0,0.0::-2000.0,0.0
-2000.0
0.0,0.0;1.0,1.0::-2000.0,0.0
-2000.0
1.0,1.0;0.0,0.0::-2000.0,0.0
-2000.0
0.0,0.0;1.0,2.0::500.0,0.0
500.0
1.0,2.0;0.0,0.0::-1500.0,0.0
-1500.0
0.0,0.0;1.0,3.0::500.0,0.0
500.0
1.0,3.0;0.0,0.0::-1500.0,0.0
-1500.0
0.0,0.0;1.0,4.0::475.0,0.0
475.0
1.0,4.0;0.0,0.0::-1505.0,0.0
-1505.0
0.0,0.0;2.0,0.0::-1000.0,0.0
-1000.0
2.0,0.0;0.0,0.0::-4000.0,0.0
-4000.0
0.0,0.0;2.0,1.0::-1000.0,0.0
-1000.0
2.0,1.0;0.0,0.0::-4000.0,0.0
-4000.0
0.0,0.0;2.0,2.0::1500.0,0.0
1500.0
2.0,2.0;0.0,0.0::-3500.0,0.0
-3500.0
0.0,0.0;2.0,3.0::1500.0,0.0
1500.0
2.0,3.0;0.0,0.0::-3500.0,0.0
-3500.0
0.0,0.0;2.0,4.0::1475.0,0.0
1475.0
2.0,4.0;0.0,0.0::-3505.0,0.0
-3505.0
0.0,0.0;3.0,0.0::-1000.0,0.0
-1000.0
3.0,0.0;0.0,0.0::-4000.0,0.0
-4000.0
0.0,0.0;3.0,1.0::-1000.0,0.0
-1000.0
3.0,1.0;0.0,0.0::-4000.0,0.0
-4000.0
0.0,0.0;3.0,2.0::1500.0,0.0
1500.0
3.0,2.0;0.0,0.0::-3500.0,0.0
-3500.0
0.0,0.0;3.0,3.0::1500.0,0.0
1500.0
3.0,3.0;0.0,0.0::-3500.0,0.0
-3500.0
0.0,0.0;3.0,4.0::1475.0,0.0
1475.0
3.0,4.0;0.0,0.0::-3505.0,0.0
-3505.0
0.0,0.0;4.0,0.0::-507.5,0.0
-507.5
4.0,0.0;0.0,0.0::-1502.5,0.0
-1502.5
0.0,0.0;4.0,1.0::-507.5,0.0
-507.5
4.0,1.0;0.0,0.0::-1502.5,0.0
-1502.5
0.0,0.0;4.0,2.0::1992.5,0.0
1992.5
4.0,2.0;0.0,0.0::-1002.5,0.0
-1002.5
0.0,0.0;4.0,3.0::1992.5,0.0
1992.5
4.0,3.0;0.0,0.0::-1002.5,0.0
-1002.5
0.0,0.0;4.0,4.0::1967.5,0.0
1967.5
4.0,4.0;0.0,0.0::-1007.5,0.0
-1007.5
0.0,1.0;0.0,1.0::-2000.0,0.0
-2000.0
0.0,1.0;0.0,1.0::-2000.0,0.0
-2000.0
0.0,1.0;0.0,2.0::500.0,0.0
500.0
0.0,2.0;0.0,1.0::-1500.0,0.0
-1500.0
0.0,1.0;0.0,3.0::500.0,0.0
500.0
0.0,3.0;0.0,1.0::-1500.0,0.0
-1500.0
0.0,1.0;0.0,4.0::475.0,0.0
475.0
0.0,4.0;0.0,1.0::-1505.0,0.0
-1505.0
0.0,1.0;1.0,0.0::-1250.0,0.0
-1250.0
1.0,0.0;0.0,1.0::-1750.0,0.0
-1750.0
0.0,1.0;1.0,1.0::-1250.0,0.0
-1250.0
1.0,1.0;0.0,1.0::-1750.0,0.0
-1750.0
0.0,1.0;1.0,2.0::1250.0,0.0
1250.0
1.0,2.0;0.0,1.0::-1250.0,0.0
-1250.0
0.0,1.0;1.0,3.0::1250.0,0.0
1250.0
1.0,3.0;0.0,1.0::-1250.0,0.0
-1250.0
0.0,1.0;1.0,4.0::1225.0,0.0
1225.0
1.0,4.0;0.0,1.0::-1255.0,0.0
-1255.0
0.0,1.0;2.0,0.0::-1250.0,0.0
-1250.0
2.0,0.0;0.0,1.0::-1750.0,0.0
-1750.0
0.0,1.0;2.0,1.0::-1250.0,0.0
-1250.0
2.0,1.0;0.0,1.0::-1750.0,0.0
-1750.0
0.0,1.0;2.0,2.0::1250.0,0.0
1250.0
2.0,2.0;0.0,1.0::-1250.0,0.0
-1250.0
0.0,1.0;2.0,3.0::1250.0,0.0
1250.0
2.0,3.0;0.0,1.0::-1250.0,0.0
-1250.0
0.0,1.0;2.0,4.0::1225.0,0.0
1225.0
2.0,4.0;0.0,1.0::-1255.0,0.0
-1255.0
0.0,1.0;3.0,0.0::-500.0,0.0
-500.0
3.0,0.0;0.0,1.0::-1500.0,0.0
-1500.0
0.0,1.0;3.0,1.0::-500.0,0.0
-500.0
3.0,1.0;0.0,1.0::-1500.0,0.0
-1500.0
0.0,1.0;3.0,2.0::2000.0,0.0
2000.0
3.0,2.0;0.0,1.0::-1000.0,0.0
-1000.0
0.0,1.0;3.0,3.0::2000.0,0.0
2000.0
3.0,3.0;0.0,1.0::-1000.0,0.0
-1000.0
0.0,1.0;3.0,4.0::1975.0,0.0
1975.0
3.0,4.0;0.0,1.0::-1005.0,0.0
-1005.0
0.0,1.0;4.0,0.0::-507.5,0.0
-507.5
4.0,0.0;0.0,1.0::-1502.5,0.0
-1502.5
0.0,1.0;4.0,1.0::-507.5,0.0
-507.5
4.0,1.0;0.0,1.0::-1502.5,0.0
-1502.5
0.0,1.0;4.0,2.0::1992.5,0.0
1992.5
4.0,2.0;0.0,1.0::-1002.5,0.0
-1002.5
0.0,1.0;4.0,3.0::1992.5,0.0
1992.5
4.0,3.0;0.0,1.0::-1002.5,0.0
-1002.5
0.0,1.0;4.0,4.0::1967.5,0.0
1967.5
4.0,4.0;0.0,1.0::-1007.5,0.0
-1007.5
0.0,2.0;0.0,2.0::1000.0,0.0
1000.0
0.0,2.0;0.0,2.0::1000.0,0.0
1000.0
0.0,2.0;0.0,3.0::1000.0,0.0
1000.0
0.0,3.0;0.0,2.0::1000.0,0.0
1000.0
0.0,2.0;0.0,4.0::975.0,0.0
975.0
0.0,4.0;0.0,2.0::995.0,0.0
995.0
0.0,2.0;1.0,0.0::-1250.0,0.0
-1250.0
1.0,0.0;0.0,2.0::-1750.0,0.0
-1750.0
0.0,2.0;1.0,1.0::-1250.0,0.0
-1250.0
1.0,1.0;0.0,2.0::-1750.0,0.0
-1750.0
0.0,2.0;1.0,2.0::1250.0,0.0
1250.0
1.0,2.0;0.0,2.0::-1250.0,0.0
-1250.0
0.0,2.0;1.0,3.0::1250.0,0.0
1250.0
1.0,3.0;0.0,2.0::-1250.0,0.0
-1250.0
0.0,2.0;1.0,4.0::1225.0,0.0
1225.0
1.0,4.0;0.0,2.0::-1255.0,0.0
-1255.0
0.0,2.0;2.0,0.0::-1250.0,0.0
-1250.0
2.0,0.0;0.0,2.0::-1750.0,0.0
-1750.0
0.0,2.0;2.0,1.0::-1250.0,0.0
-1250.0
2.0,1.0;0.0,2.0::-1750.0,0.0
-1750.0
0.0,2.0;2.0,2.0::1250.0,0.0
1250.0
2.0,2.0;0.0,2.0::-1250.0,0.0
-1250.0
0.0,2.0;2.0,3.0::1250.0,0.0
1250.0
2.0,3.0;0.0,2.0::-1250.0,0.0
-1250.0
0.0,2.0;2.0,4.0::1225.0,0.0
1225.0
2.0,4.0;0.0,2.0::-1255.0,0.0
-1255.0
0.0,2.0;3.0,0.0::-1000.0,0.0
-1000.0
3.0,0.0;0.0,2.0::-4000.0,0.0
-4000.0
0.0,2.0;3.0,1.0::-1000.0,0.0
-1000.0
3.0,1.0;0.0,2.0::-4000.0,0.0
-4000.0
0.0,2.0;3.0,2.0::1500.0,0.0
1500.0
3.0,2.0;0.0,2.0::-3500.0,0.0
-3500.0
0.0,2.0;3.0,3.0::1500.0,0.0
1500.0
3.0,3.0;0.0,2.0::-3500.0,0.0
-3500.0
0.0,2.0;3.0,4.0::1475.0,0.0
1475.0
3.0,4.0;0.0,2.0::-3505.0,0.0
-3505.0
0.0,2.0;4.0,0.0::-1500.0,0.0
-1500.0
4.0,0.0;0.0,2.0::500.0,0.0
500.0
0.0,2.0;4.0,1.0::-1500.0,0.0
-1500.0
4.0,1.0;0.0,2.0::500.0,0.0
500.0
0.0,2.0;4.0,2.0::1000.0,0.0
1000.0
4.0,2.0;0.0,2.0::1000.0,0.0
1000.0
0.0,2.0;4.0,3.0::1000.0,0.0
1000.0
4.0,3.0;0.0,2.0::1000.0,0.0
1000.0
0.0,2.0;4.0,4.0::975.0,0.0
975.0
4.0,4.0;0.0,2.0::995.0,0.0
995.0
0.0,3.0;0.0,3.0::1000.0,0.0
1000.0
0.0,3.0;0.0,3.0::1000.0,0.0
1000.0
0.0,3.0;0.0,4.0::975.0,0.0
975.0
0.0,4.0;0.0,3.0::995.0,0.0
995.0
0.0,3.0;1.0,0.0::-500.0,0.0
-500.0
1.0,0.0;0.0,3.0::-1500.0,0.0
-1500.0
0.0,3.0;1.0,1.0::-500.0,0.0
-500.0
1.0,1.0;0.0,3.0::-1500.0,0.0
-1500.0
0.0,3.0;1.0,2.0::2000.0,0.0
2000.0
1.0,2.0;0.0,3.0::-1000.0,0.0
-1000.0
0.0,3.0;1.0,3.0::2000.0,0.0
2000.0
1.0,3.0;0.0,3.0::-1000.0,0.0
-1000.0
0.0,3.0;1.0,4.0::1975.0,0.0
1975.0
1.0,4.0;0.0,3.0::-1005.0,0.0
-1005.0
0.0,3.0;2.0,0.0::-1500.0,0.0
-1500.0
2.0,0.0;0.0,3.0::500.0,0.0
500.0
0.0,3.0;2.0,1.0::-1500.0,0.0
-1500.0
2.0,1.0;0.0,3.0::500.0,0.0
500.0
0.0,3.0;2.0,2.0::1000.0,0.0
1000.0
2.0,2.0;0.0,3.0::1000.0,0.0
1000.0
0.0,3.0;2.0,3.0::1000.0,0.0
1000.0
2.0,3.0;0.0,3.0::1000.0,0.0
1000.0
0.0,3.0;2.0,4.0::975.0,0.0
975.0
2.0,4.0;0.0,3.0::995.0,0.0
995.0
0.0,3.0;3.0,0.0::-500.0,0.0
-500.0
3.0,0.0;0.0,3.0::-1500.0,0.0
-1500.0
0.0,3.0;3.0,1.0::-500.0,0.0
-500.0
3.0,1.0;0.0,3.0::-1500.0,0.0
-1500.0
0.0,3.0;3.0,2.0::2000.0,0.0
2000.0
3.0,2.0;0.0,3.0::-1000.0,0.0
-1000.0
0.0,3.0;3.0,3.0::2000.0,0.0
2000.0
3.0,3.0;0.0,3.0::-1000.0,0.0
-1000.0
0.0,3.0;3.0,4.0::1975.0,0.0
1975.0
3.0,4.0;0.0,3.0::-1005.0,0.0
-1005.0
0.0,3.0;4.0,0.0::-1500.0,0.0
-1500.0
4.0,0.0;0.0,3.0::500.0,0.0
500.0
0.0,3.0;4.0,1.0::-1500.0,0.0
-1500.0
4.0,1.0;0.0,3.0::500.0,0.0
500.0
0.0,3.0;4.0,2.0::1000.0,0.0
1000.0
4.0,2.0;0.0,3.0::1000.0,0.0
1000.0
0.0,3.0;4.0,3.0::1000.0,0.0
1000.0
4.0,3.0;0.0,3.0::1000.0,0.0
1000.0
0.0,3.0;4.0,4.0::975.0,0.0
975.0
4.0,4.0;0.0,3.0::995.0,0.0
995.0
0.0,4.0;0.0,4.0::970.0,0.0
970.0
0.0,4.0;0.0,4.0::970.0,0.0
970.0
0.0,4.0;1.0,0.0::-515.0,0.0
-515.0
1.0,0.0;0.0,4.0::-1505.0,0.0
-1505.0
0.0,4.0;1.0,1.0::-515.0,0.0
-515.0
1.0,1.0;0.0,4.0::-1505.0,0.0
-1505.0
0.0,4.0;1.0,2.0::1985.0,0.0
1985.0
1.0,2.0;0.0,4.0::-1005.0,0.0
-1005.0
0.0,4.0;1.0,3.0::1985.0,0.0
1985.0
1.0,3.0;0.0,4.0::-1005.0,0.0
-1005.0
0.0,4.0;1.0,4.0::1960.0,0.0
1960.0
1.0,4.0;0.0,4.0::-1010.0,0.0
-1010.0
0.0,4.0;2.0,0.0::-1000.0,0.0
-1000.0
2.0,0.0;0.0,4.0::-4000.0,0.0
-4000.0
0.0,4.0;2.0,1.0::-1000.0,0.0
-1000.0
2.0,1.0;0.0,4.0::-4000.0,0.0
-4000.0
0.0,4.0;2.0,2.0::1500.0,0.0
1500.0
2.0,2.0;0.0,4.0::-3500.0,0.0
-3500.0
0.0,4.0;2.0,3.0::1500.0,0.0
1500.0
2.0,3.0;0.0,4.0::-3500.0,0.0
-3500.0
0.0,4.0;2.0,4.0::1475.0,0.0
1475.0
2.0,4.0;0.0,4.0::-3505.0,0.0
-3505.0
0.0,4.0;3.0,0.0::-515.0,0.0
-515.0
3.0,0.0;0.0,4.0::-1505.0,0.0
-1505.0
0.0,4.0;3.0,1.0::-515.0,0.0
-515.0
3.0,1.0;0.0,4.0::-1505.0,0.0
-1505.0
0.0,4.0;3.0,2.0::1985.0,0.0
1985.0
3.0,2.0;0.0,4.0::-1005.0,0.0
-1005.0
0.0,4.0;3.0,3.0::1985.0,0.0
1985.0
3.0,3.0;0.0,4.0::-1005.0,0.0
-1005.0
0.0,4.0;3.0,4.0::1960.0,0.0
1960.0
3.0,4.0;0.0,4.0::-1010.0,0.0
-1010.0
0.0,4.0;4.0,0.0::-507.5,0.0
-507.5
4.0,0.0;0.0,4.0::-1502.5,0.0
-1502.5
0.0,4.0;4.0,1.0::-507.5,0.0
-507.5
4.0,1.0;0.0,4.0::-1502.5,0.0
-1502.5
0.0,4.0;4.0,2.0::1992.5,0.0
1992.5
4.0,2.0;0.0,4.0::-1002.5,0.0
-1002.5
0.0,4.0;4.0,3.0::1992.5,0.0
1992.5
4.0,3.0;0.0,4.0::-1002.5,0.0
-1002.5
0.0,4.0;4.0,4.0::1967.5,0.0
1967.5
4.0,4.0;0.0,4.0::-1007.5,0.0
-1007.5
1.0,0.0;1.0,0.0::-2000.0,0.0
-2000.0
1.0,0.0;1.0,0.0::-2000.0,0.0
-2000.0
1.0,0.0;1.0,1.0::-1750.0,0.0
-1750.0
1.0,1.0;1.0,0.0::-1250.0,0.0
-1250.0
1.0,0.0;1.0,2.0::-1750.0,0.0
-1750.0
1.0,2.0;1.0,0.0::-1250.0,0.0
-1250.0
1.0,0.0;1.0,3.0::-1500.0,0.0
-1500.0
1.0,3.0;1.0,0.0::-500.0,0.0
-500.0
1.0,0.0;1.0,4.0::-1505.0,0.0
-1505.0
1.0,4.0;1.0,0.0::-515.0,0.0
-515.0
1.0,0.0;2.0,0.0::-1000.0,0.0
-1000.0
2.0,0.0;1.0,0.0::-4000.0,0.0
-4000.0
1.0,0.0;2.0,1.0::-750.0,0.0
-750.0
2.0,1.0;1.0,0.0::-3250.0,0.0
-3250.0
1.0,0.0;2.0,2.0::-750.0,0.0
-750.0
2.0,2.0;1.0,0.0::-3250.0,0.0
-3250.0
1.0,0.0;2.0,3.0::-500.0,0.0
-500.0
2.0,3.0;1.0,0.0::-2500.0,0.0
-2500.0
1.0,0.0;2.0,4.0::-505.0,0.0
-505.0
2.0,4.0;1.0,0.0::-2515.0,0.0
-2515.0
1.0,0.0;3.0,0.0::-1000.0,0.0
-1000.0
3.0,0.0;1.0,0.0::-4000.0,0.0
-4000.0
1.0,0.0;3.0,1.0::-750.0,0.0
-750.0
3.0,1.0;1.0,0.0::-3250.0,0.0
-3250.0
1.0,0.0;3.0,2.0::-750.0,0.0
-750.0
3.0,2.0;1.0,0.0::-3250.0,0.0
-3250.0
1.0,0.0;3.0,3.0::-500.0,0.0
-500.0
3.0,3.0;1.0,0.0::-2500.0,0.0
-2500.0
1.0,0.0;3.0,4.0::-505.0,0.0
-505.0
3.0,4.0;1.0,0.0::-2515.0,0.0
-2515.0
1.0,0.0;4.0,0.0::-507.5,0.0
-507.5
4.0,0.0;1.0,0.0::-1502.5,0.0
-1502.5
1.0,0.0;4.0,1.0::-257.5,0.0
-257.5
4.0,1.0;1.0,0.0::-752.5,0.0
-752.5
1.0,0.0;4.0,2.0::-257.5,0.0
-257.5
4.0,2.0;1.0,0.0::-752.5,0.0
-752.5
1.0,0.0;4.0,3.0::-7.5,0.0
-7.5
4.0,3.0;1.0,0.0::-2.5,0.0
-2.5
1.0,0.0;4.0,4.0::-12.5,0.0
-12.5
4.0,4.0;1.0,0.0::-17.5,0.0
-17.5
1.0,1.0;1.0,1.0::-1000.0,0.0
-1000.0
1.0,1.0;1.0,1.0::-1000.0,0.0
-1000.0
1.0,1.0;1.0,2.0::-1000.0,0.0
-1000.0
1.0,2.0;1.0,1.0::-1000.0,0.0
-1000.0
1.0,1.0;1.0,3.0::-750.0,0.0
-750.0
1.0,3.0;1.0,1.0::-250.0,0.0
-250.0
1.0,1.0;1.0,4.0::-755.0,0.0
-755.0
1.0,4.0;1.0,1.0::-265.0,0.0
-265.0
1.0,1.0;2.0,0.0::-1250.0,0.0
-1250.0
2.0,0.0;1.0,1.0::-1750.0,0.0
-1750.0
1.0,1.0;2.0,1.0::-1000.0,0.0
-1000.0
2.0,1.0;1.0,1.0::-1000.0,0.0
-1000.0
1.0,1.0;2.0,2.0::-1000.0,0.0
-1000.0
2.0,2.0;1.0,1.0::-1000.0,0.0
-1000.0
1.0,1.0;2.0,3.0::-750.0,0.0
-750.0
2.0,3.0;1.0,1.0::-250.0,0.0
-250.0
1.0,1.0;2.0,4.0::-755.0,0.0
-755.0
2.0,4.0;1.0,1.0::-265.0,0.0
-265.0
1.0,1.0;3.0,0.0::-500.0,0.0
-500.0
3.0,0.0;1.0,1.0::-1500.0,0.0
-1500.0
1.0,1.0;3.0,1.0::-250.0,0.0
-250.0
3.0,1.0;1.0,1.0::-750.0,0.0
-750.0
1.0,1.0;3.0,2.0::-250.0,0.0
-250.0
3.0,2.0;1.0,1.0::-750.0,0.0
-750.0
1.0,1.0;3.0,3.0::0.0,0.0
0.0
3.0,3.0;1.0,1.0::0.0,0.0
0.0
1.0,1.0;3.0,4.0::-5.0,0.0
-5.0
3.0,4.0;1.0,1.0::-15.0,0.0
-15.0
1.0,1.0;4.0,0.0::-507.5,0.0
-507.5
4.0,0.0;1.0,1.0::-1502.5,0.0
-1502.5
1.0,1.0;4.0,1.0::-257.5,0.0
-257.5
4.0,1.0;1.0,1.0::-752.5,0.0
-752.5
1.0,1.0;4.0,2.0::-257.5,0.0
-257.5
4.0,2.0;1.0,1.0::-752.5,0.0
-752.5
1.0,1.0;4.0,3.0::-7.5,0.0
-7.5
4.0,3.0;1.0,1.0::-2.5,0.0
-2.5
1.0,1.0;4.0,4.0::-12.5,0.0
-12.5
4.0,4.0;1.0,1.0::-17.5,0.0
-17.5
1.0,2.0;1.0,2.0::-1000.0,0.0
-1000.0
1.0,2.0;1.0,2.0::-1000.0,0.0
-1000.0
1.0,2.0;1.0,3.0::-750.0,0.0
-750.0
1.0,3.0;1.0,2.0::-250.0,0.0
-250.0
1.0,2.0;1.0,4.0::-755.0,0.0
-755.0
1.0,4.0;1.0,2.0::-265.0,0.0
-265.0
1.0,2.0;2.0,0.0::-1250.0,0.0
-1250.0
2.0,0.0;1.0,2.0::-1750.0,0.0
-1750.0
1.0,2.0;2.0,1.0::-1000.0,0.0
-1000.0
2.0,1.0;1.0,2.0::-1000.0,0.0
-1000.0
1.0,2.0;2.0,2.0::-1000.0,0.0
-1000.0
2.0,2.0;1.0,2.0::-1000.0,0.0
-1000.0
1.0,2.0;2.0,3.0::-750.0,0.0
-750.0
2.0,3.0;1.0,2.0::-250.0,0.0
-250.0
1.0,2.0;2.0,4.0::-755.0,0.0
-755.0
2.0,4.0;1.0,2.0::-265.0,0.0
-265.0
1.0,2.0;3.0,0.0::-1000.0,0.0
-1000.0
3.0,0.0;1.0,2.0::-4000.0,0.0
-4000.0
1.0,2.0;3.0,1.0::-750.0,0.0
-750.0
3.0,1.0;1.0,2.0::-3250.0,0.0
-3250.0
1.0,2.0;3.0,2.0::-750.0,0.0
-750.0
3.0,2.0;1.0,2.0::-3250.0,0.0
-3250.0
1.0,2.0;3.0,3.0::-500.0,0.0
-500.0
3.0,3.0;1.0,2.0::-2500.0,0.0
-2500.0
1.0,2.0;3.0,4.0::-505.0,0.0
-505.0
3.0,4.0;1.0,2.0::-2515.0,0.0
-2515.0
1.0,2.0;4.0,0.0::-1500.0,0.0
-1500.0
4.0,0.0;1.0,2.0::500.0,0.0
500.0
1.0,2.0;4.0,1.0::-1250.0,0.0
-1250.0
4.0,1.0;1.0,2.0::1250.0,0.0
1250.0
1.0,2.0;4.0,2.0::-1250.0,0.0
-1250.0
4.0,2.0;1.0,2.0::1250.0,0.0
1250.0
1.0,2.0;4.0,3.0::-1000.0,0.0
-1000.0
4.0,3.0;1.0,2.0::2000.0,0.0
2000.0
1.0,2.0;4.0,4.0::-1005.0,0.0
-1005.0
4.0,4.0;1.0,2.0::1985.0,0.0
1985.0
1.0,3.0;1.0,3.0::0.0,0.0
0.0
1.0,3.0;1.0,3.0::0.0,0.0
0.0
1.0,3.0;1.0,4.0::-5.0,0.0
-5.0
1.0,4.0;1.0,3.0::-15.0,0.0
-15.0
1.0,3.0;2.0,0.0::-1500.0,0.0
-1500.0
2.0,0.0;1.0,3.0::500.0,0.0
500.0
1.0,3.0;2.0,1.0::-1250.0,0.0
-1250.0
2.0,1.0;1.0,3.0::1250.0,0.0
1250.0
1.0,3.0;2.0,2.0::-1250.0,0.0
-1250.0
2.0,2.0;1.0,3.0::1250.0,0.0
1250.0
1.0,3.0;2.0,3.0::-1000.0,0.0
-1000.0
2.0,3.0;1.0,3.0::2000.0,0.0
2000.0
1.0,3.0;2.0,4.0::-1005.0,0.0
-1005.0
2.0,4.0;1.0,3.0::1985.0,0.0
1985.0
1.0,3.0;3.0,0.0::-500.0,0.0
-500.0
3.0,0.0;1.0,3.0::-1500.0,0.0
-1500.0
1.0,3.0;3.0,1.0::-250.0,0.0
-250.0
3.0,1.0;1.0,3.0::-750.0,0.0
-750.0
1.0,3.0;3.0,2.0::-250.0,0.0
-250.0
3.0,2.0;1.0,3.0::-750.0,0.0
-750.0
1.0,3.0;3.0,3.0::0.0,0.0
0.0
3.0,3.0;1.0,3.0::0.0,0.0
0.0
1.0,3.0;3.0,4.0::-5.0,0.0
-5.0
3.0,4.0;1.0,3.0::-15.0,0.0
-15.0
1.0,3.0;4.0,0.0::-1500.0,0.0
-1500.0
4.0,0.0;1.0,3.0::500.0,0.0
500.0
1.0,3.0;4.0,1.0::-1250.0,0.0
-1250.0
4.0,1.0;1.0,3.0::1250.0,0.0
1250.0
1.0,3.0;4.0,2.0::-1250.0,0.0
-1250.0
4.0,2.0;1.0,3.0::1250.0,0.0
1250.0
1.0,3.0;4.0,3.0::-1000.0,0.0
-1000.0
4.0,3.0;1.0,3.0::2000.0,0.0
2000.0
1.0,3.0;4.0,4.0::-1005.0,0.0
-1005.0
4.0,4.0;1.0,3.0::1985.0,0.0
1985.0
1.0,4.0;1.0,4.0::-20.0,0.0
-20.0
1.0,4.0;1.0,4.0::-20.0,0.0
-20.0
1.0,4.0;2.0,0.0::-1000.0,0.0
-1000.0
2.0,0.0;1.0,4.0::-4000.0,0.0
-4000.0
1.0,4.0;2.0,1.0::-750.0,0.0
-750.0
2.0,1.0;1.0,4.0::-3250.0,0.0
-3250.0
1.0,4.0;2.0,2.0::-750.0,0.0
-750.0
2.0,2.0;1.0,4.0::-3250.0,0.0
-3250.0
1.0,4.0;2.0,3.0::-500.0,0.0
-500.0
2.0,3.0;1.0,4.0::-2500.0,0.0
-2500.0
1.0,4.0;2.0,4.0::-505.0,0.0
-505.0
2.0,4.0;1.0,4.0::-2515.0,0.0
-2515.0
1.0,4.0;3.0,0.0::-515.0,0.0
-515.0
3.0,0.0;1.0,4.0::-1505.0,0.0
-1505.0
1.0,4.0;3.0,1.0::-265.0,0.0
-265.0
3.0,1.0;1.0,4.0::-755.0,0.0
-755.0
1.0,4.0;3.0,2.0::-265.0,0.0
-265.0
3.0,2.0;1.0,4.0::-755.0,0.0
-755.0
1.0,4.0;3.0,3.0::-15.0,0.0
-15.0
3.0,3.0;1.0,4.0::-5.0,0.0
-5.0
1.0,4.0;3.0,4.0::-20.0,0.0
-20.0
3.0,4.0;1.0,4.0::-20.0,0.0
-20.0
1.0,4.0;4.0,0.0::-507.5,0.0
-507.5
4.0,0.0;1.0,4.0::-1502.5,0.0
-1502.5
1.0,4.0;4.0,1.0::-257.5,0.0
-257.5
4.0,1.0;1.0,4.0::-752.5,0.0
-752.5
1.0,4.0;4.0,2.0::-257.5,0.0
-257.5
4.0,2.0;1.0,4.0::-752.5,0.0
-752.5
1.0,4.0;4.0,3.0::-7.5,0.0
-7.5
4.0,3.0;1.0,4.0::-2.5,0.0
-2.5
1.0,4.0;4.0,4.0::-12.5,0.0
-12.5
4.0,4.0;1.0,4.0::-17.5,0.0
-17.5
2.0,0.0;2.0,0.0::-3000.0,0.0
-3000.0
2.0,0.0;2.0,0.0::-3000.0,0.0
-3000.0
2.0,0.0;2.0,1.0::-750.0,0.0
-750.0
2.0,1.0;2.0,0.0::-3250.0,0.0
-3250.0
2.0,0.0;2.0,2.0::-750.0,0.0
-750.0
2.0,2.0;2.0,0.0::-3250.0,0.0
-3250.0
2.0,0.0;2.0,3.0::1500.0,0.0
1500.0
2.0,3.0;2.0,0.0::-3500.0,0.0
-3500.0
2.0,0.0;2.0,4.0::-3000.0,0.0
-3000.0
2.0,4.0;2.0,0.0::-3000.0,0.0
-3000.0
2.0,0.0;3.0,0.0::-3000.0,0.0
-3000.0
3.0,0.0;2.0,0.0::-3000.0,0.0
-3000.0
2.0,0.0;3.0,1.0::-750.0,0.0
-750.0
3.0,1.0;2.0,0.0::-3250.0,0.0
-3250.0
2.0,0.0;3.0,2.0::-750.0,0.0
-750.0
3.0,2.0;2.0,0.0::-3250.0,0.0
-3250.0
2.0,0.0;3.0,3.0::1500.0,0.0
1500.0
3.0,3.0;2.0,0.0::-3500.0,0.0
-3500.0
2.0,0.0;3.0,4.0::-3000.0,0.0
-3000.0
3.0,4.0;2.0,0.0::-3000.0,0.0
-3000.0
2.0,0.0;4.0,0.0::-2507.5,0.0
-2507.5
4.0,0.0;2.0,0.0::-502.5,0.0
-502.5
2.0,0.0;4.0,1.0::-257.5,0.0
-257.5
4.0,1.0;2.0,0.0::-752.5,0.0
-752.5
2.0,0.0;4.0,2.0::-257.5,0.0
-257.5
4.0,2.0;2.0,0.0::-752.5,0.0
-752.5
2.0,0.0;4.0,3.0::1992.5,0.0
1992.5
4.0,3.0;2.0,0.0::-1002.5,0.0
-1002.5
2.0,0.0;4.0,4.0::-2507.5,0.0
-2507.5
4.0,4.0;2.0,0.0::-502.5,0.0
-502.5
2.0,1.0;2.0,1.0::-1000.0,0.0
-1000.0
2.0,1.0;2.0,1.0::-1000.0,0.0
-1000.0
2.0,1.0;2.0,2.0::-1000.0,0.0
-1000.0
2.0,2.0;2.0,1.0::-1000.0,0.0
-1000.0
2.0,1.0;2.0,3.0::1250.0,0.0
1250.0
2.0,3.0;2.0,1.0::-1250.0,0.0
-1250.0
2.0,1.0;2.0,4.0::-3250.0,0.0
-3250.0
2.0,4.0;2.0,1.0::-750.0,0.0
-750.0
2.0,1.0;3.0,0.0::-2500.0,0.0
-2500.0
3.0,0.0;2.0,1.0::-500.0,0.0
-500.0
2.0,1.0;3.0,1.0::-250.0,0.0
-250.0
3.0,1.0;2.0,1.0::-750.0,0.0
-750.0
2.0,1.0;3.0,2.0::-250.0,0.0
-250.0
3.0,2.0;2.0,1.0::-750.0,0.0
-750.0
2.0,1.0;3.0,3.0::2000.0,0.0
2000.0
3.0,3.0;2.0,1.0::-1000.0,0.0
-1000.0
2.0,1.0;3.0,4.0::-2500.0,0.0
-2500.0
3.0,4.0;2.0,1.0::-500.0,0.0
-500.0
2.0,1.0;4.0,0.0::-2507.5,0.0
-2507.5
4.0,0.0;2.0,1.0::-502.5,0.0
-502.5
2.0,1.0;4.0,1.0::-257.5,0.0
-257.5
4.0,1.0;2.0,1.0::-752.5,0.0
-752.5
2.0,1.0;4.0,2.0::-257.5,0.0
-257.5
4.0,2.0;2.0,1.0::-752.5,0.0
-752.5
2.0,1.0;4.0,3.0::1992.5,0.0
1992.5
4.0,3.0;2.0,1.0::-1002.5,0.0
-1002.5
2.0,1.0;4.0,4.0::-2507.5,0.0
-2507.5
4.0,4.0;2.0,1.0::-502.5,0.0
-502.5
2.0,2.0;2.0,2.0::-1000.0,0.0
-1000.0
2.0,2.0;2.0,2.0::-1000.0,0.0
-1000.0
2.0,2.0;2.0,3.0::1250.0,0.0
1250.0
2.0,3.0;2.0,2.0::-1250.0,0.0
-1250.0
2.0,2.0;2.0,4.0::-3250.0,0.0
-3250.0
2.0,4.0;2.0,2.0::-750.0,0.0
-750.0
2.0,2.0;3.0,0.0::-3000.0,0.0
-3000.0
3.0,0.0;2.0,2.0::-3000.0,0.0
-3000.0
2.0,2.0;3.0,1.0::-750.0,0.0
-750.0
3.0,1.0;2.0,2.0::-3250.0,0.0
-3250.0
2.0,2.0;3.0,2.0::-750.0,0.0
-750.0
3.0,2.0;2.0,2.0::-3250.0,0.0
-3250.0
2.0,2.0;3.0,3.0::1500.0,0.0
1500.0
3.0,3.0;2.0,2.0::-3500.0,0.0
-3500.0
2.0,2.0;3.0,4.0::-3000.0,0.0
-3000.0
3.0,4.0;2.0,2.0::-3000.0,0.0
-3000.0
2.0,2.0;4.0,0.0::-3500.0,0.0
-3500.0
4.0,0.0;2.0,2.0::1500.0,0.0
1500.0
2.0,2.0;4.0,1.0::-1250.0,0.0
-1250.0
4.0,1.0;2.0,2.0::1250.0,0.0
1250.0
2.0,2.0;4.0,2.0::-1250.0,0.0
-1250.0
4.0,2.0;2.0,2.0::1250.0,0.0
1250.0
2.0,2.0;4.0,3.0::1000.0,0.0
1000.0
4.0,3.0;2.0,2.0::1000.0,0.0
1000.0
2.0,2.0;4.0,4.0::-3500.0,0.0
-3500.0
4.0,4.0;2.0,2.0::1500.0,0.0
1500.0
2.0,3.0;2.0,3.0::1000.0,0.0
1000.0
2.0,3.0;2.0,3.0::1000.0,0.0
1000.0
2.0,3.0;2.0,4.0::-3500.0,0.0
-3500.0
2.0,4.0;2.0,3.0::1500.0,0.0
1500.0
2.0,3.0;3.0,0.0::-2500.0,0.0
-2500.0
3.0,0.0;2.0,3.0::-500.0,0.0
-500.0
2.0,3.0;3.0,1.0::-250.0,0.0
-250.0
3.0,1.0;2.0,3.0::-750.0,0.0
-750.0
2.0,3.0;3.0,2.0::-250.0,0.0
-250.0
3.0,2.0;2.0,3.0::-750.0,0.0
-750.0
2.0,3.0;3.0,3.0::2000.0,0.0
2000.0
3.0,3.0;2.0,3.0::-1000.0,0.0
-1000.0
2.0,3.0;3.0,4.0::-2500.0,0.0
-2500.0
3.0,4.0;2.0,3.0::-500.0,0.0
-500.0
2.0,3.0;4.0,0.0::-3500.0,0.0
-3500.0
4.0,0.0;2.0,3.0::1500.0,0.0
1500.0
2.0,3.0;4.0,1.0::-1250.0,0.0
-1250.0
4.0,1.0;2.0,3.0::1250.0,0.0
1250.0
2.0,3.0;4.0,2.0::-1250.0,0.0
-1250.0
4.0,2.0;2.0,3.0::1250.0,0.0
1250.0
2.0,3.0;4.0,3.0::1000.0,0.0
1000.0
4.0,3.0;2.0,3.0::1000.0,0.0
1000.0
2.0,3.0;4.0,4.0::-3500.0,0.0
-3500.0
4.0,4.0;2.0,3.0::1500.0,0.0
1500.0
2.0,4.0;2.0,4.0::-3000.0,0.0
-3000.0
2.0,4.0;2.0,4.0::-3000.0,0.0
-3000.0
2.0,4.0;3.0,0.0::-2515.0,0.0
-2515.0
3.0,0.0;2.0,4.0::-505.0,0.0
-505.0
2.0,4.0;3.0,1.0::-265.0,0.0
-265.0
3.0,1.0;2.0,4.0::-755.0,0.0
-755.0
2.0,4.0;3.0,2.0::-265.0,0.0
-265.0
3.0,2.0;2.0,4.0::-755.0,0.0
-755.0
2.0,4.0;3.0,3.0::1985.0,0.0
1985.0
3.0,3.0;2.0,4.0::-1005.0,0.0
-1005.0
2.0,4.0;3.0,4.0::-2515.0,0.0
-2515.0
3.0,4.0;2.0,4.0::-505.0,0.0
-505.0
2.0,4.0;4.0,0.0::-2507.5,0.0
-2507.5
4.0,0.0;2.0,4.0::-502.5,0.0
-502.5
2.0,4.0;4.0,1.0::-257.5,0.0
-257.5
4.0,1.0;2.0,4.0::-752.5,0.0
-752.5
2.0,4.0;4.0,2.0::-257.5,0.0
-257.5
4.0,2.0;2.0,4.0::-752.5,0.0
-752.5
2.0,4.0;4.0,3.0::1992.5,0.0
1992.5
4.0,3.0;2.0,4.0::-1002.5,0.0
-1002.5
2.0,4.0;4.0,4.0::-2507.5,0.0
-2507.5
4.0,4.0;2.0,4.0::-502.5,0.0
-502.5
3.0,0.0;3.0,0.0::-3000.0,0.0
-3000.0
3.0,0.0;3.0,0.0::-3000.0,0.0
-3000.0
3.0,0.0;3.0,1.0::-500.0,0.0
-500.0
3.0,1.0;3.0,0.0::-2500.0,0.0
-2500.0
3.0,0.0;3.0,2.0::-3000.0,0.0
-3000.0
3.0,2.0;3.0,0.0::-3000.0,0.0
-3000.0
3.0,0.0;3.0,3.0::-500.0,0.0
-500.0
3.0,3.0;3.0,0.0::-2500.0,0.0
-2500.0
3.0,0.0;3.0,4.0::-505.0,0.0
-505.0
3.0,4.0;3.0,0.0::-2515.0,0.0
-2515.0
3.0,0.0;4.0,0.0::-2507.5,0.0
-2507.5
4.0,0.0;3.0,0.0::-502.5,0.0
-502.5
3.0,0.0;4.0,1.0::-7.5,0.0
-7.5
4.0,1.0;3.0,0.0::-2.5,0.0
-2.5
3.0,0.0;4.0,2.0::-2507.5,0.0
-2507.5
4.0,2.0;3.0,0.0::-502.5,0.0
-502.5
3.0,0.0;4.0,3.0::-7.5,0.0
-7.5
4.0,3.0;3.0,0.0::-2.5,0.0
-2.5
3.0,0.0;4.0,4.0::-12.5,0.0
-12.5
4.0,4.0;3.0,0.0::-17.5,0.0
-17.5
3.0,1.0;3.0,1.0::0.0,0.0
0.0
3.0,1.0;3.0,1.0::0.0,0.0
0.0
3.0,1.0;3.0,2.0::-2500.0,0.0
-2500.0
3.0,2.0;3.0,1.0::-500.0,0.0
-500.0
3.0,1.0;3.0,3.0::0.0,0.0
0.0
3.0,3.0;3.0,1.0::0.0,0.0
0.0
3.0,1.0;3.0,4.0::-5.0,0.0
-5.0
3.0,4.0;3.0,1.0::-15.0,0.0
-15.0
3.0,1.0;4.0,0.0::-2507.5,0.0
-2507.5
4.0,0.0;3.0,1.0::-502.5,0.0
-502.5
3.0,1.0;4.0,1.0::-7.5,0.0
-7.5
4.0,1.0;3.0,1.0::-2.5,0.0
-2.5
3.0,1.0;4.0,2.0::-2507.5,0.0
-2507.5
4.0,2.0;3.0,1.0::-502.5,0.0
-502.5
3.0,1.0;4.0,3.0::-7.5,0.0
-7.5
4.0,3.0;3.0,1.0::-2.5,0.0
-2.5
3.0,1.0;4.0,4.0::-12.5,0.0
-12.5
4.0,4.0;3.0,1.0::-17.5,0.0
-17.5
3.0,2.0;3.0,2.0::-3000.0,0.0
-3000.0
3.0,2.0;3.0,2.0::-3000.0,0.0
-3000.0
3.0,2.0;3.0,3.0::-500.0,0.0
-500.0
3.0,3.0;3.0,2.0::-2500.0,0.0
-2500.0
3.0,2.0;3.0,4.0::-505.0,0.0
-505.0
3.0,4.0;3.0,2.0::-2515.0,0.0
-2515.0
3.0,2.0;4.0,0.0::-3500.0,0.0
-3500.0
4.0,0.0;3.0,2.0::1500.0,0.0
1500.0
3.0,2.0;4.0,1.0::-1000.0,0.0
-1000.0
4.0,1.0;3.0,2.0::2000.0,0.0
2000.0
3.0,2.0;4.0,2.0::-3500.0,0.0
-3500.0
4.0,2.0;3.0,2.0::1500.0,0.0
1500.0
3.0,2.0;4.0,3.0::-1000.0,0.0
-1000.0
4.0,3.0;3.0,2.0::2000.0,0.0
2000.0
3.0,2.0;4.0,4.0::-1005.0,0.0
-1005.0
4.0,4.0;3.0,2.0::1985.0,0.0
1985.0
3.0,3.0;3.0,3.0::0.0,0.0
0.0
3.0,3.0;3.0,3.0::0.0,0.0
0.0
3.0,3.0;3.0,4.0::-5.0,0.0
-5.0
3.0,4.0;3.0,3.0::-15.0,0.0
-15.0
3.0,3.0;4.0,0.0::-3500.0,0.0
-3500.0
4.0,0.0;3.0,3.0::1500.0,0.0
1500.0
3.0,3.0;4.0,1.0::-1000.0,0.0
-1000.0
4.0,1.0;3.0,3.0::2000.0,0.0
2000.0
3.0,3.0;4.0,2.0::-3500.0,0.0
-3500.0
4.0,2.0;3.0,3.0::1500.0,0.0
1500.0
3.0,3.0;4.0,3.0::-1000.0,0.0
-1000.0
4.0,3.0;3.0,3.0::2000.0,0.0
2000.0
3.0,3.0;4.0,4.0::-1005.0,0.0
-1005.0
4.0,4.0;3.0,3.0::1985.0,0.0
1985.0
3.0,4.0;3.0,4.0::-20.0,0.0
-20.0
3.0,4.0;3.0,4.0::-20.0,0.0
-20.0
3.0,4.0;4.0,0.0::-2507.5,0.0
-2507.5
4.0,0.0;3.0,4.0::-502.5,0.0
-502.5
3.0,4.0;4.0,1.0::-7.5,0.0
-7.5
4.0,1.0;3.0,4.0::-2.5,0.0
-2.5
3.0,4.0;4.0,2.0::-2507.5,0.0
-2507.5
4.0,2.0;3.0,4.0::-502.5,0.0
-502.5
3.0,4.0;4.0,3.0::-7.5,0.0
-7.5
4.0,3.0;3.0,4.0::-2.5,0.0
-2.5
3.0,4.0;4.0,4.0::-12.5,0.0
-12.5
4.0,4.0;3.0,4.0::-17.5,0.0
-17.5
4.0,0.0;4.0,0.0::-10.0,0.0
-10.0
4.0,0.0;4.0,0.0::-10.0,0.0
-10.0
4.0,0.0;4.0,1.0::-10.0,0.0
-10.0
4.0,1.0;4.0,0.0::-10.0,0.0
-10.0
4.0,0.0;4.0,2.0::1992.5,0.0
1992.5
4.0,2.0;4.0,0.0::-1002.5,0.0
-1002.5
4.0,0.0;4.0,3.0::1992.5,0.0
1992.5
4.0,3.0;4.0,0.0::-1002.5,0.0
-1002.5
4.0,0.0;4.0,4.0::-10.0,0.0
-10.0
4.0,4.0;4.0,0.0::-10.0,0.0
-10.0
4.0,1.0;4.0,1.0::-10.0,0.0
-10.0
4.0,1.0;4.0,1.0::-10.0,0.0
-10.0
4.0,1.0;4.0,2.0::1992.5,0.0
1992.5
4.0,2.0;4.0,1.0::-1002.5,0.0
-1002.5
4.0,1.0;4.0,3.0::1992.5,0.0
1992.5
4.0,3.0;4.0,1.0::-1002.5,0.0
-1002.5
4.0,1.0;4.0,4.0::-10.0,0.0
-10.0
4.0,4.0;4.0,1.0::-10.0,0.0
-10.0
4.0,2.0;4.0,2.0::1000.0,0.0
1000.0
4.0,2.0;4.0,2.0::1000.0,0.0
1000.0
4.0,2.0;4.0,3.0::1000.0,0.0
1000.0
4.0,3.0;4.0,2.0::1000.0,0.0
1000.0
4.0,2.0;4.0,4.0::-1002.5,0.0
-1002.5
4.0,4.0;4.0,2.0::1992.5,0.0
1992.5
4.0,3.0;4.0,3.0::1000.0,0.0
1000.0
4.0,3.0;4.0,3.0::1000.0,0.0
1000.0
4.0,3.0;4.0,4.0::-1002.5,0.0
-1002.5
4.0,4.0;4.0,3.0::1992.5,0.0
1992.5
4.0,4.0;4.0,4.0::-10.0,0.0
-10.0
4.0,4.0;4.0,4.0::-10.0,0.0
-10.0
