2.0,4.0;2.0,4.0::-3000.0,0.0
-3000.0
2.0,4.0;2.0,4.0::-3000.0,0.0
-3000.0
2.0,4.0;3.0,0.0::-2503.0,0.0
-2503.0
3.0,0.0;2.0,4.0::-503.0,0.0
-503.0
2.0,4.0;3.0,1.0::-753.0,0.0
-753.0
3.0,1.0;2.0,4.0::-753.0,0.0
-753.0
2.0,4.0;3.0,2.0::-753.0,0.0
-753.0
3.0,2.0;2.0,4.0::-753.0,0.0
-753.0
2.0,4.0;3.0,3.0::997.0,0.0
997.0
3.0,3.0;2.0,4.0::-1003.0,0.0
-1003.0
2.0,4.0;3.0,4.0::-2503.0,0.0
-2503.0
3.0,4.0;2.0,4.0::-503.0,0.0
-503.0
2.0,4.0;4.0,0.0::-3501.0,0.0
-3501.0
4.0,0.0;2.0,4.0::495.0,0.0
495.0
2.0,4.0;4.0,1.0::-1751.0,0.0
-1751.0
4.0,1.0;2.0,4.0::245.0,0.0
245.0
2.0,4.0;4.0,2.0::-1751.0,0.0
-1751.0
4.0,2.0;2.0,4.0::245.0,0.0
245.0
2.0,4.0;4.0,3.0::-1.0,0.0
-1.0
4.0,3.0;2.0,4.0::-5.0,0.0
-5.0
2.0,4.0;4.0,4.0::-3501.0,0.0
-3501.0
4.0,4.0;2.0,4.0::495.0,0.0
495.0
