0.0,4.0;0.0,4.0::-6.0,0.0
-6.0
0.0,4.0;0.0,4.0::-6.0,0.0
-6.0
0.0,4.0;1.0,0.0::-1503.0,0.0
-1503.0
1.0,0.0;0.0,4.0::-1503.0,0.0
-1503.0
0.0,4.0;1.0,1.0::-1503.0,0.0
-1503.0
1.0,1.0;0.0,4.0::-1503.0,0.0
-1503.0
0.0,4.0;1.0,2.0::997.0,0.0
997.0
1.0,2.0;0.0,4.0::-1003.0,0.0
-1003.0
0.0,4.0;1.0,3.0::997.0,0.0
997.0
1.0,3.0;0.0,4.0::-1003.0,0.0
-1003.0
0.0,4.0;1.0,4.0::992.0,0.0
992.0
1.0,4.0;0.0,4.0::-1004.0,0.0
-1004.0
0.0,4.0;2.0,0.0::-2000.0,0.0
-2000.0
2.0,0.0;0.0,4.0::-4000.0,0.0
-4000.0
0.0,4.0;2.0,1.0::-2000.0,0.0
-2000.0
2.0,1.0;0.0,4.0::-4000.0,0.0
-4000.0
0.0,4.0;2.0,2.0::500.0,0.0
500.0
2.0,2.0;0.0,4.0::-3500.0,0.0
-3500.0
0.0,4.0;2.0,3.0::500.0,0.0
500.0
2.0,3.0;0.0,4.0::-3500.0,0.0
-3500.0
0.0,4.0;2.0,4.0::495.0,0.0
495.0
2.0,4.0;0.0,4.0::-3501.0,0.0
-3501.0
0.0,4.0;3.0,0.0::-1503.0,0.0
-1503.0
3.0,0.0;0.0,4.0::-1503.0,0.0
-1503.0
0.0,4.0;3.0,1.0::-1503.0,0.0
-1503.0
3.0,1.0;0.0,4.0::-1503.0,0.0
-1503.0
0.0,4.0;3.0,2.0::997.0,0.0
997.0
3.0,2.0;0.0,4.0::-1003.0,0.0
-1003.0
0.0,4.0;3.0,3.0::997.0,0.0
997.0
3.0,3.0;0.0,4.0::-1003.0,0.0
-1003.0
0.0,4.0;3.0,4.0::992.0,0.0
992.0
3.0,4.0;0.0,4.0::-1004.0,0.0
-1004.0
0.0,4.0;4.0,0.0::-2501.0,0.0
-2501.0
4.0,0.0;0.0,4.0::-505.0,0.0
-505.0
0.0,4.0;4.0,1.0::-2501.0,0.0
-2501.0
4.0,1.0;0.0,4.0::-505.0,0.0
-505.0
0.0,4.0;4.0,2.0::-1.0,0.0
-1.0
4.0,2.0;0.0,4.0::-5.0,0.0
-5.0
0.0,4.0;4.0,3.0::-1.0,0.0
-1.0
4.0,3.0;0.0,4.0::-5.0,0.0
-5.0
0.0,4.0;4.0,4.0::-6.0,0.0
-6.0
4.0,4.0;0.0,4.0::-6.0,0.0
-6.0
