1.0,4.0;1.0,4.0::-6.0,0.0
-6.0
1.0,4.0;1.0,4.0::-6.0,0.0
-6.0
1.0,4.0;2.0,0.0::-2000.0,0.0
-2000.0
2.0,0.0;1.0,4.0::-4000.0,0.0
-4000.0
1.0,4.0;2.0,1.0::-1250.0,0.0
-1250.0
2.0,1.0;1.0,4.0::-3250.0,0.0
-3250.0
1.0,4.0;2.0,2.0::-1250.0,0.0
-1250.0
2.0,2.0;1.0,4.0::-3250.0,0.0
-3250.0
1.0,4.0;2.0,3.0::-500.0,0.0
-500.0
2.0,3.0;1.0,4.0::-2500.0,0.0
-2500.0
1.0,4.0;2.0,4.0::-503.0,0.0
-503.0
2.0,4.0;1.0,4.0::-2503.0,0.0
-2503.0
1.0,4.0;3.0,0.0::-1503.0,0.0
-1503.0
3.0,0.0;1.0,4.0::-1503.0,0.0
-1503.0
1.0,4.0;3.0,1.0::-753.0,0.0
-753.0
3.0,1.0;1.0,4.0::-753.0,0.0
-753.0
1.0,4.0;3.0,2.0::-753.0,0.0
-753.0
3.0,2.0;1.0,4.0::-753.0,0.0
-753.0
1.0,4.0;3.0,3.0::-3.0,0.0
-3.0
3.0,3.0;1.0,4.0::-3.0,0.0
-3.0
1.0,4.0;3.0,4.0::-6.0,0.0
-6.0
3.0,4.0;1.0,4.0::-6.0,0.0
-6.0
1.0,4.0;4.0,0.0::-2501.0,0.0
-2501.0
4.0,0.0;1.0,4.0::-505.0,0.0
-505.0
1.0,4.0;4.0,1.0::-1751.0,0.0
-1751.0
4.0,1.0;1.0,4.0::245.0,0.0
245.0
1.0,4.0;4.0,2.0::-1751.0,0.0
-1751.0
4.0,2.0;1.0,4.0::245.0,0.0
245.0
1.0,4.0;4.0,3.0::-1001.0,0.0
-1001.0
4.0,3.0;1.0,4.0::995.0,0.0
995.0
1.0,4.0;4.0,4.0::-1004.0,0.0
-1004.0
4.0,4.0;1.0,4.0::992.0,0.0
992.0
