0.0,0.0;0.0,0.0::-3000.0,0.0
-3000.0
0.0,0.0;0.0,0.0::-3000.0,0.0
-3000.0
0.0,0.0;0.0,1.0::-3000.0,0.0
-3000.0
0.0,1.0;0.0,0.0::-3000.0,0.0
-3000.0
0.0,0.0;0.0,2.0::-500.0,0.0
-500.0
0.0,2.0;0.0,0.0::-2500.0,0.0
-2500.0
0.0,0.0;0.0,3.0::-500.0,0.0
-500.0
0.0,3.0;0.0,0.0::-2500.0,0.0
-2500.0
0.0,0.0;0.0,4.0::-505.0,0.0
-505.0
0.0,4.0;0.0,0.0::-2501.0,0.0
-2501.0
0.0,0.0;1.0,0.0::-3000.0,0.0
-3000.0
1.0,0.0;0.0,0.0::-3000.0,0.0
-3000.0
0.0,0.0;1.0,1.0::-3000.0,0.0
-3000.0
1.0,1.0;0.0,0.0::-3000.0,0.0
-3000.0
0.0,0.0;1.0,2.0::-500.0,0.0
-500.0
1.0,2.0;0.0,0.0::-2500.0,0.0
-2500.0
0.0,0.0;1.0,3.0::-500.0,0.0
-500.0
1.0,3.0;0.0,0.0::-2500.0,0.0
-2500.0
0.0,0.0;1.0,4.0::-505.0,0.0
-505.0
1.0,4.0;0.0,0.0::-2501.0,0.0
-2501.0
0.0,0.0;2.0,0.0::-2000.0,0.0
-2000.0
2.0,0.0;0.0,0.0::-4000.0,0.0
-4000.0
0.0,0.0;2.0,1.0::-2000.0,0.0
-2000.0
2.0,1.0;0.0,0.0::-4000.0,0.0
-4000.0
0.0,0.0;2.0,2.0::500.0,0.0
500.0
2.0,2.0;0.0,0.0::-3500.0,0.0
-3500.0
0.0,0.0;2.0,3.0::500.0,0.0
500.0
2.0,3.0;0.0,0.0::-3500.0,0.0
-3500.0
0.0,0.0;2.0,4.0::495.0,0.0
495.0
2.0,4.0;0.0,0.0::-3501.0,0.0
-3501.0
0.0,0.0;3.0,0.0::-2000.0,0.0
-2000.0
3.0,0.0;0.0,0.0::-4000.0,0.0
-4000.0
0.0,0.0;3.0,1.0::-2000.0,0.0
-2000.0
3.0,1.0;0.0,0.0::-4000.0,0.0
-4000.0
0.0,0.0;3.0,2.0::500.0,0.0
500.0
3.0,2.0;0.0,0.0::-3500.0,0.0
-3500.0
0.0,0.0;3.0,3.0::500.0,0.0
500.0
3.0,3.0;0.0,0.0::-3500.0,0.0
-3500.0
0.0,0.0;3.0,4.0::495.0,0.0
495.0
3.0,4.0;0.0,0.0::-3501.0,0.0
-3501.0
0.0,0.0;4.0,0.0::-1515.0,0.0
-1515.0
4.0,0.0;0.0,0.0::-1515.0,0.0
-1515.0
0.0,0.0;4.0,1.0::-1515.0,0.0
-1515.0
4.0,1.0;0.0,0.0::-1515.0,0.0
-1515.0
0.0,0.0;4.0,2.0::985.0,0.0
985.0
4.0,2.0;0.0,0.0::-1015.0,0.0
-1015.0
0.0,0.0;4.0,3.0::985.0,0.0
985.0
4.0,3.0;0.0,0.0::-1015.0,0.0
-1015.0
0.0,0.0;4.0,4.0::980.0,0.0
980.0
4.0,4.0;0.0,0.0::-1016.0,0.0
-1016.0
0.0,1.0;0.0,1.0::-3000.0,0.0
-3000.0
0.0,1.0;0.0,1.0::-3000.0,0.0
-3000.0
0.0,1.0;0.0,2.0::-500.0,0.0
-500.0
0.0,2.0;0.0,1.0::-2500.0,0.0
-2500.0
0.0,1.0;0.0,3.0::-500.0,0.0
-500.0
0.0,3.0;0.0,1.0::-2500.0,0.0
-2500.0
0.0,1.0;0.0,4.0::-505.0,0.0
-505.0
0.0,4.0;0.0,1.0::-2501.0,0.0
-2501.0
0.0,1.0;1.0,0.0::-2250.0,0.0
-2250.0
1.0,0.0;0.0,1.0::-2250.0,0.0
-2250.0
0.0,1.0;1.0,1.0::-2250.0,0.0
-2250.0
1.0,1.0;0.0,1.0::-2250.0,0.0
-2250.0
0.0,1.0;1.0,2.0::250.0,0.0
250.0
1.0,2.0;0.0,1.0::-1750.0,0.0
-1750.0
0.0,1.0;1.0,3.0::250.0,0.0
250.0
1.0,3.0;0.0,1.0::-1750.0,0.0
-1750.0
0.0,1.0;1.0,4.0::245.0,0.0
245.0
1.0,4.0;0.0,1.0::-1751.0,0.0
-1751.0
0.0,1.0;2.0,0.0::-2250.0,0.0
-2250.0
2.0,0.0;0.0,1.0::-2250.0,0.0
-2250.0
0.0,1.0;2.0,1.0::-2250.0,0.0
-2250.0
2.0,1.0;0.0,1.0::-2250.0,0.0
-2250.0
0.0,1.0;2.0,2.0::250.0,0.0
250.0
2.0,2.0;0.0,1.0::-1750.0,0.0
-1750.0
0.0,1.0;2.0,3.0::250.0,0.0
250.0
2.0,3.0;0.0,1.0::-1750.0,0.0
-1750.0
0.0,1.0;2.0,4.0::245.0,0.0
245.0
2.0,4.0;0.0,1.0::-1751.0,0.0
-1751.0
0.0,1.0;3.0,0.0::-1500.0,0.0
-1500.0
3.0,0.0;0.0,1.0::-1500.0,0.0
-1500.0
0.0,1.0;3.0,1.0::-1500.0,0.0
-1500.0
3.0,1.0;0.0,1.0::-1500.0,0.0
-1500.0
0.0,1.0;3.0,2.0::1000.0,0.0
1000.0
3.0,2.0;0.0,1.0::-1000.0,0.0
-1000.0
0.0,1.0;3.0,3.0::1000.0,0.0
1000.0
3.0,3.0;0.0,1.0::-1000.0,0.0
-1000.0
0.0,1.0;3.0,4.0::995.0,0.0
995.0
3.0,4.0;0.0,1.0::-1001.0,0.0
-1001.0
0.0,1.0;4.0,0.0::-1515.0,0.0
-1515.0
4.0,0.0;0.0,1.0::-1515.0,0.0
-1515.0
0.0,1.0;4.0,1.0::-1515.0,0.0
-1515.0
4.0,1.0;0.0,1.0::-1515.0,0.0
-1515.0
0.0,1.0;4.0,2.0::985.0,0.0
985.0
4.0,2.0;0.0,1.0::-1015.0,0.0
-1015.0
0.0,1.0;4.0,3.0::985.0,0.0
985.0
4.0,3.0;0.0,1.0::-1015.0,0.0
-1015.0
0.0,1.0;4.0,4.0::980.0,0.0
980.0
4.0,4.0;0.0,1.0::-1016.0,0.0
-1016.0
0.0,2.0;0.0,2.0::0.0,0.0
0.0
0.0,2.0;0.0,2.0::0.0,0.0
0.0
0.0,2.0;0.0,3.0::0.0,0.0
0.0
0.0,3.0;0.0,2.0::0.0,0.0
0.0
0.0,2.0;0.0,4.0::-5.0,0.0
-5.0
0.0,4.0;0.0,2.0::-1.0,0.0
-1.0
0.0,2.0;1.0,0.0::-2250.0,0.0
-2250.0
1.0,0.0;0.0,2.0::-2250.0,0.0
-2250.0
0.0,2.0;1.0,1.0::-2250.0,0.0
-2250.0
1.0,1.0;0.0,2.0::-2250.0,0.0
-2250.0
0.0,2.0;1.0,2.0::250.0,0.0
250.0
1.0,2.0;0.0,2.0::-1750.0,0.0
-1750.0
0.0,2.0;1.0,3.0::250.0,0.0
250.0
1.0,3.0;0.0,2.0::-1750.0,0.0
-1750.0
0.0,2.0;1.0,4.0::245.0,0.0
245.0
1.0,4.0;0.0,2.0::-1751.0,0.0
-1751.0
0.0,2.0;2.0,0.0::-2250.0,0.0
-2250.0
2.0,0.0;0.0,2.0::-2250.0,0.0
-2250.0
0.0,2.0;2.0,1.0::-2250.0,0.0
-2250.0
2.0,1.0;0.0,2.0::-2250.0,0.0
-2250.0
0.0,2.0;2.0,2.0::250.0,0.0
250.0
2.0,2.0;0.0,2.0::-1750.0,0.0
-1750.0
0.0,2.0;2.0,3.0::250.0,0.0
250.0
2.0,3.0;0.0,2.0::-1750.0,0.0
-1750.0
0.0,2.0;2.0,4.0::245.0,0.0
245.0
2.0,4.0;0.0,2.0::-1751.0,0.0
-1751.0
0.0,2.0;3.0,0.0::-2000.0,0.0
-2000.0
3.0,0.0;0.0,2.0::-4000.0,0.0
-4000.0
0.0,2.0;3.0,1.0::-2000.0,0.0
-2000.0
3.0,1.0;0.0,2.0::-4000.0,0.0
-4000.0
0.0,2.0;3.0,2.0::500.0,0.0
500.0
3.0,2.0;0.0,2.0::-3500.0,0.0
-3500.0
0.0,2.0;3.0,3.0::500.0,0.0
500.0
3.0,3.0;0.0,2.0::-3500.0,0.0
-3500.0
0.0,2.0;3.0,4.0::495.0,0.0
495.0
3.0,4.0;0.0,2.0::-3501.0,0.0
-3501.0
0.0,2.0;4.0,0.0::-2500.0,0.0
-2500.0
4.0,0.0;0.0,2.0::-500.0,0.0
-500.0
0.0,2.0;4.0,1.0::-2500.0,0.0
-2500.0
4.0,1.0;0.0,2.0::-500.0,0.0
-500.0
0.0,2.0;4.0,2.0::0.0,0.0
0.0
4.0,2.0;0.0,2.0::0.0,0.0
0.0
0.0,2.0;4.0,3.0::0.0,0.0
0.0
4.0,3.0;0.0,2.0::0.0,0.0
0.0
0.0,2.0;4.0,4.0::-5.0,0.0
-5.0
4.0,4.0;0.0,2.0::-1.0,0.0
-1.0
0.0,3.0;0.0,3.0::0.0,0.0
0.0
0.0,3.0;0.0,3.0::0.0,0.0
0.0
0.0,3.0;0.0,4.0::-5.0,0.0
-5.0
0.0,4.0;0.0,3.0::-1.0,0.0
-1.0
0.0,3.0;1.0,0.0::-1500.0,0.0
-1500.0
1.0,0.0;0.0,3.0::-1500.0,0.0
-1500.0
0.0,3.0;1.0,1.0::-1500.0,0.0
-1500.0
1.0,1.0;0.0,3.0::-1500.0,0.0
-1500.0
0.0,3.0;1.0,2.0::1000.0,0.0
1000.0
1.0,2.0;0.0,3.0::-1000.0,0.0
-1000.0
0.0,3.0;1.0,3.0::1000.0,0.0
1000.0
1.0,3.0;0.0,3.0::-1000.0,0.0
-1000.0
0.0,3.0;1.0,4.0::995.0,0.0
995.0
1.0,4.0;0.0,3.0::-1001.0,0.0
-1001.0
0.0,3.0;2.0,0.0::-2500.0,0.0
-2500.0
2.0,0.0;0.0,3.0::-500.0,0.0
-500.0
0.0,3.0;2.0,1.0::-2500.0,0.0
-2500.0
2.0,1.0;0.0,3.0::-500.0,0.0
-500.0
0.0,3.0;2.0,2.0::0.0,0.0
0.0
2.0,2.0;0.0,3.0::0.0,0.0
0.0
0.0,3.0;2.0,3.0::0.0,0.0
0.0
2.0,3.0;0.0,3.0::0.0,0.0
0.0
0.0,3.0;2.0,4.0::-5.0,0.0
-5.0
2.0,4.0;0.0,3.0::-1.0,0.0
-1.0
0.0,3.0;3.0,0.0::-1500.0,0.0
-1500.0
3.0,0.0;0.0,3.0::-1500.0,0.0
-1500.0
0.0,3.0;3.0,1.0::-1500.0,0.0
-1500.0
3.0,1.0;0.0,3.0::-1500.0,0.0
-1500.0
0.0,3.0;3.0,2.0::1000.0,0.0
1000.0
3.0,2.0;0.0,3.0::-1000.0,0.0
-1000.0
0.0,3.0;3.0,3.0::1000.0,0.0
1000.0
3.0,3.0;0.0,3.0::-1000.0,0.0
-1000.0
0.0,3.0;3.0,4.0::995.0,0.0
995.0
3.0,4.0;0.0,3.0::-1001.0,0.0
-1001.0
0.0,3.0;4.0,0.0::-2500.0,0.0
-2500.0
4.0,0.0;0.0,3.0::-500.0,0.0
-500.0
0.0,3.0;4.0,1.0::-2500.0,0.0
-2500.0
4.0,1.0;0.0,3.0::-500.0,0.0
-500.0
0.0,3.0;4.0,2.0::0.0,0.0
0.0
4.0,2.0;0.0,3.0::0.0,0.0
0.0
0.0,3.0;4.0,3.0::0.0,0.0
0.0
4.0,3.0;0.0,3.0::0.0,0.0
0.0
0.0,3.0;4.0,4.0::-5.0,0.0
-5.0
4.0,4.0;0.0,3.0::-1.0,0.0
-1.0
0.0,4.0;0.0,4.0::-6.0,0.0
-6.0
0.0,4.0;0.0,4.0::-6.0,0.0
-6.0
0.0,4.0;1.0,0.0::-1503.0,0.0
-1503.0
1.0,0.0;0.0,4.0::-1503.0,0.0
-1503.0
0.0,4.0;1.0,1.0::-1503.0,0.0
-1503.0
1.0,1.0;0.0,4.0::-1503.0,0.0
-1503.0
0.0,4.0;1.0,2.0::997.0,0.0
997.0
1.0,2.0;0.0,4.0::-1003.0,0.0
-1003.0
0.0,4.0;1.0,3.0::997.0,0.0
997.0
1.0,3.0;0.0,4.0::-1003.0,0.0
-1003.0
0.0,4.0;1.0,4.0::992.0,0.0
992.0
1.0,4.0;0.0,4.0::-1004.0,0.0
-1004.0
0.0,4.0;2.0,0.0::-2000.0,0.0
-2000.0
2.0,0.0;0.0,4.0::-4000.0,0.0
-4000.0
0.0,4.0;2.0,1.0::-2000.0,0.0
-2000.0
2.0,1.0;0.0,4.0::-4000.0,0.0
-4000.0
0.0,4.0;2.0,2.0::500.0,0.0
500.0
2.0,2.0;0.0,4.0::-3500.0,0.0
-3500.0
0.0,4.0;2.0,3.0::500.0,0.0
500.0
2.0,3.0;0.0,4.0::-3500.0,0.0
-3500.0
0.0,4.0;2.0,4.0::495.0,0.0
495.0
2.0,4.0;0.0,4.0::-3501.0,0.0
-3501.0
0.0,4.0;3.0,0.0::-1503.0,0.0
-1503.0
3.0,0.0;0.0,4.0::-1503.0,0.0
-1503.0
0.0,4.0;3.0,1.0::-1503.0,0.0
-1503.0
3.0,1.0;0.0,4.0::-1503.0,0.0
-1503.0
0.0,4.0;3.0,2.0::997.0,0.0
997.0
3.0,2.0;0.0,4.0::-1003.0,0.0
-1003.0
0.0,4.0;3.0,3.0::997.0,0.0
997.0
3.0,3.0;0.0,4.0::-1003.0,0.0
-1003.0
0.0,4.0;3.0,4.0::992.0,0.0
992.0
3.0,4.0;0.0,4.0::-1004.0,0.0
-1004.0
0.0,4.0;4.0,0.0::-2501.0,0.0
-2501.0
4.0,0.0;0.0,4.0::-505.0,0.0
-505.0
0.0,4.0;4.0,1.0::-2501.0,0.0
-2501.0
4.0,1.0;0.0,4.0::-505.0,0.0
-505.0
0.0,4.0;4.0,2.0::-1.0,0.0
-1.0
4.0,2.0;0.0,4.0::-5.0,0.0
-5.0
0.0,4.0;4.0,3.0::-1.0,0.0
-1.0
4.0,3.0;0.0,4.0::-5.0,0.0
-5.0
0.0,4.0;4.0,4.0::-6.0,0.0
-6.0
4.0,4.0;0.0,4.0::-6.0,0.0
-6.0
1.0,0.0;1.0,0.0::-3000.0,0.0
-3000.0
1.0,0.0;1.0,0.0::-3000.0,0.0
-3000.0
1.0,0.0;1.0,1.0::-2250.0,0.0
-2250.0
1.0,1.0;1.0,0.0::-2250.0,0.0
-2250.0
1.0,0.0;1.0,2.0::-2250.0,0.0
-2250.0
1.0,2.0;1.0,0.0::-2250.0,0.0
-2250.0
1.0,0.0;1.0,3.0::-1500.0,0.0
-1500.0
1.0,3.0;1.0,0.0::-1500.0,0.0
-1500.0
1.0,0.0;1.0,4.0::-1503.0,0.0
-1503.0
1.0,4.0;1.0,0.0::-1503.0,0.0
-1503.0
1.0,0.0;2.0,0.0::-2000.0,0.0
-2000.0
2.0,0.0;1.0,0.0::-4000.0,0.0
-4000.0
1.0,0.0;2.0,1.0::-1250.0,0.0
-1250.0
2.0,1.0;1.0,0.0::-3250.0,0.0
-3250.0
1.0,0.0;2.0,2.0::-1250.0,0.0
-1250.0
2.0,2.0;1.0,0.0::-3250.0,0.0
-3250.0
1.0,0.0;2.0,3.0::-500.0,0.0
-500.0
2.0,3.0;1.0,0.0::-2500.0,0.0
-2500.0
1.0,0.0;2.0,4.0::-503.0,0.0
-503.0
2.0,4.0;1.0,0.0::-2503.0,0.0
-2503.0
1.0,0.0;3.0,0.0::-2000.0,0.0
-2000.0
3.0,0.0;1.0,0.0::-4000.0,0.0
-4000.0
1.0,0.0;3.0,1.0::-1250.0,0.0
-1250.0
3.0,1.0;1.0,0.0::-3250.0,0.0
-3250.0
1.0,0.0;3.0,2.0::-1250.0,0.0
-1250.0
3.0,2.0;1.0,0.0::-3250.0,0.0
-3250.0
1.0,0.0;3.0,3.0::-500.0,0.0
-500.0
3.0,3.0;1.0,0.0::-2500.0,0.0
-2500.0
1.0,0.0;3.0,4.0::-503.0,0.0
-503.0
3.0,4.0;1.0,0.0::-2503.0,0.0
-2503.0
1.0,0.0;4.0,0.0::-1515.0,0.0
-1515.0
4.0,0.0;1.0,0.0::-1515.0,0.0
-1515.0
1.0,0.0;4.0,1.0::-765.0,0.0
-765.0
4.0,1.0;1.0,0.0::-765.0,0.0
-765.0
1.0,0.0;4.0,2.0::-765.0,0.0
-765.0
4.0,2.0;1.0,0.0::-765.0,0.0
-765.0
1.0,0.0;4.0,3.0::-15.0,0.0
-15.0
4.0,3.0;1.0,0.0::-15.0,0.0
-15.0
1.0,0.0;4.0,4.0::-18.0,0.0
-18.0
4.0,4.0;1.0,0.0::-18.0,0.0
-18.0
1.0,1.0;1.0,1.0::-1500.0,0.0
-1500.0
1.0,1.0;1.0,1.0::-1500.0,0.0
-1500.0
1.0,1.0;1.0,2.0::-1500.0,0.0
-1500.0
1.0,2.0;1.0,1.0::-1500.0,0.0
-1500.0
1.0,1.0;1.0,3.0::-750.0,0.0
-750.0
1.0,3.0;1.0,1.0::-750.0,0.0
-750.0
1.0,1.0;1.0,4.0::-753.0,0.0
-753.0
1.0,4.0;1.0,1.0::-753.0,0.0
-753.0
1.0,1.0;2.0,0.0::-2250.0,0.0
-2250.0
2.0,0.0;1.0,1.0::-2250.0,0.0
-2250.0
1.0,1.0;2.0,1.0::-1500.0,0.0
-1500.0
2.0,1.0;1.0,1.0::-1500.0,0.0
-1500.0
1.0,1.0;2.0,2.0::-1500.0,0.0
-1500.0
2.0,2.0;1.0,1.0::-1500.0,0.0
-1500.0
1.0,1.0;2.0,3.0::-750.0,0.0
-750.0
2.0,3.0;1.0,1.0::-750.0,0.0
-750.0
1.0,1.0;2.0,4.0::-753.0,0.0
-753.0
2.0,4.0;1.0,1.0::-753.0,0.0
-753.0
1.0,1.0;3.0,0.0::-1500.0,0.0
-1500.0
3.0,0.0;1.0,1.0::-1500.0,0.0
-1500.0
1.0,1.0;3.0,1.0::-750.0,0.0
-750.0
3.0,1.0;1.0,1.0::-750.0,0.0
-750.0
1.0,1.0;3.0,2.0::-750.0,0.0
-750.0
3.0,2.0;1.0,1.0::-750.0,0.0
-750.0
1.0,1.0;3.0,3.0::0.0,0.0
0.0
3.0,3.0;1.0,1.0::0.0,0.0
0.0
1.0,1.0;3.0,4.0::-3.0,0.0
-3.0
3.0,4.0;1.0,1.0::-3.0,0.0
-3.0
1.0,1.0;4.0,0.0::-1515.0,0.0
-1515.0
4.0,0.0;1.0,1.0::-1515.0,0.0
-1515.0
1.0,1.0;4.0,1.0::-765.0,0.0
-765.0
4.0,1.0;1.0,1.0::-765.0,0.0
-765.0
1.0,1.0;4.0,2.0::-765.0,0.0
-765.0
4.0,2.0;1.0,1.0::-765.0,0.0
-765.0
1.0,1.0;4.0,3.0::-15.0,0.0
-15.0
4.0,3.0;1.0,1.0::-15.0,0.0
-15.0
1.0,1.0;4.0,4.0::-18.0,0.0
-18.0
4.0,4.0;1.0,1.0::-18.0,0.0
-18.0
1.0,2.0;1.0,2.0::-1500.0,0.0
-1500.0
1.0,2.0;1.0,2.0::-1500.0,0.0
-1500.0
1.0,2.0;1.0,3.0::-750.0,0.0
-750.0
1.0,3.0;1.0,2.0::-750.0,0.0
-750.0
1.0,2.0;1.0,4.0::-753.0,0.0
-753.0
1.0,4.0;1.0,2.0::-753.0,0.0
-753.0
1.0,2.0;2.0,0.0::-2250.0,0.0
-2250.0
2.0,0.0;1.0,2.0::-2250.0,0.0
-2250.0
1.0,2.0;2.0,1.0::-1500.0,0.0
-1500.0
2.0,1.0;1.0,2.0::-1500.0,0.0
-1500.0
1.0,2.0;2.0,2.0::-1500.0,0.0
-1500.0
2.0,2.0;1.0,2.0::-1500.0,0.0
-1500.0
1.0,2.0;2.0,3.0::-750.0,0.0
-750.0
2.0,3.0;1.0,2.0::-750.0,0.0
-750.0
1.0,2.0;2.0,4.0::-753.0,0.0
-753.0
2.0,4.0;1.0,2.0::-753.0,0.0
-753.0
1.0,2.0;3.0,0.0::-2000.0,0.0
-2000.0
3.0,0.0;1.0,2.0::-4000.0,0.0
-4000.0
1.0,2.0;3.0,1.0::-1250.0,0.0
-1250.0
3.0,1.0;1.0,2.0::-3250.0,0.0
-3250.0
1.0,2.0;3.0,2.0::-1250.0,0.0
-1250.0
3.0,2.0;1.0,2.0::-3250.0,0.0
-3250.0
1.0,2.0;3.0,3.0::-500.0,0.0
-500.0
3.0,3.0;1.0,2.0::-2500.0,0.0
-2500.0
1.0,2.0;3.0,4.0::-503.0,0.0
-503.0
3.0,4.0;1.0,2.0::-2503.0,0.0
-2503.0
1.0,2.0;4.0,0.0::-2500.0,0.0
-2500.0
4.0,0.0;1.0,2.0::-500.0,0.0
-500.0
1.0,2.0;4.0,1.0::-1750.0,0.0
-1750.0
4.0,1.0;1.0,2.0::250.0,0.0
250.0
1.0,2.0;4.0,2.0::-1750.0,0.0
-1750.0
4.0,2.0;1.0,2.0::250.0,0.0
250.0
1.0,2.0;4.0,3.0::-1000.0,0.0
-1000.0
4.0,3.0;1.0,2.0::1000.0,0.0
1000.0
1.0,2.0;4.0,4.0::-1003.0,0.0
-1003.0
4.0,4.0;1.0,2.0::997.0,0.0
997.0
1.0,3.0;1.0,3.0::0.0,0.0
0.0
1.0,3.0;1.0,3.0::0.0,0.0
0.0
1.0,3.0;1.0,4.0::-3.0,0.0
-3.0
1.0,4.0;1.0,3.0::-3.0,0.0
-3.0
1.0,3.0;2.0,0.0::-2500.0,0.0
-2500.0
2.0,0.0;1.0,3.0::-500.0,0.0
-500.0
1.0,3.0;2.0,1.0::-1750.0,0.0
-1750.0
2.0,1.0;1.0,3.0::250.0,0.0
250.0
1.0,3.0;2.0,2.0::-1750.0,0.0
-1750.0
2.0,2.0;1.0,3.0::250.0,0.0
250.0
1.0,3.0;2.0,3.0::-1000.0,0.0
-1000.0
2.0,3.0;1.0,3.0::1000.0,0.0
1000.0
1.0,3.0;2.0,4.0::-1003.0,0.0
-1003.0
2.0,4.0;1.0,3.0::997.0,0.0
997.0
1.0,3.0;3.0,0.0::-1500.0,0.0
-1500.0
3.0,0.0;1.0,3.0::-1500.0,0.0
-1500.0
1.0,3.0;3.0,1.0::-750.0,0.0
-750.0
3.0,1.0;1.0,3.0::-750.0,0.0
-750.0
1.0,3.0;3.0,2.0::-750.0,0.0
-750.0
3.0,2.0;1.0,3.0::-750.0,0.0
-750.0
1.0,3.0;3.0,3.0::0.0,0.0
0.0
3.0,3.0;1.0,3.0::0.0,0.0
0.0
1.0,3.0;3.0,4.0::-3.0,0.0
-3.0
3.0,4.0;1.0,3.0::-3.0,0.0
-3.0
1.0,3.0;4.0,0.0::-2500.0,0.0
-2500.0
4.0,0.0;1.0,3.0::-500.0,0.0
-500.0
1.0,3.0;4.0,1.0::-1750.0,0.0
-1750.0
4.0,1.0;1.0,3.0::250.0,0.0
250.0
1.0,3.0;4.0,2.0::-1750.0,0.0
-1750.0
4.0,2.0;1.0,3.0::250.0,0.0
250.0
1.0,3.0;4.0,3.0::-1000.0,0.0
-1000.0
4.0,3.0;1.0,3.0::1000.0,0.0
1000.0
1.0,3.0;4.0,4.0::-1003.0,0.0
-1003.0
4.0,4.0;1.0,3.0::997.0,0.0
997.0
1.0,4.0;1.0,4.0::-6.0,0.0
-6.0
1.0,4.0;1.0,4.0::-6.0,0.0
-6.0
1.0,4.0;2.0,0.0::-2000.0,0.0
-2000.0
2.0,0.0;1.0,4.0::-4000.0,0.0
-4000.0
1.0,4.0;2.0,1.0::-1250.0,0.0
-1250.0
2.0,1.0;1.0,4.0::-3250.0,0.0
-3250.0
1.0,4.0;2.0,2.0::-1250.0,0.0
-1250.0
2.0,2.0;1.0,4.0::-3250.0,0.0
-3250.0
1.0,4.0;2.0,3.0::-500.0,0.0
-500.0
2.0,3.0;1.0,4.0::-2500.0,0.0
-2500.0
1.0,4.0;2.0,4.0::-503.0,0.0
-503.0
2.0,4.0;1.0,4.0::-2503.0,0.0
-2503.0
1.0,4.0;3.0,0.0::-1503.0,0.0
-1503.0
3.0,0.0;1.0,4.0::-1503.0,0.0
-1503.0
1.0,4.0;3.0,1.0::-753.0,0.0
-753.0
3.0,1.0;1.0,4.0::-753.0,0.0
-753.0
1.0,4.0;3.0,2.0::-753.0,0.0
-753.0
3.0,2.0;1.0,4.0::-753.0,0.0
-753.0
1.0,4.0;3.0,3.0::-3.0,0.0
-3.0
3.0,3.0;1.0,4.0::-3.0,0.0
-3.0
1.0,4.0;3.0,4.0::-6.0,0.0
-6.0
3.0,4.0;1.0,4.0::-6.0,0.0
-6.0
1.0,4.0;4.0,0.0::-2501.0,0.0
-2501.0
4.0,0.0;1.0,4.0::-505.0,0.0
-505.0
1.0,4.0;4.0,1.0::-1751.0,0.0
-1751.0
4.0,1.0;1.0,4.0::245.0,0.0
245.0
1.0,4.0;4.0,2.0::-1751.0,0.0
-1751.0
4.0,2.0;1.0,4.0::245.0,0.0
245.0
1.0,4.0;4.0,3.0::-1001.0,0.0
-1001.0
4.0,3.0;1.0,4.0::995.0,0.0
995.0
1.0,4.0;4.0,4.0::-1004.0,0.0
-1004.0
4.0,4.0;1.0,4.0::992.0,0.0
992.0
2.0,0.0;2.0,0.0::-3000.0,0.0
-3000.0
2.0,0.0;2.0,0.0::-3000.0,0.0
-3000.0
2.0,0.0;2.0,1.0::-1250.0,0.0
-1250.0
2.0,1.0;2.0,0.0::-3250.0,0.0
-3250.0
2.0,0.0;2.0,2.0::-1250.0,0.0
-1250.0
2.0,2.0;2.0,0.0::-3250.0,0.0
-3250.0
2.0,0.0;2.0,3.0::500.0,0.0
500.0
2.0,3.0;2.0,0.0::-3500.0,0.0
-3500.0
2.0,0.0;2.0,4.0::-3000.0,0.0
-3000.0
2.0,4.0;2.0,0.0::-3000.0,0.0
-3000.0
2.0,0.0;3.0,0.0::-3000.0,0.0
-3000.0
3.0,0.0;2.0,0.0::-3000.0,0.0
-3000.0
2.0,0.0;3.0,1.0::-1250.0,0.0
-1250.0
3.0,1.0;2.0,0.0::-3250.0,0.0
-3250.0
2.0,0.0;3.0,2.0::-1250.0,0.0
-1250.0
3.0,2.0;2.0,0.0::-3250.0,0.0
-3250.0
2.0,0.0;3.0,3.0::500.0,0.0
500.0
3.0,3.0;2.0,0.0::-3500.0,0.0
-3500.0
2.0,0.0;3.0,4.0::-3000.0,0.0
-3000.0
3.0,4.0;2.0,0.0::-3000.0,0.0
-3000.0
2.0,0.0;4.0,0.0::-2515.0,0.0
-2515.0
4.0,0.0;2.0,0.0::-515.0,0.0
-515.0
2.0,0.0;4.0,1.0::-765.0,0.0
-765.0
4.0,1.0;2.0,0.0::-765.0,0.0
-765.0
2.0,0.0;4.0,2.0::-765.0,0.0
-765.0
4.0,2.0;2.0,0.0::-765.0,0.0
-765.0
2.0,0.0;4.0,3.0::985.0,0.0
985.0
4.0,3.0;2.0,0.0::-1015.0,0.0
-1015.0
2.0,0.0;4.0,4.0::-2515.0,0.0
-2515.0
4.0,4.0;2.0,0.0::-515.0,0.0
-515.0
2.0,1.0;2.0,1.0::-1500.0,0.0
-1500.0
2.0,1.0;2.0,1.0::-1500.0,0.0
-1500.0
2.0,1.0;2.0,2.0::-1500.0,0.0
-1500.0
2.0,2.0;2.0,1.0::-1500.0,0.0
-1500.0
2.0,1.0;2.0,3.0::250.0,0.0
250.0
2.0,3.0;2.0,1.0::-1750.0,0.0
-1750.0
2.0,1.0;2.0,4.0::-3250.0,0.0
-3250.0
2.0,4.0;2.0,1.0::-1250.0,0.0
-1250.0
2.0,1.0;3.0,0.0::-2500.0,0.0
-2500.0
3.0,0.0;2.0,1.0::-500.0,0.0
-500.0
2.0,1.0;3.0,1.0::-750.0,0.0
-750.0
3.0,1.0;2.0,1.0::-750.0,0.0
-750.0
2.0,1.0;3.0,2.0::-750.0,0.0
-750.0
3.0,2.0;2.0,1.0::-750.0,0.0
-750.0
2.0,1.0;3.0,3.0::1000.0,0.0
1000.0
3.0,3.0;2.0,1.0::-1000.0,0.0
-1000.0
2.0,1.0;3.0,4.0::-2500.0,0.0
-2500.0
3.0,4.0;2.0,1.0::-500.0,0.0
-500.0
2.0,1.0;4.0,0.0::-2515.0,0.0
-2515.0
4.0,0.0;2.0,1.0::-515.0,0.0
-515.0
2.0,1.0;4.0,1.0::-765.0,0.0
-765.0
4.0,1.0;2.0,1.0::-765.0,0.0
-765.0
2.0,1.0;4.0,2.0::-765.0,0.0
-765.0
4.0,2.0;2.0,1.0::-765.0,0.0
-765.0
2.0,1.0;4.0,3.0::985.0,0.0
985.0
4.0,3.0;2.0,1.0::-1015.0,0.0
-1015.0
2.0,1.0;4.0,4.0::-2515.0,0.0
-2515.0
4.0,4.0;2.0,1.0::-515.0,0.0
-515.0
2.0,2.0;2.0,2.0::-1500.0,0.0
-1500.0
2.0,2.0;2.0,2.0::-1500.0,0.0
-1500.0
2.0,2.0;2.0,3.0::250.0,0.0
250.0
2.0,3.0;2.0,2.0::-1750.0,0.0
-1750.0
2.0,2.0;2.0,4.0::-3250.0,0.0
-3250.0
2.0,4.0;2.0,2.0::-1250.0,0.0
-1250.0
2.0,2.0;3.0,0.0::-3000.0,0.0
-3000.0
3.0,0.0;2.0,2.0::-3000.0,0.0
-3000.0
2.0,2.0;3.0,1.0::-1250.0,0.0
-1250.0
3.0,1.0;2.0,2.0::-3250.0,0.0
-3250.0
2.0,2.0;3.0,2.0::-1250.0,0.0
-1250.0
3.0,2.0;2.0,2.0::-3250.0,0.0
-3250.0
2.0,2.0;3.0,3.0::500.0,0.0
500.0
3.0,3.0;2.0,2.0::-3500.0,0.0
-3500.0
2.0,2.0;3.0,4.0::-3000.0,0.0
-3000.0
3.0,4.0;2.0,2.0::-3000.0,0.0
-3000.0
2.0,2.0;4.0,0.0::-3500.0,0.0
-3500.0
4.0,0.0;2.0,2.0::500.0,0.0
500.0
2.0,2.0;4.0,1.0::-1750.0,0.0
-1750.0
4.0,1.0;2.0,2.0::250.0,0.0
250.0
2.0,2.0;4.0,2.0::-1750.0,0.0
-1750.0
4.0,2.0;2.0,2.0::250.0,0.0
250.0
2.0,2.0;4.0,3.0::0.0,0.0
0.0
4.0,3.0;2.0,2.0::0.0,0.0
0.0
2.0,2.0;4.0,4.0::-3500.0,0.0
-3500.0
4.0,4.0;2.0,2.0::500.0,0.0
500.0
2.0,3.0;2.0,3.0::0.0,0.0
0.0
2.0,3.0;2.0,3.0::0.0,0.0
0.0
2.0,3.0;2.0,4.0::-3500.0,0.0
-3500.0
2.0,4.0;2.0,3.0::500.0,0.0
500.0
2.0,3.0;3.0,0.0::-2500.0,0.0
-2500.0
3.0,0.0;2.0,3.0::-500.0,0.0
-500.0
2.0,3.0;3.0,1.0::-750.0,0.0
-750.0
3.0,1.0;2.0,3.0::-750.0,0.0
-750.0
2.0,3.0;3.0,2.0::-750.0,0.0
-750.0
3.0,2.0;2.0,3.0::-750.0,0.0
-750.0
2.0,3.0;3.0,3.0::1000.0,0.0
1000.0
3.0,3.0;2.0,3.0::-1000.0,0.0
-1000.0
2.0,3.0;3.0,4.0::-2500.0,0.0
-2500.0
3.0,4.0;2.0,3.0::-500.0,0.0
-500.0
2.0,3.0;4.0,0.0::-3500.0,0.0
-3500.0
4.0,0.0;2.0,3.0::500.0,0.0
500.0
2.0,3.0;4.0,1.0::-1750.0,0.0
-1750.0
4.0,1.0;2.0,3.0::250.0,0.0
250.0
2.0,3.0;4.0,2.0::-1750.0,0.0
-1750.0
4.0,2.0;2.0,3.0::250.0,0.0
250.0
2.0,3.0;4.0,3.0::0.0,0.0
0.0
4.0,3.0;2.0,3.0::0.0,0.0
0.0
2.0,3.0;4.0,4.0::-3500.0,0.0
-3500.0
4.0,4.0;2.0,3.0::500.0,0.0
500.0
2.0,4.0;2.0,4.0::-3000.0,0.0
-3000.0
2.0,4.0;2.0,4.0::-3000.0,0.0
-3000.0
2.0,4.0;3.0,0.0::-2503.0,0.0
-2503.0
3.0,0.0;2.0,4.0::-503.0,0.0
-503.0
2.0,4.0;3.0,1.0::-753.0,0.0
-753.0
3.0,1.0;2.0,4.0::-753.0,0.0
-753.0
2.0,4.0;3.0,2.0::-753.0,0.0
-753.0
3.0,2.0;2.0,4.0::-753.0,0.0
-753.0
2.0,4.0;3.0,3.0::997.0,0.0
997.0
3.0,3.0;2.0,4.0::-1003.0,0.0
-1003.0
2.0,4.0;3.0,4.0::-2503.0,0.0
-2503.0
3.0,4.0;2.0,4.0::-503.0,0.0
-503.0
2.0,4.0;4.0,0.0::-3501.0,0.0
-3501.0
4.0,0.0;2.0,4.0::495.0,0.0
495.0
2.0,4.0;4.0,1.0::-1751.0,0.0
-1751.0
4.0,1.0;2.0,4.0::245.0,0.0
245.0
2.0,4.0;4.0,2.0::-1751.0,0.0
-1751.0
4.0,2.0;2.0,4.0::245.0,0.0
245.0
2.0,4.0;4.0,3.0::-1.0,0.0
-1.0
4.0,3.0;2.0,4.0::-5.0,0.0
-5.0
2.0,4.0;4.0,4.0::-3501.0,0.0
-3501.0
4.0,4.0;2.0,4.0::495.0,0.0
495.0
3.0,0.0;3.0,0.0::-3000.0,0.0
-3000.0
3.0,0.0;3.0,0.0::-3000.0,0.0
-3000.0
3.0,0.0;3.0,1.0::-500.0,0.0
-500.0
3.0,1.0;3.0,0.0::-2500.0,0.0
-2500.0
3.0,0.0;3.0,2.0::-3000.0,0.0
-3000.0
3.0,2.0;3.0,0.0::-3000.0,0.0
-3000.0
3.0,0.0;3.0,3.0::-500.0,0.0
-500.0
3.0,3.0;3.0,0.0::-2500.0,0.0
-2500.0
3.0,0.0;3.0,4.0::-503.0,0.0
-503.0
3.0,4.0;3.0,0.0::-2503.0,0.0
-2503.0
3.0,0.0;4.0,0.0::-2515.0,0.0
-2515.0
4.0,0.0;3.0,0.0::-515.0,0.0
-515.0
3.0,0.0;4.0,1.0::-15.0,0.0
-15.0
4.0,1.0;3.0,0.0::-15.0,0.0
-15.0
3.0,0.0;4.0,2.0::-2515.0,0.0
-2515.0
4.0,2.0;3.0,0.0::-515.0,0.0
-515.0
3.0,0.0;4.0,3.0::-15.0,0.0
-15.0
4.0,3.0;3.0,0.0::-15.0,0.0
-15.0
3.0,0.0;4.0,4.0::-18.0,0.0
-18.0
4.0,4.0;3.0,0.0::-18.0,0.0
-18.0
3.0,1.0;3.0,1.0::0.0,0.0
0.0
3.0,1.0;3.0,1.0::0.0,0.0
0.0
3.0,1.0;3.0,2.0::-2500.0,0.0
-2500.0
3.0,2.0;3.0,1.0::-500.0,0.0
-500.0
3.0,1.0;3.0,3.0::0.0,0.0
0.0
3.0,3.0;3.0,1.0::0.0,0.0
0.0
3.0,1.0;3.0,4.0::-3.0,0.0
-3.0
3.0,4.0;3.0,1.0::-3.0,0.0
-3.0
3.0,1.0;4.0,0.0::-2515.0,0.0
-2515.0
4.0,0.0;3.0,1.0::-515.0,0.0
-515.0
3.0,1.0;4.0,1.0::-15.0,0.0
-15.0
4.0,1.0;3.0,1.0::-15.0,0.0
-15.0
3.0,1.0;4.0,2.0::-2515.0,0.0
-2515.0
4.0,2.0;3.0,1.0::-515.0,0.0
-515.0
3.0,1.0;4.0,3.0::-15.0,0.0
-15.0
4.0,3.0;3.0,1.0::-15.0,0.0
-15.0
3.0,1.0;4.0,4.0::-18.0,0.0
-18.0
4.0,4.0;3.0,1.0::-18.0,0.0
-18.0
3.0,2.0;3.0,2.0::-3000.0,0.0
-3000.0
3.0,2.0;3.0,2.0::-3000.0,0.0
-3000.0
3.0,2.0;3.0,3.0::-500.0,0.0
-500.0
3.0,3.0;3.0,2.0::-2500.0,0.0
-2500.0
3.0,2.0;3.0,4.0::-503.0,0.0
-503.0
3.0,4.0;3.0,2.0::-2503.0,0.0
-2503.0
3.0,2.0;4.0,0.0::-3500.0,0.0
-3500.0
4.0,0.0;3.0,2.0::500.0,0.0
500.0
3.0,2.0;4.0,1.0::-1000.0,0.0
-1000.0
4.0,1.0;3.0,2.0::1000.0,0.0
1000.0
3.0,2.0;4.0,2.0::-3500.0,0.0
-3500.0
4.0,2.0;3.0,2.0::500.0,0.0
500.0
3.0,2.0;4.0,3.0::-1000.0,0.0
-1000.0
4.0,3.0;3.0,2.0::1000.0,0.0
1000.0
3.0,2.0;4.0,4.0::-1003.0,0.0
-1003.0
4.0,4.0;3.0,2.0::997.0,0.0
997.0
3.0,3.0;3.0,3.0::0.0,0.0
0.0
3.0,3.0;3.0,3.0::0.0,0.0
0.0
3.0,3.0;3.0,4.0::-3.0,0.0
-3.0
3.0,4.0;3.0,3.0::-3.0,0.0
-3.0
3.0,3.0;4.0,0.0::-3500.0,0.0
-3500.0
4.0,0.0;3.0,3.0::500.0,0.0
500.0
3.0,3.0;4.0,1.0::-1000.0,0.0
-1000.0
4.0,1.0;3.0,3.0::1000.0,0.0
1000.0
3.0,3.0;4.0,2.0::-3500.0,0.0
-3500.0
4.0,2.0;3.0,3.0::500.0,0.0
500.0
3.0,3.0;4.0,3.0::-1000.0,0.0
-1000.0
4.0,3.0;3.0,3.0::1000.0,0.0
1000.0
3.0,3.0;4.0,4.0::-1003.0,0.0
-1003.0
4.0,4.0;3.0,3.0::997.0,0.0
997.0
3.0,4.0;3.0,4.0::-6.0,0.0
-6.0
3.0,4.0;3.0,4.0::-6.0,0.0
-6.0
3.0,4.0;4.0,0.0::-3501.0,0.0
-3501.0
4.0,0.0;3.0,4.0::495.0,0.0
495.0
3.0,4.0;4.0,1.0::-1001.0,0.0
-1001.0
4.0,1.0;3.0,4.0::995.0,0.0
995.0
3.0,4.0;4.0,2.0::-3501.0,0.0
-3501.0
4.0,2.0;3.0,4.0::495.0,0.0
495.0
3.0,4.0;4.0,3.0::-1001.0,0.0
-1001.0
4.0,3.0;3.0,4.0::995.0,0.0
995.0
3.0,4.0;4.0,4.0::-1004.0,0.0
-1004.0
4.0,4.0;3.0,4.0::992.0,0.0
992.0
4.0,0.0;4.0,0.0::-30.0,0.0
-30.0
4.0,0.0;4.0,0.0::-30.0,0.0
-30.0
4.0,0.0;4.0,1.0::-30.0,0.0
-30.0
4.0,1.0;4.0,0.0::-30.0,0.0
-30.0
4.0,0.0;4.0,2.0::985.0,0.0
985.0
4.0,2.0;4.0,0.0::-1015.0,0.0
-1015.0
4.0,0.0;4.0,3.0::985.0,0.0
985.0
4.0,3.0;4.0,0.0::-1015.0,0.0
-1015.0
4.0,0.0;4.0,4.0::980.0,0.0
980.0
4.0,4.0;4.0,0.0::-1016.0,0.0
-1016.0
4.0,1.0;4.0,1.0::-30.0,0.0
-30.0
4.0,1.0;4.0,1.0::-30.0,0.0
-30.0
4.0,1.0;4.0,2.0::985.0,0.0
985.0
4.0,2.0;4.0,1.0::-1015.0,0.0
-1015.0
4.0,1.0;4.0,3.0::985.0,0.0
985.0
4.0,3.0;4.0,1.0::-1015.0,0.0
-1015.0
4.0,1.0;4.0,4.0::980.0,0.0
980.0
4.0,4.0;4.0,1.0::-1016.0,0.0
-1016.0
4.0,2.0;4.0,2.0::0.0,0.0
0.0
4.0,2.0;4.0,2.0::0.0,0.0
0.0
4.0,2.0;4.0,3.0::0.0,0.0
0.0
4.0,3.0;4.0,2.0::0.0,0.0
0.0
4.0,2.0;4.0,4.0::-5.0,0.0
-5.0
4.0,4.0;4.0,2.0::-1.0,0.0
-1.0
4.0,3.0;4.0,3.0::0.0,0.0
0.0
4.0,3.0;4.0,3.0::0.0,0.0
0.0
4.0,3.0;4.0,4.0::-5.0,0.0
-5.0
4.0,4.0;4.0,3.0::-1.0,0.0
-1.0
4.0,4.0;4.0,4.0::-6.0,0.0
-6.0
4.0,4.0;4.0,4.0::-6.0,0.0
-6.0
