0.0,0.0;0.0,0.0::-2500.0,0.0
-2500.0
0.0,0.0;0.0,0.0::-2500.0,0.0
-2500.0
0.0,0.0;0.0,1.0::-2500.0,0.0
-2500.0
0.0,1.0;0.0,0.0::-2500.0,0.0
-2500.0
0.0,0.0;0.0,2.0::-500.0,0.0
-500.0
0.0,2.0;0.0,0.0::-2000.0,0.0
-2000.0
0.0,0.0;0.0,3.0::-500.0,0.0
-500.0
0.0,3.0;0.0,0.0::-2000.0,0.0
-2000.0
0.0,0.0;0.0,4.0::-510.0,0.0
-510.0
0.0,4.0;0.0,0.0::-2002.5,0.0
-2002.5
0.0,0.0;1.0,0.0::-2500.0,0.0
-2500.0
1.0,0.0;0.0,0.0::-2500.0,0.0
-2500.0
0.0,0.0;1.0,1.0::-2500.0,0.0
-2500.0
1.0,1.0;0.0,0.0::-2500.0,0.0
-2500.0
0.0,0.0;1.0,2.0::-500.0,0.0
-500.0
1.0,2.0;0.0,0.0::-2000.0,0.0
-2000.0
0.0,0.0;1.0,3.0::-500.0,0.0
-500.0
1.0,3.0;0.0,0.0::-2000.0,0.0
-2000.0
0.0,0.0;1.0,4.0::-510.0,0.0
-510.0
1.0,4.0;0.0,0.0::-2002.5,0.0
-2002.5
0.0,0.0;2.0,0.0::-1500.0,0.0
-1500.0
2.0,0.0;0.0,0.0::-3500.0,0.0
-3500.0
0.0,0.0;2.0,1.0::-1500.0,0.0
-1500.0
2.0,1.0;0.0,0.0::-3500.0,0.0
-3500.0
0.0,0.0;2.0,2.0::500.0,0.0
500.0
2.0,2.0;0.0,0.0::-3000.0,0.0
-3000.0
0.0,0.0;2.0,3.0::500.0,0.0
500.0
2.0,3.0;0.0,0.0::-3000.0,0.0
-3000.0
0.0,0.0;2.0,4.0::490.0,0.0
490.0
2.0,4.0;0.0,0.0::-3002.5,0.0
-3002.5
0.0,0.0;3.0,0.0::-1500.0,0.0
-1500.0
3.0,0.0;0.0,0.0::-3500.0,0.0
-3500.0
0.0,0.0;3.0,1.0::-1500.0,0.0
-1500.0
3.0,1.0;0.0,0.0::-3500.0,0.0
-3500.0
0.0,0.0;3.0,2.0::500.0,0.0
500.0
3.0,2.0;0.0,0.0::-3000.0,0.0
-3000.0
0.0,0.0;3.0,3.0::500.0,0.0
500.0
3.0,3.0;0.0,0.0::-3000.0,0.0
-3000.0
0.0,0.0;3.0,4.0::490.0,0.0
490.0
3.0,4.0;0.0,0.0::-3002.5,0.0
-3002.5
0.0,0.0;4.0,0.0::-1015.0,0.0
-1015.0
4.0,0.0;0.0,0.0::-1510.0,0.0
-1510.0
0.0,0.0;4.0,1.0::-1015.0,0.0
-1015.0
4.0,1.0;0.0,0.0::-1510.0,0.0
-1510.0
0.0,0.0;4.0,2.0::985.0,0.0
985.0
4.0,2.0;0.0,0.0::-1010.0,0.0
-1010.0
0.0,0.0;4.0,3.0::985.0,0.0
985.0
4.0,3.0;0.0,0.0::-1010.0,0.0
-1010.0
0.0,0.0;4.0,4.0::975.0,0.0
975.0
4.0,4.0;0.0,0.0::-1012.5,0.0
-1012.5
