2.0,4.0;2.0,4.0::-2500.0,0.0
-2500.0
2.0,4.0;2.0,4.0::-2500.0,0.0
-2500.0
2.0,4.0;3.0,0.0::-2007.5,0.0
-2007.5
3.0,0.0;2.0,4.0::-505.0,0.0
-505.0
2.0,4.0;3.0,1.0::-507.5,0.0
-507.5
3.0,1.0;2.0,4.0::-755.0,0.0
-755.0
2.0,4.0;3.0,2.0::-507.5,0.0
-507.5
3.0,2.0;2.0,4.0::-755.0,0.0
-755.0
2.0,4.0;3.0,3.0::992.5,0.0
992.5
3.0,3.0;2.0,4.0::-1005.0,0.0
-1005.0
2.0,4.0;3.0,4.0::-2007.5,0.0
-2007.5
3.0,4.0;2.0,4.0::-505.0,0.0
-505.0
2.0,4.0;4.0,0.0::-3002.5,0.0
-3002.5
4.0,0.0;2.0,4.0::490.0,0.0
490.0
2.0,4.0;4.0,1.0::-1502.5,0.0
-1502.5
4.0,1.0;2.0,4.0::240.0,0.0
240.0
2.0,4.0;4.0,2.0::-1502.5,0.0
-1502.5
4.0,2.0;2.0,4.0::240.0,0.0
240.0
2.0,4.0;4.0,3.0::-2.5,0.0
-2.5
4.0,3.0;2.0,4.0::-10.0,0.0
-10.0
2.0,4.0;4.0,4.0::-3002.5,0.0
-3002.5
4.0,4.0;2.0,4.0::490.0,0.0
490.0
