3.0,1.0;3.0,1.0::0.0,0.0
0.0
3.0,1.0;3.0,1.0::0.0,0.0
0.0
3.0,1.0;3.0,2.0::-2000.0,0.0
-2000.0
3.0,2.0;3.0,1.0::-500.0,0.0
-500.0
3.0,1.0;3.0,3.0::0.0,0.0
0.0
3.0,3.0;3.0,1.0::0.0,0.0
0.0
3.0,1.0;3.0,4.0::-5.0,0.0
-5.0
3.0,4.0;3.0,1.0::-7.5,0.0
-7.5
3.0,1.0;4.0,0.0::-2015.0,0.0
-2015.0
4.0,0.0;3.0,1.0::-510.0,0.0
-510.0
3.0,1.0;4.0,1.0::-15.0,0.0
-15.0
4.0,1.0;3.0,1.0::-10.0,0.0
-10.0
3.0,1.0;4.0,2.0::-2015.0,0.0
-2015.0
4.0,2.0;3.0,1.0::-510.0,0.0
-510.0
3.0,1.0;4.0,3.0::-15.0,0.0
-15.0
4.0,3.0;3.0,1.0::-10.0,0.0
-10.0
3.0,1.0;4.0,4.0::-20.0,0.0
-20.0
4.0,4.0;3.0,1.0::-17.5,0.0
-17.5
