0.0,4.0;0.0,4.0::-12.5,0.0
-12.5
0.0,4.0;0.0,4.0::-12.5,0.0
-12.5
0.0,4.0;1.0,0.0::-1007.5,0.0
-1007.5
1.0,0.0;0.0,4.0::-1505.0,0.0
-1505.0
0.0,4.0;1.0,1.0::-1007.5,0.0
-1007.5
1.0,1.0;0.0,4.0::-1505.0,0.0
-1505.0
0.0,4.0;1.0,2.0::992.5,0.0
992.5
1.0,2.0;0.0,4.0::-1005.0,0.0
-1005.0
0.0,4.0;1.0,3.0::992.5,0.0
992.5
1.0,3.0;0.0,4.0::-1005.0,0.0
-1005.0
0.0,4.0;1.0,4.0::982.5,0.0
982.5
1.0,4.0;0.0,4.0::-1007.5,0.0
-1007.5
0.0,4.0;2.0,0.0::-1500.0,0.0
-1500.0
2.0,0.0;0.0,4.0::-3500.0,0.0
-3500.0
0.0,4.0;2.0,1.0::-1500.0,0.0
-1500.0
2.0,1.0;0.0,4.0::-3500.0,0.0
-3500.0
0.0,4.0;2.0,2.0::500.0,0.0
500.0
2.0,2.0;0.0,4.0::-3000.0,0.0
-3000.0
0.0,4.0;2.0,3.0::500.0,0.0
500.0
2.0,3.0;0.0,4.0::-3000.0,0.0
-3000.0
0.0,4.0;2.0,4.0::490.0,0.0
490.0
2.0,4.0;0.0,4.0::-3002.5,0.0
-3002.5
0.0,4.0;3.0,0.0::-1007.5,0.0
-1007.5
3.0,0.0;0.0,4.0::-1505.0,0.0
-1505.0
0.0,4.0;3.0,1.0::-1007.5,0.0
-1007.5
3.0,1.0;0.0,4.0::-1505.0,0.0
-1505.0
0.0,4.0;3.0,2.0::992.5,0.0
992.5
3.0,2.0;0.0,4.0::-1005.0,0.0
-1005.0
0.0,4.0;3.0,3.0::992.5,0.0
992.5
3.0,3.0;0.0,4.0::-1005.0,0.0
-1005.0
0.0,4.0;3.0,4.0::982.5,0.0
982.5
3.0,4.0;0.0,4.0::-1007.5,0.0
-1007.5
0.0,4.0;4.0,0.0::-2002.5,0.0
-2002.5
4.0,0.0;0.0,4.0::-510.0,0.0
-510.0
0.0,4.0;4.0,1.0::-2002.5,0.0
-2002.5
4.0,1.0;0.0,4.0::-510.0,0.0
-510.0
0.0,4.0;4.0,2.0::-2.5,0.0
-2.5
4.0,2.0;0.0,4.0::-10.0,0.0
-10.0
0.0,4.0;4.0,3.0::-2.5,0.0
-2.5
4.0,3.0;0.0,4.0::-10.0,0.0
-10.0
0.0,4.0;4.0,4.0::-12.5,0.0
-12.5
4.0,4.0;0.0,4.0::-12.5,0.0
-12.5
