1.0,4.0;1.0,4.0::-12.5,0.0
-12.5
1.0,4.0;1.0,4.0::-12.5,0.0
-12.5
1.0,4.0;2.0,0.0::-1500.0,0.0
-1500.0
2.0,0.0;1.0,4.0::-3500.0,0.0
-3500.0
1.0,4.0;2.0,1.0::-1000.0,0.0
-1000.0
2.0,1.0;1.0,4.0::-2750.0,0.0
-2750.0
1.0,4.0;2.0,2.0::-1000.0,0.0
-1000.0
2.0,2.0;1.0,4.0::-2750.0,0.0
-2750.0
1.0,4.0;2.0,3.0::-500.0,0.0
-500.0
2.0,3.0;1.0,4.0::-2000.0,0.0
-2000.0
1.0,4.0;2.0,4.0::-505.0,0.0
-505.0
2.0,4.0;1.0,4.0::-2007.5,0.0
-2007.5
1.0,4.0;3.0,0.0::-1007.5,0.0
-1007.5
3.0,0.0;1.0,4.0::-1505.0,0.0
-1505.0
1.0,4.0;3.0,1.0::-507.5,0.0
-507.5
3.0,1.0;1.0,4.0::-755.0,0.0
-755.0
1.0,4.0;3.0,2.0::-507.5,0.0
-507.5
3.0,2.0;1.0,4.0::-755.0,0.0
-755.0
1.0,4.0;3.0,3.0::-7.5,0.0
-7.5
3.0,3.0;1.0,4.0::-5.0,0.0
-5.0
1.0,4.0;3.0,4.0::-12.5,0.0
-12.5
3.0,4.0;1.0,4.0::-12.5,0.0
-12.5
1.0,4.0;4.0,0.0::-2002.5,0.0
-2002.5
4.0,0.0;1.0,4.0::-510.0,0.0
-510.0
1.0,4.0;4.0,1.0::-1502.5,0.0
-1502.5
4.0,1.0;1.0,4.0::240.0,0.0
240.0
1.0,4.0;4.0,2.0::-1502.5,0.0
-1502.5
4.0,2.0;1.0,4.0::240.0,0.0
240.0
1.0,4.0;4.0,3.0::-1002.5,0.0
-1002.5
4.0,3.0;1.0,4.0::990.0,0.0
990.0
1.0,4.0;4.0,4.0::-1007.5,0.0
-1007.5
4.0,4.0;1.0,4.0::982.5,0.0
982.5
