0.0,0.0;0.0,0.0::-2500.0,0.0
-2500.0
0.0,0.0;0.0,0.0::-2500.0,0.0
-2500.0
0.0,0.0;0.0,1.0::-2500.0,0.0
-2500.0
0.0,1.0;0.0,0.0::-2500.0,0.0
-2500.0
0.0,0.0;0.0,2.0::-500.0,0.0
-500.0
0.0,2.0;0.0,0.0::-2000.0,0.0
-2000.0
0.0,0.0;0.0,3.0::-500.0,0.0
-500.0
0.0,3.0;0.0,0.0::-2000.0,0.0
-2000.0
0.0,0.0;0.0,4.0::-510.0,0.0
-510.0
0.0,4.0;0.0,0.0::-2002.5,0.0
-2002.5
0.0,0.0;1.0,0.0::-2500.0,0.0
-2500.0
1.0,0.0;0.0,0.0::-2500.0,0.0
-2500.0
0.0,0.0;1.0,1.0::-2500.0,0.0
-2500.0
1.0,1.0;0.0,0.0::-2500.0,0.0
-2500.0
0.0,0.0;1.0,2.0::-500.0,0.0
-500.0
1.0,2.0;0.0,0.0::-2000.0,0.0
-2000.0
0.0,0.0;1.0,3.0::-500.0,0.0
-500.0
1.0,3.0;0.0,0.0::-2000.0,0.0
-2000.0
0.0,0.0;1.0,4.0::-510.0,0.0
-510.0
1.0,4.0;0.0,0.0::-2002.5,0.0
-2002.5
0.0,0.0;2.0,0.0::-1500.0,0.0
-1500.0
2.0,0.0;0.0,0.0::-3500.0,0.0
-3500.0
0.0,0.0;2.0,1.0::-1500.0,0.0
-1500.0
2.0,1.0;0.0,0.0::-3500.0,0.0
-3500.0
0.0,0.0;2.0,2.0::500.0,0.0
500.0
2.0,2.0;0.0,0.0::-3000.0,0.0
-3000.0
0.0,0.0;2.0,3.0::500.0,0.0
500.0
2.0,3.0;0.0,0.0::-3000.0,0.0
-3000.0
0.0,0.0;2.0,4.0::490.0,0.0
490.0
2.0,4.0;0.0,0.0::-3002.5,0.0
-3002.5
0.0,0.0;3.0,0.0::-1500.0,0.0
-1500.0
3.0,0.0;0.0,0.0::-3500.0,0.0
-3500.0
0.0,0.0;3.0,1.0::-1500.0,0.0
-1500.0
3.0,1.0;0.0,0.0::-3500.0,0.0
-3500.0
0.0,0.0;3.0,2.0::500.0,0.0
500.0
3.0,2.0;0.0,0.0::-3000.0,0.0
-3000.0
0.0,0.0;3.0,3.0::500.0,0.0
500.0
3.0,3.0;0.0,0.0::-3000.0,0.0
-3000.0
0.0,0.0;3.0,4.0::490.0,0.0
490.0
3.0,4.0;0.0,0.0::-3002.5,0.0
-3002.5
0.0,0.0;4.0,0.0::-1015.0,0.0
-1015.0
4.0,0.0;0.0,0.0::-1510.0,0.0
-1510.0
0.0,0.0;4.0,1.0::-1015.0,0.0
-1015.0
4.0,1.0;0.0,0.0::-1510.0,0.0
-1510.0
0.0,0.0;4.0,2.0::985.0,0.0
985.0
4.0,2.0;0.0,0.0::-1010.0,0.0
-1010.0
0.0,0.0;4.0,3.0::985.0,0.0
985.0
4.0,3.0;0.0,0.0::-1010.0,0.0
-1010.0
0.0,0.0;4.0,4.0::975.0,0.0
975.0
4.0,4.0;0.0,0.0::-1012.5,0.0
-1012.5
0.0,1.0;0.0,1.0::-2500.0,0.0
-2500.0
0.0,1.0;0.0,1.0::-2500.0,0.0
-2500.0
0.0,1.0;0.0,2.0::-500.0,0.0
-500.0
0.0,2.0;0.0,1.0::-2000.0,0.0
-2000.0
0.0,1.0;0.0,3.0::-500.0,0.0
-500.0
0.0,3.0;0.0,1.0::-2000.0,0.0
-2000.0
0.0,1.0;0.0,4.0::-510.0,0.0
-510.0
0.0,4.0;0.0,1.0::-2002.5,0.0
-2002.5
0.0,1.0;1.0,0.0::-1750.0,0.0
-1750.0
1.0,0.0;0.0,1.0::-2000.0,0.0
-2000.0
0.0,1.0;1.0,1.0::-1750.0,0.0
-1750.0
1.0,1.0;0.0,1.0::-2000.0,0.0
-2000.0
0.0,1.0;1.0,2.0::250.0,0.0
250.0
1.0,2.0;0.0,1.0::-1500.0,0.0
-1500.0
0.0,1.0;1.0,3.0::250.0,0.0
250.0
1.0,3.0;0.0,1.0::-1500.0,0.0
-1500.0
0.0,1.0;1.0,4.0::240.0,0.0
240.0
1.0,4.0;0.0,1.0::-1502.5,0.0
-1502.5
0.0,1.0;2.0,0.0::-1750.0,0.0
-1750.0
2.0,0.0;0.0,1.0::-2000.0,0.0
-2000.0
0.0,1.0;2.0,1.0::-1750.0,0.0
-1750.0
2.0,1.0;0.0,1.0::-2000.0,0.0
-2000.0
0.0,1.0;2.0,2.0::250.0,0.0
250.0
2.0,2.0;0.0,1.0::-1500.0,0.0
-1500.0
0.0,1.0;2.0,3.0::250.0,0.0
250.0
2.0,3.0;0.0,1.0::-1500.0,0.0
-1500.0
0.0,1.0;2.0,4.0::240.0,0.0
240.0
2.0,4.0;0.0,1.0::-1502.5,0.0
-1502.5
0.0,1.0;3.0,0.0::-1000.0,0.0
-1000.0
3.0,0.0;0.0,1.0::-1500.0,0.0
-1500.0
0.0,1.0;3.0,1.0::-1000.0,0.0
-1000.0
3.0,1.0;0.0,1.0::-1500.0,0.0
-1500.0
0.0,1.0;3.0,2.0::1000.0,0.0
1000.0
3.0,2.0;0.0,1.0::-1000.0,0.0
-1000.0
0.0,1.0;3.0,3.0::1000.0,0.0
1000.0
3.0,3.0;0.0,1.0::-1000.0,0.0
-1000.0
0.0,1.0;3.0,4.0::990.0,0.0
990.0
3.0,4.0;0.0,1.0::-1002.5,0.0
-1002.5
0.0,1.0;4.0,0.0::-1015.0,0.0
-1015.0
4.0,0.0;0.0,1.0::-1510.0,0.0
-1510.0
0.0,1.0;4.0,1.0::-1015.0,0.0
-1015.0
4.0,1.0;0.0,1.0::-1510.0,0.0
-1510.0
0.0,1.0;4.0,2.0::985.0,0.0
985.0
4.0,2.0;0.0,1.0::-1010.0,0.0
-1010.0
0.0,1.0;4.0,3.0::985.0,0.0
985.0
4.0,3.0;0.0,1.0::-1010.0,0.0
-1010.0
0.0,1.0;4.0,4.0::975.0,0.0
975.0
4.0,4.0;0.0,1.0::-1012.5,0.0
-1012.5
0.0,2.0;0.0,2.0::0.0,0.0
0.0
0.0,2.0;0.0,2.0::0.0,0.0
0.0
0.0,2.0;0.0,3.0::0.0,0.0
0.0
0.0,3.0;0.0,2.0::0.0,0.0
0.0
0.0,2.0;0.0,4.0::-10.0,0.0
-10.0
0.0,4.0;0.0,2.0::-2.5,0.0
-2.5
0.0,2.0;1.0,0.0::-1750.0,0.0
-1750.0
1.0,0.0;0.0,2.0::-2000.0,0.0
-2000.0
0.0,2.0;1.0,1.0::-1750.0,0.0
-1750.0
1.0,1.0;0.0,2.0::-2000.0,0.0
-2000.0
0.0,2.0;1.0,2.0::250.0,0.0
250.0
1.0,2.0;0.0,2.0::-1500.0,0.0
-1500.0
0.0,2.0;1.0,3.0::250.0,0.0
250.0
1.0,3.0;0.0,2.0::-1500.0,0.0
-1500.0
0.0,2.0;1.0,4.0::240.0,0.0
240.0
1.0,4.0;0.0,2.0::-1502.5,0.0
-1502.5
0.0,2.0;2.0,0.0::-1750.0,0.0
-1750.0
2.0,0.0;0.0,2.0::-2000.0,0.0
-2000.0
0.0,2.0;2.0,1.0::-1750.0,0.0
-1750.0
2.0,1.0;0.0,2.0::-2000.0,0.0
-2000.0
0.0,2.0;2.0,2.0::250.0,0.0
250.0
2.0,2.0;0.0,2.0::-1500.0,0.0
-1500.0
0.0,2.0;2.0,3.0::250.0,0.0
250.0
2.0,3.0;0.0,2.0::-1500.0,0.0
-1500.0
0.0,2.0;2.0,4.0::240.0,0.0
240.0
2.0,4.0;0.0,2.0::-1502.5,0.0
-1502.5
0.0,2.0;3.0,0.0::-1500.0,0.0
-1500.0
3.0,0.0;0.0,2.0::-3500.0,0.0
-3500.0
0.0,2.0;3.0,1.0::-1500.0,0.0
-1500.0
3.0,1.0;0.0,2.0::-3500.0,0.0
-3500.0
0.0,2.0;3.0,2.0::500.0,0.0
500.0
3.0,2.0;0.0,2.0::-3000.0,0.0
-3000.0
0.0,2.0;3.0,3.0::500.0,0.0
500.0
3.0,3.0;0.0,2.0::-3000.0,0.0
-3000.0
0.0,2.0;3.0,4.0::490.0,0.0
490.0
3.0,4.0;0.0,2.0::-3002.5,0.0
-3002.5
0.0,2.0;4.0,0.0::-2000.0,0.0
-2000.0
4.0,0.0;0.0,2.0::-500.0,0.0
-500.0
0.0,2.0;4.0,1.0::-2000.0,0.0
-2000.0
4.0,1.0;0.0,2.0::-500.0,0.0
-500.0
0.0,2.0;4.0,2.0::0.0,0.0
0.0
4.0,2.0;0.0,2.0::0.0,0.0
0.0
0.0,2.0;4.0,3.0::0.0,0.0
0.0
4.0,3.0;0.0,2.0::0.0,0.0
0.0
0.0,2.0;4.0,4.0::-10.0,0.0
-10.0
4.0,4.0;0.0,2.0::-2.5,0.0
-2.5
0.0,3.0;0.0,3.0::0.0,0.0
0.0
0.0,3.0;0.0,3.0::0.0,0.0
0.0
0.0,3.0;0.0,4.0::-10.0,0.0
-10.0
0.0,4.0;0.0,3.0::-2.5,0.0
-2.5
0.0,3.0;1.0,0.0::-1000.0,0.0
-1000.0
1.0,0.0;0.0,3.0::-1500.0,0.0
-1500.0
0.0,3.0;1.0,1.0::-1000.0,0.0
-1000.0
1.0,1.0;0.0,3.0::-1500.0,0.0
-1500.0
0.0,3.0;1.0,2.0::1000.0,0.0
1000.0
1.0,2.0;0.0,3.0::-1000.0,0.0
-1000.0
0.0,3.0;1.0,3.0::1000.0,0.0
1000.0
1.0,3.0;0.0,3.0::-1000.0,0.0
-1000.0
0.0,3.0;1.0,4.0::990.0,0.0
990.0
1.0,4.0;0.0,3.0::-1002.5,0.0
-1002.5
0.0,3.0;2.0,0.0::-2000.0,0.0
-2000.0
2.0,0.0;0.0,3.0::-500.0,0.0
-500.0
0.0,3.0;2.0,1.0::-2000.0,0.0
-2000.0
2.0,1.0;0.0,3.0::-500.0,0.0
-500.0
0.0,3.0;2.0,2.0::0.0,0.0
0.0
2.0,2.0;0.0,3.0::0.0,0.0
0.0
0.0,3.0;2.0,3.0::0.0,0.0
0.0
2.0,3.0;0.0,3.0::0.0,0.0
0.0
0.0,3.0;2.0,4.0::-10.0,0.0
-10.0
2.0,4.0;0.0,3.0::-2.5,0.0
-2.5
0.0,3.0;3.0,0.0::-1000.0,0.0
-1000.0
3.0,0.0;0.0,3.0::-1500.0,0.0
-1500.0
0.0,3.0;3.0,1.0::-1000.0,0.0
-1000.0
3.0,1.0;0.0,3.0::-1500.0,0.0
-1500.0
0.0,3.0;3.0,2.0::1000.0,0.0
1000.0
3.0,2.0;0.0,3.0::-1000.0,0.0
-1000.0
0.0,3.0;3.0,3.0::1000.0,0.0
1000.0
3.0,3.0;0.0,3.0::-1000.0,0.0
-1000.0
0.0,3.0;3.0,4.0::990.0,0.0
990.0
3.0,4.0;0.0,3.0::-1002.5,0.0
-1002.5
0.0,3.0;4.0,0.0::-2000.0,0.0
-2000.0
4.0,0.0;0.0,3.0::-500.0,0.0
-500.0
0.0,3.0;4.0,1.0::-2000.0,0.0
-2000.0
4.0,1.0;0.0,3.0::-500.0,0.0
-500.0
0.0,3.0;4.0,2.0::0.0,0.0
0.0
4.0,2.0;0.0,3.0::0.0,0.0
0.0
0.0,3.0;4.0,3.0::0.0,0.0
0.0
4.0,3.0;0.0,3.0::0.0,0.0
0.0
0.0,3.0;4.0,4.0::-10.0,0.0
-10.0
4.0,4.0;0.0,3.0::-2.5,0.0
-2.5
0.0,4.0;0.0,4.0::-12.5,0.0
-12.5
0.0,4.0;0.0,4.0::-12.5,0.0
-12.5
0.0,4.0;1.0,0.0::-1007.5,0.0
-1007.5
1.0,0.0;0.0,4.0::-1505.0,0.0
-1505.0
0.0,4.0;1.0,1.0::-1007.5,0.0
-1007.5
1.0,1.0;0.0,4.0::-1505.0,0.0
-1505.0
0.0,4.0;1.0,2.0::992.5,0.0
992.5
1.0,2.0;0.0,4.0::-1005.0,0.0
-1005.0
0.0,4.0;1.0,3.0::992.5,0.0
992.5
1.0,3.0;0.0,4.0::-1005.0,0.0
-1005.0
0.0,4.0;1.0,4.0::982.5,0.0
982.5
1.0,4.0;0.0,4.0::-1007.5,0.0
-1007.5
0.0,4.0;2.0,0.0::-1500.0,0.0
-1500.0
2.0,0.0;0.0,4.0::-3500.0,0.0
-3500.0
0.0,4.0;2.0,1.0::-1500.0,0.0
-1500.0
2.0,1.0;0.0,4.0::-3500.0,0.0
-3500.0
0.0,4.0;2.0,2.0::500.0,0.0
500.0
2.0,2.0;0.0,4.0::-3000.0,0.0
-3000.0
0.0,4.0;2.0,3.0::500.0,0.0
500.0
2.0,3.0;0.0,4.0::-3000.0,0.0
-3000.0
0.0,4.0;2.0,4.0::490.0,0.0
490.0
2.0,4.0;0.0,4.0::-3002.5,0.0
-3002.5
0.0,4.0;3.0,0.0::-1007.5,0.0
-1007.5
3.0,0.0;0.0,4.0::-1505.0,0.0
-1505.0
0.0,4.0;3.0,1.0::-1007.5,0.0
-1007.5
3.0,1.0;0.0,4.0::-1505.0,0.0
-1505.0
0.0,4.0;3.0,2.0::992.5,0.0
992.5
3.0,2.0;0.0,4.0::-1005.0,0.0
-1005.0
0.0,4.0;3.0,3.0::992.5,0.0
992.5
3.0,3.0;0.0,4.0::-1005.0,0.0
-1005.0
0.0,4.0;3.0,4.0::982.5,0.0
982.5
3.0,4.0;0.0,4.0::-1007.5,0.0
-1007.5
0.0,4.0;4.0,0.0::-2002.5,0.0
-2002.5
4.0,0.0;0.0,4.0::-510.0,0.0
-510.0
0.0,4.0;4.0,1.0::-2002.5,0.0
-2002.5
4.0,1.0;0.0,4.0::-510.0,0.0
-510.0
0.0,4.0;4.0,2.0::-2.5,0.0
-2.5
4.0,2.0;0.0,4.0::-10.0,0.0
-10.0
0.0,4.0;4.0,3.0::-2.5,0.0
-2.5
4.0,3.0;0.0,4.0::-10.0,0.0
-10.0
0.0,4.0;4.0,4.0::-12.5,0.0
-12.5
4.0,4.0;0.0,4.0::-12.5,0.0
-12.5
1.0,0.0;1.0,0.0::-2500.0,0.0
-2500.0
1.0,0.0;1.0,0.0::-2500.0,0.0
-2500.0
1.0,0.0;1.0,1.0::-2000.0,0.0
-2000.0
1.0,1.0;1.0,0.0::-1750.0,0.0
-1750.0
1.0,0.0;1.0,2.0::-2000.0,0.0
-2000.0
1.0,2.0;1.0,0.0::-1750.0,0.0
-1750.0
1.0,0.0;1.0,3.0::-1500.0,0.0
-1500.0
1.0,3.0;1.0,0.0::-1000.0,0.0
-1000.0
1.0,0.0;1.0,4.0::-1505.0,0.0
-1505.0
1.0,4.0;1.0,0.0::-1007.5,0.0
-1007.5
1.0,0.0;2.0,0.0::-1500.0,0.0
-1500.0
2.0,0.0;1.0,0.0::-3500.0,0.0
-3500.0
1.0,0.0;2.0,1.0::-1000.0,0.0
-1000.0
2.0,1.0;1.0,0.0::-2750.0,0.0
-2750.0
1.0,0.0;2.0,2.0::-1000.0,0.0
-1000.0
2.0,2.0;1.0,0.0::-2750.0,0.0
-2750.0
1.0,0.0;2.0,3.0::-500.0,0.0
-500.0
2.0,3.0;1.0,0.0::-2000.0,0.0
-2000.0
1.0,0.0;2.0,4.0::-505.0,0.0
-505.0
2.0,4.0;1.0,0.0::-2007.5,0.0
-2007.5
1.0,0.0;3.0,0.0::-1500.0,0.0
-1500.0
3.0,0.0;1.0,0.0::-3500.0,0.0
-3500.0
1.0,0.0;3.0,1.0::-1000.0,0.0
-1000.0
3.0,1.0;1.0,0.0::-2750.0,0.0
-2750.0
1.0,0.0;3.0,2.0::-1000.0,0.0
-1000.0
3.0,2.0;1.0,0.0::-2750.0,0.0
-2750.0
1.0,0.0;3.0,3.0::-500.0,0.0
-500.0
3.0,3.0;1.0,0.0::-2000.0,0.0
-2000.0
1.0,0.0;3.0,4.0::-505.0,0.0
-505.0
3.0,4.0;1.0,0.0::-2007.5,0.0
-2007.5
1.0,0.0;4.0,0.0::-1015.0,0.0
-1015.0
4.0,0.0;1.0,0.0::-1510.0,0.0
-1510.0
1.0,0.0;4.0,1.0::-515.0,0.0
-515.0
4.0,1.0;1.0,0.0::-760.0,0.0
-760.0
1.0,0.0;4.0,2.0::-515.0,0.0
-515.0
4.0,2.0;1.0,0.0::-760.0,0.0
-760.0
1.0,0.0;4.0,3.0::-15.0,0.0
-15.0
4.0,3.0;1.0,0.0::-10.0,0.0
-10.0
1.0,0.0;4.0,4.0::-20.0,0.0
-20.0
4.0,4.0;1.0,0.0::-17.5,0.0
-17.5
1.0,1.0;1.0,1.0::-1250.0,0.0
-1250.0
1.0,1.0;1.0,1.0::-1250.0,0.0
-1250.0
1.0,1.0;1.0,2.0::-1250.0,0.0
-1250.0
1.0,2.0;1.0,1.0::-1250.0,0.0
-1250.0
1.0,1.0;1.0,3.0::-750.0,0.0
-750.0
1.0,3.0;1.0,1.0::-500.0,0.0
-500.0
1.0,1.0;1.0,4.0::-755.0,0.0
-755.0
1.0,4.0;1.0,1.0::-507.5,0.0
-507.5
1.0,1.0;2.0,0.0::-1750.0,0.0
-1750.0
2.0,0.0;1.0,1.0::-2000.0,0.0
-2000.0
1.0,1.0;2.0,1.0::-1250.0,0.0
-1250.0
2.0,1.0;1.0,1.0::-1250.0,0.0
-1250.0
1.0,1.0;2.0,2.0::-1250.0,0.0
-1250.0
2.0,2.0;1.0,1.0::-1250.0,0.0
-1250.0
1.0,1.0;2.0,3.0::-750.0,0.0
-750.0
2.0,3.0;1.0,1.0::-500.0,0.0
-500.0
1.0,1.0;2.0,4.0::-755.0,0.0
-755.0
2.0,4.0;1.0,1.0::-507.5,0.0
-507.5
1.0,1.0;3.0,0.0::-1000.0,0.0
-1000.0
3.0,0.0;1.0,1.0::-1500.0,0.0
-1500.0
1.0,1.0;3.0,1.0::-500.0,0.0
-500.0
3.0,1.0;1.0,1.0::-750.0,0.0
-750.0
1.0,1.0;3.0,2.0::-500.0,0.0
-500.0
3.0,2.0;1.0,1.0::-750.0,0.0
-750.0
1.0,1.0;3.0,3.0::0.0,0.0
0.0
3.0,3.0;1.0,1.0::0.0,0.0
0.0
1.0,1.0;3.0,4.0::-5.0,0.0
-5.0
3.0,4.0;1.0,1.0::-7.5,0.0
-7.5
1.0,1.0;4.0,0.0::-1015.0,0.0
-1015.0
4.0,0.0;1.0,1.0::-1510.0,0.0
-1510.0
1.0,1.0;4.0,1.0::-515.0,0.0
-515.0
4.0,1.0;1.0,1.0::-760.0,0.0
-760.0
1.0,1.0;4.0,2.0::-515.0,0.0
-515.0
4.0,2.0;1.0,1.0::-760.0,0.0
-760.0
1.0,1.0;4.0,3.0::-15.0,0.0
-15.0
4.0,3.0;1.0,1.0::-10.0,0.0
-10.0
1.0,1.0;4.0,4.0::-20.0,0.0
-20.0
4.0,4.0;1.0,1.0::-17.5,0.0
-17.5
1.0,2.0;1.0,2.0::-1250.0,0.0
-1250.0
1.0,2.0;1.0,2.0::-1250.0,0.0
-1250.0
1.0,2.0;1.0,3.0::-750.0,0.0
-750.0
1.0,3.0;1.0,2.0::-500.0,0.0
-500.0
1.0,2.0;1.0,4.0::-755.0,0.0
-755.0
1.0,4.0;1.0,2.0::-507.5,0.0
-507.5
1.0,2.0;2.0,0.0::-1750.0,0.0
-1750.0
2.0,0.0;1.0,2.0::-2000.0,0.0
-2000.0
1.0,2.0;2.0,1.0::-1250.0,0.0
-1250.0
2.0,1.0;1.0,2.0::-1250.0,0.0
-1250.0
1.0,2.0;2.0,2.0::-1250.0,0.0
-1250.0
2.0,2.0;1.0,2.0::-1250.0,0.0
-1250.0
1.0,2.0;2.0,3.0::-750.0,0.0
-750.0
2.0,3.0;1.0,2.0::-500.0,0.0
-500.0
1.0,2.0;2.0,4.0::-755.0,0.0
-755.0
2.0,4.0;1.0,2.0::-507.5,0.0
-507.5
1.0,2.0;3.0,0.0::-1500.0,0.0
-1500.0
3.0,0.0;1.0,2.0::-3500.0,0.0
-3500.0
1.0,2.0;3.0,1.0::-1000.0,0.0
-1000.0
3.0,1.0;1.0,2.0::-2750.0,0.0
-2750.0
1.0,2.0;3.0,2.0::-1000.0,0.0
-1000.0
3.0,2.0;1.0,2.0::-2750.0,0.0
-2750.0
1.0,2.0;3.0,3.0::-500.0,0.0
-500.0
3.0,3.0;1.0,2.0::-2000.0,0.0
-2000.0
1.0,2.0;3.0,4.0::-505.0,0.0
-505.0
3.0,4.0;1.0,2.0::-2007.5,0.0
-2007.5
1.0,2.0;4.0,0.0::-2000.0,0.0
-2000.0
4.0,0.0;1.0,2.0::-500.0,0.0
-500.0
1.0,2.0;4.0,1.0::-1500.0,0.0
-1500.0
4.0,1.0;1.0,2.0::250.0,0.0
250.0
1.0,2.0;4.0,2.0::-1500.0,0.0
-1500.0
4.0,2.0;1.0,2.0::250.0,0.0
250.0
1.0,2.0;4.0,3.0::-1000.0,0.0
-1000.0
4.0,3.0;1.0,2.0::1000.0,0.0
1000.0
1.0,2.0;4.0,4.0::-1005.0,0.0
-1005.0
4.0,4.0;1.0,2.0::992.5,0.0
992.5
1.0,3.0;1.0,3.0::0.0,0.0
0.0
1.0,3.0;1.0,3.0::0.0,0.0
0.0
1.0,3.0;1.0,4.0::-5.0,0.0
-5.0
1.0,4.0;1.0,3.0::-7.5,0.0
-7.5
1.0,3.0;2.0,0.0::-2000.0,0.0
-2000.0
2.0,0.0;1.0,3.0::-500.0,0.0
-500.0
1.0,3.0;2.0,1.0::-1500.0,0.0
-1500.0
2.0,1.0;1.0,3.0::250.0,0.0
250.0
1.0,3.0;2.0,2.0::-1500.0,0.0
-1500.0
2.0,2.0;1.0,3.0::250.0,0.0
250.0
1.0,3.0;2.0,3.0::-1000.0,0.0
-1000.0
2.0,3.0;1.0,3.0::1000.0,0.0
1000.0
1.0,3.0;2.0,4.0::-1005.0,0.0
-1005.0
2.0,4.0;1.0,3.0::992.5,0.0
992.5
1.0,3.0;3.0,0.0::-1000.0,0.0
-1000.0
3.0,0.0;1.0,3.0::-1500.0,0.0
-1500.0
1.0,3.0;3.0,1.0::-500.0,0.0
-500.0
3.0,1.0;1.0,3.0::-750.0,0.0
-750.0
1.0,3.0;3.0,2.0::-500.0,0.0
-500.0
3.0,2.0;1.0,3.0::-750.0,0.0
-750.0
1.0,3.0;3.0,3.0::0.0,0.0
0.0
3.0,3.0;1.0,3.0::0.0,0.0
0.0
1.0,3.0;3.0,4.0::-5.0,0.0
-5.0
3.0,4.0;1.0,3.0::-7.5,0.0
-7.5
1.0,3.0;4.0,0.0::-2000.0,0.0
-2000.0
4.0,0.0;1.0,3.0::-500.0,0.0
-500.0
1.0,3.0;4.0,1.0::-1500.0,0.0
-1500.0
4.0,1.0;1.0,3.0::250.0,0.0
250.0
1.0,3.0;4.0,2.0::-1500.0,0.0
-1500.0
4.0,2.0;1.0,3.0::250.0,0.0
250.0
1.0,3.0;4.0,3.0::-1000.0,0.0
-1000.0
4.0,3.0;1.0,3.0::1000.0,0.0
1000.0
1.0,3.0;4.0,4.0::-1005.0,0.0
-1005.0
4.0,4.0;1.0,3.0::992.5,0.0
992.5
1.0,4.0;1.0,4.0::-12.5,0.0
-12.5
1.0,4.0;1.0,4.0::-12.5,0.0
-12.5
1.0,4.0;2.0,0.0::-1500.0,0.0
-1500.0
2.0,0.0;1.0,4.0::-3500.0,0.0
-3500.0
1.0,4.0;2.0,1.0::-1000.0,0.0
-1000.0
2.0,1.0;1.0,4.0::-2750.0,0.0
-2750.0
1.0,4.0;2.0,2.0::-1000.0,0.0
-1000.0
2.0,2.0;1.0,4.0::-2750.0,0.0
-2750.0
1.0,4.0;2.0,3.0::-500.0,0.0
-500.0
2.0,3.0;1.0,4.0::-2000.0,0.0
-2000.0
1.0,4.0;2.0,4.0::-505.0,0.0
-505.0
2.0,4.0;1.0,4.0::-2007.5,0.0
-2007.5
1.0,4.0;3.0,0.0::-1007.5,0.0
-1007.5
3.0,0.0;1.0,4.0::-1505.0,0.0
-1505.0
1.0,4.0;3.0,1.0::-507.5,0.0
-507.5
3.0,1.0;1.0,4.0::-755.0,0.0
-755.0
1.0,4.0;3.0,2.0::-507.5,0.0
-507.5
3.0,2.0;1.0,4.0::-755.0,0.0
-755.0
1.0,4.0;3.0,3.0::-7.5,0.0
-7.5
3.0,3.0;1.0,4.0::-5.0,0.0
-5.0
1.0,4.0;3.0,4.0::-12.5,0.0
-12.5
3.0,4.0;1.0,4.0::-12.5,0.0
-12.5
1.0,4.0;4.0,0.0::-2002.5,0.0
-2002.5
4.0,0.0;1.0,4.0::-510.0,0.0
-510.0
1.0,4.0;4.0,1.0::-1502.5,0.0
-1502.5
4.0,1.0;1.0,4.0::240.0,0.0
240.0
1.0,4.0;4.0,2.0::-1502.5,0.0
-1502.5
4.0,2.0;1.0,4.0::240.0,0.0
240.0
1.0,4.0;4.0,3.0::-1002.5,0.0
-1002.5
4.0,3.0;1.0,4.0::990.0,0.0
990.0
1.0,4.0;4.0,4.0::-1007.5,0.0
-1007.5
4.0,4.0;1.0,4.0::982.5,0.0
982.5
2.0,0.0;2.0,0.0::-2500.0,0.0
-2500.0
2.0,0.0;2.0,0.0::-2500.0,0.0
-2500.0
2.0,0.0;2.0,1.0::-1000.0,0.0
-1000.0
2.0,1.0;2.0,0.0::-2750.0,0.0
-2750.0
2.0,0.0;2.0,2.0::-1000.0,0.0
-1000.0
2.0,2.0;2.0,0.0::-2750.0,0.0
-2750.0
2.0,0.0;2.0,3.0::500.0,0.0
500.0
2.0,3.0;2.0,0.0::-3000.0,0.0
-3000.0
2.0,0.0;2.0,4.0::-2500.0,0.0
-2500.0
2.0,4.0;2.0,0.0::-2500.0,0.0
-2500.0
2.0,0.0;3.0,0.0::-2500.0,0.0
-2500.0
3.0,0.0;2.0,0.0::-2500.0,0.0
-2500.0
2.0,0.0;3.0,1.0::-1000.0,0.0
-1000.0
3.0,1.0;2.0,0.0::-2750.0,0.0
-2750.0
2.0,0.0;3.0,2.0::-1000.0,0.0
-1000.0
3.0,2.0;2.0,0.0::-2750.0,0.0
-2750.0
2.0,0.0;3.0,3.0::500.0,0.0
500.0
3.0,3.0;2.0,0.0::-3000.0,0.0
-3000.0
2.0,0.0;3.0,4.0::-2500.0,0.0
-2500.0
3.0,4.0;2.0,0.0::-2500.0,0.0
-2500.0
2.0,0.0;4.0,0.0::-2015.0,0.0
-2015.0
4.0,0.0;2.0,0.0::-510.0,0.0
-510.0
2.0,0.0;4.0,1.0::-515.0,0.0
-515.0
4.0,1.0;2.0,0.0::-760.0,0.0
-760.0
2.0,0.0;4.0,2.0::-515.0,0.0
-515.0
4.0,2.0;2.0,0.0::-760.0,0.0
-760.0
2.0,0.0;4.0,3.0::985.0,0.0
985.0
4.0,3.0;2.0,0.0::-1010.0,0.0
-1010.0
2.0,0.0;4.0,4.0::-2015.0,0.0
-2015.0
4.0,4.0;2.0,0.0::-510.0,0.0
-510.0
2.0,1.0;2.0,1.0::-1250.0,0.0
-1250.0
2.0,1.0;2.0,1.0::-1250.0,0.0
-1250.0
2.0,1.0;2.0,2.0::-1250.0,0.0
-1250.0
2.0,2.0;2.0,1.0::-1250.0,0.0
-1250.0
2.0,1.0;2.0,3.0::250.0,0.0
250.0
2.0,3.0;2.0,1.0::-1500.0,0.0
-1500.0
2.0,1.0;2.0,4.0::-2750.0,0.0
-2750.0
2.0,4.0;2.0,1.0::-1000.0,0.0
-1000.0
2.0,1.0;3.0,0.0::-2000.0,0.0
-2000.0
3.0,0.0;2.0,1.0::-500.0,0.0
-500.0
2.0,1.0;3.0,1.0::-500.0,0.0
-500.0
3.0,1.0;2.0,1.0::-750.0,0.0
-750.0
2.0,1.0;3.0,2.0::-500.0,0.0
-500.0
3.0,2.0;2.0,1.0::-750.0,0.0
-750.0
2.0,1.0;3.0,3.0::1000.0,0.0
1000.0
3.0,3.0;2.0,1.0::-1000.0,0.0
-1000.0
2.0,1.0;3.0,4.0::-2000.0,0.0
-2000.0
3.0,4.0;2.0,1.0::-500.0,0.0
-500.0
2.0,1.0;4.0,0.0::-2015.0,0.0
-2015.0
4.0,0.0;2.0,1.0::-510.0,0.0
-510.0
2.0,1.0;4.0,1.0::-515.0,0.0
-515.0
4.0,1.0;2.0,1.0::-760.0,0.0
-760.0
2.0,1.0;4.0,2.0::-515.0,0.0
-515.0
4.0,2.0;2.0,1.0::-760.0,0.0
-760.0
2.0,1.0;4.0,3.0::985.0,0.0
985.0
4.0,3.0;2.0,1.0::-1010.0,0.0
-1010.0
2.0,1.0;4.0,4.0::-2015.0,0.0
-2015.0
4.0,4.0;2.0,1.0::-510.0,0.0
-510.0
2.0,2.0;2.0,2.0::-1250.0,0.0
-1250.0
2.0,2.0;2.0,2.0::-1250.0,0.0
-1250.0
2.0,2.0;2.0,3.0::250.0,0.0
250.0
2.0,3.0;2.0,2.0::-1500.0,0.0
-1500.0
2.0,2.0;2.0,4.0::-2750.0,0.0
-2750.0
2.0,4.0;2.0,2.0::-1000.0,0.0
-1000.0
2.0,2.0;3.0,0.0::-2500.0,0.0
-2500.0
3.0,0.0;2.0,2.0::-2500.0,0.0
-2500.0
2.0,2.0;3.0,1.0::-1000.0,0.0
-1000.0
3.0,1.0;2.0,2.0::-2750.0,0.0
-2750.0
2.0,2.0;3.0,2.0::-1000.0,0.0
-1000.0
3.0,2.0;2.0,2.0::-2750.0,0.0
-2750.0
2.0,2.0;3.0,3.0::500.0,0.0
500.0
3.0,3.0;2.0,2.0::-3000.0,0.0
-3000.0
2.0,2.0;3.0,4.0::-2500.0,0.0
-2500.0
3.0,4.0;2.0,2.0::-2500.0,0.0
-2500.0
2.0,2.0;4.0,0.0::-3000.0,0.0
-3000.0
4.0,0.0;2.0,2.0::500.0,0.0
500.0
2.0,2.0;4.0,1.0::-1500.0,0.0
-1500.0
4.0,1.0;2.0,2.0::250.0,0.0
250.0
2.0,2.0;4.0,2.0::-1500.0,0.0
-1500.0
4.0,2.0;2.0,2.0::250.0,0.0
250.0
2.0,2.0;4.0,3.0::0.0,0.0
0.0
4.0,3.0;2.0,2.0::0.0,0.0
0.0
2.0,2.0;4.0,4.0::-3000.0,0.0
-3000.0
4.0,4.0;2.0,2.0::500.0,0.0
500.0
2.0,3.0;2.0,3.0::0.0,0.0
0.0
2.0,3.0;2.0,3.0::0.0,0.0
0.0
2.0,3.0;2.0,4.0::-3000.0,0.0
-3000.0
2.0,4.0;2.0,3.0::500.0,0.0
500.0
2.0,3.0;3.0,0.0::-2000.0,0.0
-2000.0
3.0,0.0;2.0,3.0::-500.0,0.0
-500.0
2.0,3.0;3.0,1.0::-500.0,0.0
-500.0
3.0,1.0;2.0,3.0::-750.0,0.0
-750.0
2.0,3.0;3.0,2.0::-500.0,0.0
-500.0
3.0,2.0;2.0,3.0::-750.0,0.0
-750.0
2.0,3.0;3.0,3.0::1000.0,0.0
1000.0
3.0,3.0;2.0,3.0::-1000.0,0.0
-1000.0
2.0,3.0;3.0,4.0::-2000.0,0.0
-2000.0
3.0,4.0;2.0,3.0::-500.0,0.0
-500.0
2.0,3.0;4.0,0.0::-3000.0,0.0
-3000.0
4.0,0.0;2.0,3.0::500.0,0.0
500.0
2.0,3.0;4.0,1.0::-1500.0,0.0
-1500.0
4.0,1.0;2.0,3.0::250.0,0.0
250.0
2.0,3.0;4.0,2.0::-1500.0,0.0
-1500.0
4.0,2.0;2.0,3.0::250.0,0.0
250.0
2.0,3.0;4.0,3.0::0.0,0.0
0.0
4.0,3.0;2.0,3.0::0.0,0.0
0.0
2.0,3.0;4.0,4.0::-3000.0,0.0
-3000.0
4.0,4.0;2.0,3.0::500.0,0.0
500.0
2.0,4.0;2.0,4.0::-2500.0,0.0
-2500.0
2.0,4.0;2.0,4.0::-2500.0,0.0
-2500.0
2.0,4.0;3.0,0.0::-2007.5,0.0
-2007.5
3.0,0.0;2.0,4.0::-505.0,0.0
-505.0
2.0,4.0;3.0,1.0::-507.5,0.0
-507.5
3.0,1.0;2.0,4.0::-755.0,0.0
-755.0
2.0,4.0;3.0,2.0::-507.5,0.0
-507.5
3.0,2.0;2.0,4.0::-755.0,0.0
-755.0
2.0,4.0;3.0,3.0::992.5,0.0
992.5
3.0,3.0;2.0,4.0::-1005.0,0.0
-1005.0
2.0,4.0;3.0,4.0::-2007.5,0.0
-2007.5
3.0,4.0;2.0,4.0::-505.0,0.0
-505.0
2.0,4.0;4.0,0.0::-3002.5,0.0
-3002.5
4.0,0.0;2.0,4.0::490.0,0.0
490.0
2.0,4.0;4.0,1.0::-1502.5,0.0
-1502.5
4.0,1.0;2.0,4.0::240.0,0.0
240.0
2.0,4.0;4.0,2.0::-1502.5,0.0
-1502.5
4.0,2.0;2.0,4.0::240.0,0.0
240.0
2.0,4.0;4.0,3.0::-2.5,0.0
-2.5
4.0,3.0;2.0,4.0::-10.0,0.0
-10.0
2.0,4.0;4.0,4.0::-3002.5,0.0
-3002.5
4.0,4.0;2.0,4.0::490.0,0.0
490.0
3.0,0.0;3.0,0.0::-2500.0,0.0
-2500.0
3.0,0.0;3.0,0.0::-2500.0,0.0
-2500.0
3.0,0.0;3.0,1.0::-500.0,0.0
-500.0
3.0,1.0;3.0,0.0::-2000.0,0.0
-2000.0
3.0,0.0;3.0,2.0::-2500.0,0.0
-2500.0
3.0,2.0;3.0,0.0::-2500.0,0.0
-2500.0
3.0,0.0;3.0,3.0::-500.0,0.0
-500.0
3.0,3.0;3.0,0.0::-2000.0,0.0
-2000.0
3.0,0.0;3.0,4.0::-505.0,0.0
-505.0
3.0,4.0;3.0,0.0::-2007.5,0.0
-2007.5
3.0,0.0;4.0,0.0::-2015.0,0.0
-2015.0
4.0,0.0;3.0,0.0::-510.0,0.0
-510.0
3.0,0.0;4.0,1.0::-15.0,0.0
-15.0
4.0,1.0;3.0,0.0::-10.0,0.0
-10.0
3.0,0.0;4.0,2.0::-2015.0,0.0
-2015.0
4.0,2.0;3.0,0.0::-510.0,0.0
-510.0
3.0,0.0;4.0,3.0::-15.0,0.0
-15.0
4.0,3.0;3.0,0.0::-10.0,0.0
-10.0
3.0,0.0;4.0,4.0::-20.0,0.0
-20.0
4.0,4.0;3.0,0.0::-17.5,0.0
-17.5
3.0,1.0;3.0,1.0::0.0,0.0
0.0
3.0,1.0;3.0,1.0::0.0,0.0
0.0
3.0,1.0;3.0,2.0::-2000.0,0.0
-2000.0
3.0,2.0;3.0,1.0::-500.0,0.0
-500.0
3.0,1.0;3.0,3.0::0.0,0.0
0.0
3.0,3.0;3.0,1.0::0.0,0.0
0.0
3.0,1.0;3.0,4.0::-5.0,0.0
-5.0
3.0,4.0;3.0,1.0::-7.5,0.0
-7.5
3.0,1.0;4.0,0.0::-2015.0,0.0
-2015.0
4.0,0.0;3.0,1.0::-510.0,0.0
-510.0
3.0,1.0;4.0,1.0::-15.0,0.0
-15.0
4.0,1.0;3.0,1.0::-10.0,0.0
-10.0
3.0,1.0;4.0,2.0::-2015.0,0.0
-2015.0
4.0,2.0;3.0,1.0::-510.0,0.0
-510.0
3.0,1.0;4.0,3.0::-15.0,0.0
-15.0
4.0,3.0;3.0,1.0::-10.0,0.0
-10.0
3.0,1.0;4.0,4.0::-20.0,0.0
-20.0
4.0,4.0;3.0,1.0::-17.5,0.0
-17.5
3.0,2.0;3.0,2.0::-2500.0,0.0
-2500.0
3.0,2.0;3.0,2.0::-2500.0,0.0
-2500.0
3.0,2.0;3.0,3.0::-500.0,0.0
-500.0
3.0,3.0;3.0,2.0::-2000.0,0.0
-2000.0
3.0,2.0;3.0,4.0::-505.0,0.0
-505.0
3.0,4.0;3.0,2.0::-2007.5,0.0
-2007.5
3.0,2.0;4.0,0.0::-3000.0,0.0
-3000.0
4.0,0.0;3.0,2.0::500.0,0.0
500.0
3.0,2.0;4.0,1.0::-1000.0,0.0
-1000.0
4.0,1.0;3.0,2.0::1000.0,0.0
1000.0
3.0,2.0;4.0,2.0::-3000.0,0.0
-3000.0
4.0,2.0;3.0,2.0::500.0,0.0
500.0
3.0,2.0;4.0,3.0::-1000.0,0.0
-1000.0
4.0,3.0;3.0,2.0::1000.0,0.0
1000.0
3.0,2.0;4.0,4.0::-1005.0,0.0
-1005.0
4.0,4.0;3.0,2.0::992.5,0.0
992.5
3.0,3.0;3.0,3.0::0.0,0.0
0.0
3.0,3.0;3.0,3.0::0.0,0.0
0.0
3.0,3.0;3.0,4.0::-5.0,0.0
-5.0
3.0,4.0;3.0,3.0::-7.5,0.0
-7.5
3.0,3.0;4.0,0.0::-3000.0,0.0
-3000.0
4.0,0.0;3.0,3.0::500.0,0.0
500.0
3.0,3.0;4.0,1.0::-1000.0,0.0
-1000.0
4.0,1.0;3.0,3.0::1000.0,0.0
1000.0
3.0,3.0;4.0,2.0::-3000.0,0.0
-3000.0
4.0,2.0;3.0,3.0::500.0,0.0
500.0
3.0,3.0;4.0,3.0::-1000.0,0.0
-1000.0
4.0,3.0;3.0,3.0::1000.0,0.0
1000.0
3.0,3.0;4.0,4.0::-1005.0,0.0
-1005.0
4.0,4.0;3.0,3.0::992.5,0.0
992.5
3.0,4.0;3.0,4.0::-12.5,0.0
-12.5
3.0,4.0;3.0,4.0::-12.5,0.0
-12.5
3.0,4.0;4.0,0.0::-3002.5,0.0
-3002.5
4.0,0.0;3.0,4.0::490.0,0.0
490.0
3.0,4.0;4.0,1.0::-1002.5,0.0
-1002.5
4.0,1.0;3.0,4.0::990.0,0.0
990.0
3.0,4.0;4.0,2.0::-3002.5,0.0
-3002.5
4.0,2.0;3.0,4.0::490.0,0.0
490.0
3.0,4.0;4.0,3.0::-1002.5,0.0
-1002.5
4.0,3.0;3.0,4.0::990.0,0.0
990.0
3.0,4.0;4.0,4.0::-1007.5,0.0
-1007.5
4.0,4.0;3.0,4.0::982.5,0.0
982.5
4.0,0.0;4.0,0.0::-25.0,0.0
-25.0
4.0,0.0;4.0,0.0::-25.0,0.0
-25.0
4.0,0.0;4.0,1.0::-25.0,0.0
-25.0
4.0,1.0;4.0,0.0::-25.0,0.0
-25.0
4.0,0.0;4.0,2.0::985.0,0.0
985.0
4.0,2.0;4.0,0.0::-1010.0,0.0
-1010.0
4.0,0.0;4.0,3.0::985.0,0.0
985.0
4.0,3.0;4.0,0.0::-1010.0,0.0
-1010.0
4.0,0.0;4.0,4.0::975.0,0.0
975.0
4.0,4.0;4.0,0.0::-1012.5,0.0
-1012.5
4.0,1.0;4.0,1.0::-25.0,0.0
-25.0
4.0,1.0;4.0,1.0::-25.0,0.0
-25.0
4.0,1.0;4.0,2.0::985.0,0.0
985.0
4.0,2.0;4.0,1.0::-1010.0,0.0
-1010.0
4.0,1.0;4.0,3.0::985.0,0.0
985.0
4.0,3.0;4.0,1.0::-1010.0,0.0
-1010.0
4.0,1.0;4.0,4.0::975.0,0.0
975.0
4.0,4.0;4.0,1.0::-1012.5,0.0
-1012.5
4.0,2.0;4.0,2.0::0.0,0.0
0.0
4.0,2.0;4.0,2.0::0.0,0.0
0.0
4.0,2.0;4.0,3.0::0.0,0.0
0.0
4.0,3.0;4.0,2.0::0.0,0.0
0.0
4.0,2.0;4.0,4.0::-10.0,0.0
-10.0
4.0,4.0;4.0,2.0::-2.5,0.0
-2.5
4.0,3.0;4.0,3.0::0.0,0.0
0.0
4.0,3.0;4.0,3.0::0.0,0.0
0.0
4.0,3.0;4.0,4.0::-10.0,0.0
-10.0
4.0,4.0;4.0,3.0::-2.5,0.0
-2.5
4.0,4.0;4.0,4.0::-12.5,0.0
-12.5
4.0,4.0;4.0,4.0::-12.5,0.0
-12.5
