0.0,0.0;0.0,0.0::-3000.0,0.0
-3000.0
0.0,0.0;0.0,0.0::-3000.0,0.0
-3000.0
0.0,0.0;0.0,1.0::-3000.0,0.0
-3000.0
0.0,1.0;0.0,0.0::-3000.0,0.0
-3000.0
0.0,0.0;0.0,2.0::-500.0,0.0
-500.0
0.0,2.0;0.0,0.0::-2500.0,0.0
-2500.0
0.0,0.0;0.0,3.0::-500.0,0.0
-500.0
0.0,3.0;0.0,0.0::-2500.0,0.0
-2500.0
0.0,0.0;0.0,4.0::-525.0,0.0
-525.0
0.0,4.0;0.0,0.0::-2505.0,0.0
-2505.0
0.0,0.0;1.0,0.0::-3000.0,0.0
-3000.0
1.0,0.0;0.0,0.0::-3000.0,0.0
-3000.0
0.0,0.0;1.0,1.0::-3000.0,0.0
-3000.0
1.0,1.0;0.0,0.0::-3000.0,0.0
-3000.0
0.0,0.0;1.0,2.0::-500.0,0.0
-500.0
1.0,2.0;0.0,0.0::-2500.0,0.0
-2500.0
0.0,0.0;1.0,3.0::-500.0,0.0
-500.0
1.0,3.0;0.0,0.0::-2500.0,0.0
-2500.0
0.0,0.0;1.0,4.0::-525.0,0.0
-525.0
1.0,4.0;0.0,0.0::-2505.0,0.0
-2505.0
0.0,0.0;2.0,0.0::-2000.0,0.0
-2000.0
2.0,0.0;0.0,0.0::-4000.0,0.0
-4000.0
0.0,0.0;2.0,1.0::-2000.0,0.0
-2000.0
2.0,1.0;0.0,0.0::-4000.0,0.0
-4000.0
0.0,0.0;2.0,2.0::500.0,0.0
500.0
2.0,2.0;0.0,0.0::-3500.0,0.0
-3500.0
0.0,0.0;2.0,3.0::500.0,0.0
500.0
2.0,3.0;0.0,0.0::-3500.0,0.0
-3500.0
0.0,0.0;2.0,4.0::475.0,0.0
475.0
2.0,4.0;0.0,0.0::-3505.0,0.0
-3505.0
0.0,0.0;3.0,0.0::-2000.0,0.0
-2000.0
3.0,0.0;0.0,0.0::-4000.0,0.0
-4000.0
0.0,0.0;3.0,1.0::-2000.0,0.0
-2000.0
3.0,1.0;0.0,0.0::-4000.0,0.0
-4000.0
0.0,0.0;3.0,2.0::500.0,0.0
500.0
3.0,2.0;0.0,0.0::-3500.0,0.0
-3500.0
0.0,0.0;3.0,3.0::500.0,0.0
500.0
3.0,3.0;0.0,0.0::-3500.0,0.0
-3500.0
0.0,0.0;3.0,4.0::475.0,0.0
475.0
3.0,4.0;0.0,0.0::-3505.0,0.0
-3505.0
0.0,0.0;4.0,0.0::-1504.5,0.0
-1504.5
4.0,0.0;0.0,0.0::-1504.5,0.0
-1504.5
0.0,0.0;4.0,1.0::-1504.5,0.0
-1504.5
4.0,1.0;0.0,0.0::-1504.5,0.0
-1504.5
0.0,0.0;4.0,2.0::995.5,0.0
995.5
4.0,2.0;0.0,0.0::-1004.5,0.0
-1004.5
0.0,0.0;4.0,3.0::995.5,0.0
995.5
4.0,3.0;0.0,0.0::-1004.5,0.0
-1004.5
0.0,0.0;4.0,4.0::970.5,0.0
970.5
4.0,4.0;0.0,0.0::-1009.5,0.0
-1009.5
