2.0,4.0;2.0,4.0::-3000.0,0.0
-3000.0
2.0,4.0;2.0,4.0::-3000.0,0.0
-3000.0
2.0,4.0;3.0,0.0::-2515.0,0.0
-2515.0
3.0,0.0;2.0,4.0::-515.0,0.0
-515.0
2.0,4.0;3.0,1.0::-765.0,0.0
-765.0
3.0,1.0;2.0,4.0::-765.0,0.0
-765.0
2.0,4.0;3.0,2.0::-765.0,0.0
-765.0
3.0,2.0;2.0,4.0::-765.0,0.0
-765.0
2.0,4.0;3.0,3.0::985.0,0.0
985.0
3.0,3.0;2.0,4.0::-1015.0,0.0
-1015.0
2.0,4.0;3.0,4.0::-2515.0,0.0
-2515.0
3.0,4.0;2.0,4.0::-515.0,0.0
-515.0
2.0,4.0;4.0,0.0::-2504.5,0.0
-2504.5
4.0,0.0;2.0,4.0::-504.5,0.0
-504.5
2.0,4.0;4.0,1.0::-754.5,0.0
-754.5
4.0,1.0;2.0,4.0::-754.5,0.0
-754.5
2.0,4.0;4.0,2.0::-754.5,0.0
-754.5
4.0,2.0;2.0,4.0::-754.5,0.0
-754.5
2.0,4.0;4.0,3.0::995.5,0.0
995.5
4.0,3.0;2.0,4.0::-1004.5,0.0
-1004.5
2.0,4.0;4.0,4.0::-2504.5,0.0
-2504.5
4.0,4.0;2.0,4.0::-504.5,0.0
-504.5
