3.0,1.0;3.0,1.0::0.0,0.0
0.0
3.0,1.0;3.0,1.0::0.0,0.0
0.0
3.0,1.0;3.0,2.0::-2500.0,0.0
-2500.0
3.0,2.0;3.0,1.0::-500.0,0.0
-500.0
3.0,1.0;3.0,3.0::0.0,0.0
0.0
3.0,3.0;3.0,1.0::0.0,0.0
0.0
3.0,1.0;3.0,4.0::-15.0,0.0
-15.0
3.0,4.0;3.0,1.0::-15.0,0.0
-15.0
3.0,1.0;4.0,0.0::-2504.5,0.0
-2504.5
4.0,0.0;3.0,1.0::-504.5,0.0
-504.5
3.0,1.0;4.0,1.0::-4.5,0.0
-4.5
4.0,1.0;3.0,1.0::-4.5,0.0
-4.5
3.0,1.0;4.0,2.0::-2504.5,0.0
-2504.5
4.0,2.0;3.0,1.0::-504.5,0.0
-504.5
3.0,1.0;4.0,3.0::-4.5,0.0
-4.5
4.0,3.0;3.0,1.0::-4.5,0.0
-4.5
3.0,1.0;4.0,4.0::-19.5,0.0
-19.5
4.0,4.0;3.0,1.0::-19.5,0.0
-19.5
