0.0,1.0;0.0,1.0::-3500.0,0.0
-3500.0
0.0,1.0;0.0,1.0::-3500.0,0.0
-3500.0
0.0,1.0;0.0,2.0::-1000.0,0.0
-1000.0
0.0,2.0;0.0,1.0::-2500.0,0.0
-2500.0
0.0,1.0;0.0,3.0::-1000.0,0.0
-1000.0
0.0,3.0;0.0,1.0::-2500.0,0.0
-2500.0
0.0,1.0;0.0,4.0::-1012.5,0.0
-1012.5
0.0,4.0;0.0,1.0::-2505.0,0.0
-2505.0
0.0,1.0;1.0,0.0::-2500.0,0.0
-2500.0
1.0,0.0;0.0,1.0::-2750.0,0.0
-2750.0
0.0,1.0;1.0,1.0::-2500.0,0.0
-2500.0
1.0,1.0;0.0,1.0::-2750.0,0.0
-2750.0
0.0,1.0;1.0,2.0::0.0,0.0
0.0
1.0,2.0;0.0,1.0::-1750.0,0.0
-1750.0
0.0,1.0;1.0,3.0::0.0,0.0
0.0
1.0,3.0;0.0,1.0::-1750.0,0.0
-1750.0
0.0,1.0;1.0,4.0::-12.5,0.0
-12.5
1.0,4.0;0.0,1.0::-1755.0,0.0
-1755.0
0.0,1.0;2.0,0.0::-2500.0,0.0
-2500.0
2.0,0.0;0.0,1.0::-2750.0,0.0
-2750.0
0.0,1.0;2.0,1.0::-2500.0,0.0
-2500.0
2.0,1.0;0.0,1.0::-2750.0,0.0
-2750.0
0.0,1.0;2.0,2.0::0.0,0.0
0.0
2.0,2.0;0.0,1.0::-1750.0,0.0
-1750.0
0.0,1.0;2.0,3.0::0.0,0.0
0.0
2.0,3.0;0.0,1.0::-1750.0,0.0
-1750.0
0.0,1.0;2.0,4.0::-12.5,0.0
-12.5
2.0,4.0;0.0,1.0::-1755.0,0.0
-1755.0
0.0,1.0;3.0,0.0::-1500.0,0.0
-1500.0
3.0,0.0;0.0,1.0::-2000.0,0.0
-2000.0
0.0,1.0;3.0,1.0::-1500.0,0.0
-1500.0
3.0,1.0;0.0,1.0::-2000.0,0.0
-2000.0
0.0,1.0;3.0,2.0::1000.0,0.0
1000.0
3.0,2.0;0.0,1.0::-1000.0,0.0
-1000.0
0.0,1.0;3.0,3.0::1000.0,0.0
1000.0
3.0,3.0;0.0,1.0::-1000.0,0.0
-1000.0
0.0,1.0;3.0,4.0::987.5,0.0
987.5
3.0,4.0;0.0,1.0::-1005.0,0.0
-1005.0
0.0,1.0;4.0,0.0::-1520.0,0.0
-1520.0
4.0,0.0;0.0,1.0::-2015.0,0.0
-2015.0
0.0,1.0;4.0,1.0::-1520.0,0.0
-1520.0
4.0,1.0;0.0,1.0::-2015.0,0.0
-2015.0
0.0,1.0;4.0,2.0::980.0,0.0
980.0
4.0,2.0;0.0,1.0::-1015.0,0.0
-1015.0
0.0,1.0;4.0,3.0::980.0,0.0
980.0
4.0,3.0;0.0,1.0::-1015.0,0.0
-1015.0
0.0,1.0;4.0,4.0::967.5,0.0
967.5
4.0,4.0;0.0,1.0::-1020.0,0.0
-1020.0
