0.0,2.0;0.0,2.0::0.0,0.0
0.0
0.0,2.0;0.0,2.0::0.0,0.0
0.0
0.0,2.0;0.0,3.0::0.0,0.0
0.0
0.0,3.0;0.0,2.0::0.0,0.0
0.0
0.0,2.0;0.0,4.0::-12.5,0.0
-12.5
0.0,4.0;0.0,2.0::-5.0,0.0
-5.0
0.0,2.0;1.0,0.0::-2500.0,0.0
-2500.0
1.0,0.0;0.0,2.0::-2750.0,0.0
-2750.0
0.0,2.0;1.0,1.0::-2500.0,0.0
-2500.0
1.0,1.0;0.0,2.0::-2750.0,0.0
-2750.0
0.0,2.0;1.0,2.0::0.0,0.0
0.0
1.0,2.0;0.0,2.0::-1750.0,0.0
-1750.0
0.0,2.0;1.0,3.0::0.0,0.0
0.0
1.0,3.0;0.0,2.0::-1750.0,0.0
-1750.0
0.0,2.0;1.0,4.0::-12.5,0.0
-12.5
1.0,4.0;0.0,2.0::-1755.0,0.0
-1755.0
0.0,2.0;2.0,0.0::-2500.0,0.0
-2500.0
2.0,0.0;0.0,2.0::-2750.0,0.0
-2750.0
0.0,2.0;2.0,1.0::-2500.0,0.0
-2500.0
2.0,1.0;0.0,2.0::-2750.0,0.0
-2750.0
0.0,2.0;2.0,2.0::0.0,0.0
0.0
2.0,2.0;0.0,2.0::-1750.0,0.0
-1750.0
0.0,2.0;2.0,3.0::0.0,0.0
0.0
2.0,3.0;0.0,2.0::-1750.0,0.0
-1750.0
0.0,2.0;2.0,4.0::-12.5,0.0
-12.5
2.0,4.0;0.0,2.0::-1755.0,0.0
-1755.0
0.0,2.0;3.0,0.0::-2500.0,0.0
-2500.0
3.0,0.0;0.0,2.0::-4500.0,0.0
-4500.0
0.0,2.0;3.0,1.0::-2500.0,0.0
-2500.0
3.0,1.0;0.0,2.0::-4500.0,0.0
-4500.0
0.0,2.0;3.0,2.0::0.0,0.0
0.0
3.0,2.0;0.0,2.0::-3500.0,0.0
-3500.0
0.0,2.0;3.0,3.0::0.0,0.0
0.0
3.0,3.0;0.0,2.0::-3500.0,0.0
-3500.0
0.0,2.0;3.0,4.0::-12.5,0.0
-12.5
3.0,4.0;0.0,2.0::-3505.0,0.0
-3505.0
0.0,2.0;4.0,0.0::-2500.0,0.0
-2500.0
4.0,0.0;0.0,2.0::-1000.0,0.0
-1000.0
0.0,2.0;4.0,1.0::-2500.0,0.0
-2500.0
4.0,1.0;0.0,2.0::-1000.0,0.0
-1000.0
0.0,2.0;4.0,2.0::0.0,0.0
0.0
4.0,2.0;0.0,2.0::0.0,0.0
0.0
0.0,2.0;4.0,3.0::0.0,0.0
0.0
4.0,3.0;0.0,2.0::0.0,0.0
0.0
0.0,2.0;4.0,4.0::-12.5,0.0
-12.5
4.0,4.0;0.0,2.0::-5.0,0.0
-5.0
