0.0,4.0;0.0,4.0::-17.5,0.0
-17.5
0.0,4.0;0.0,4.0::-17.5,0.0
-17.5
0.0,4.0;1.0,0.0::-1510.0,0.0
-1510.0
1.0,0.0;0.0,4.0::-2007.5,0.0
-2007.5
0.0,4.0;1.0,1.0::-1510.0,0.0
-1510.0
1.0,1.0;0.0,4.0::-2007.5,0.0
-2007.5
0.0,4.0;1.0,2.0::990.0,0.0
990.0
1.0,2.0;0.0,4.0::-1007.5,0.0
-1007.5
0.0,4.0;1.0,3.0::990.0,0.0
990.0
1.0,3.0;0.0,4.0::-1007.5,0.0
-1007.5
0.0,4.0;1.0,4.0::977.5,0.0
977.5
1.0,4.0;0.0,4.0::-1012.5,0.0
-1012.5
0.0,4.0;2.0,0.0::-2500.0,0.0
-2500.0
2.0,0.0;0.0,4.0::-4500.0,0.0
-4500.0
0.0,4.0;2.0,1.0::-2500.0,0.0
-2500.0
2.0,1.0;0.0,4.0::-4500.0,0.0
-4500.0
0.0,4.0;2.0,2.0::0.0,0.0
0.0
2.0,2.0;0.0,4.0::-3500.0,0.0
-3500.0
0.0,4.0;2.0,3.0::0.0,0.0
0.0
2.0,3.0;0.0,4.0::-3500.0,0.0
-3500.0
0.0,4.0;2.0,4.0::-12.5,0.0
-12.5
2.0,4.0;0.0,4.0::-3505.0,0.0
-3505.0
0.0,4.0;3.0,0.0::-1510.0,0.0
-1510.0
3.0,0.0;0.0,4.0::-2007.5,0.0
-2007.5
0.0,4.0;3.0,1.0::-1510.0,0.0
-1510.0
3.0,1.0;0.0,4.0::-2007.5,0.0
-2007.5
0.0,4.0;3.0,2.0::990.0,0.0
990.0
3.0,2.0;0.0,4.0::-1007.5,0.0
-1007.5
0.0,4.0;3.0,3.0::990.0,0.0
990.0
3.0,3.0;0.0,4.0::-1007.5,0.0
-1007.5
0.0,4.0;3.0,4.0::977.5,0.0
977.5
3.0,4.0;0.0,4.0::-1012.5,0.0
-1012.5
0.0,4.0;4.0,0.0::-2505.0,0.0
-2505.0
4.0,0.0;0.0,4.0::-1012.5,0.0
-1012.5
0.0,4.0;4.0,1.0::-2505.0,0.0
-2505.0
4.0,1.0;0.0,4.0::-1012.5,0.0
-1012.5
0.0,4.0;4.0,2.0::-5.0,0.0
-5.0
4.0,2.0;0.0,4.0::-12.5,0.0
-12.5
0.0,4.0;4.0,3.0::-5.0,0.0
-5.0
4.0,3.0;0.0,4.0::-12.5,0.0
-12.5
0.0,4.0;4.0,4.0::-17.5,0.0
-17.5
4.0,4.0;0.0,4.0::-17.5,0.0
-17.5
