0.0,0.0;0.0,0.0::-809.5,52.92078986560953
-809.5
0.0,0.0;0.0,0.0::-801.26,53.13127515879891
-801.26
0.0,0.0;0.0,10.0::-1890.595,657.5892513377937
-1890.595
0.0,10.0;0.0,0.0::-330.215,532.1834000370551
-330.215
0.0,0.0;10.0,0.0::-813.8,63.96479500475243
-813.8
10.0,0.0;0.0,0.0::-844.66,158.54809806490903
-844.66
0.0,0.0;10.0,10.0::-1945.75,683.1446204867605
-1945.75
10.0,10.0;0.0,0.0::-389.21,552.1540101276092
-389.21
0.0,10.0;0.0,10.0::-1426.335,842.89694226222
-1426.335
0.0,10.0;0.0,10.0::-1417.755,838.4959078463054
-1417.755
0.0,10.0;10.0,0.0::-1141.15,57.51914898535964
-1141.15
10.0,0.0;0.0,10.0::-2438.93,59.99041673467523
-2438.93
0.0,10.0;10.0,10.0::-2044.38,620.1338449076941
-2044.38
10.0,10.0;0.0,10.0::-1829.16,498.1734079615249
-1829.16
10.0,0.0;10.0,0.0::-813.83,51.77809478920597
-813.83
10.0,0.0;10.0,0.0::-806.59,51.115476130033265
-806.59
10.0,0.0;10.0,10.0::-2439.15,53.34985941874636
-2439.15
10.0,10.0;10.0,0.0::-1143.33,52.23237597505975
-1143.33
10.0,10.0;10.0,10.0::-2742.05,142.94499816362935
-2742.05
10.0,10.0;10.0,10.0::-2735.89,141.4943210874556
-2735.89
