0.0,1.0;0.0,1.0::-2500.0,0.0
-2500.0
0.0,1.0;0.0,1.0::-2500.0,0.0
-2500.0
0.0,1.0;0.0,2.0::0.0,0.0
0.0
0.0,2.0;0.0,1.0::-2000.0,0.0
-2000.0
0.0,1.0;0.0,3.0::0.0,0.0
0.0
0.0,3.0;0.0,1.0::-2000.0,0.0
-2000.0
0.0,1.0;0.0,4.0::-25.0,0.0
-25.0
0.0,4.0;0.0,1.0::-2005.0,0.0
-2005.0
0.0,1.0;1.0,0.0::-1750.0,0.0
-1750.0
1.0,0.0;0.0,1.0::-2000.0,0.0
-2000.0
0.0,1.0;1.0,1.0::-1750.0,0.0
-1750.0
1.0,1.0;0.0,1.0::-2000.0,0.0
-2000.0
0.0,1.0;1.0,2.0::750.0,0.0
750.0
1.0,2.0;0.0,1.0::-1500.0,0.0
-1500.0
0.0,1.0;1.0,3.0::750.0,0.0
750.0
1.0,3.0;0.0,1.0::-1500.0,0.0
-1500.0
0.0,1.0;1.0,4.0::725.0,0.0
725.0
1.0,4.0;0.0,1.0::-1505.0,0.0
-1505.0
0.0,1.0;2.0,0.0::-1750.0,0.0
-1750.0
2.0,0.0;0.0,1.0::-2000.0,0.0
-2000.0
0.0,1.0;2.0,1.0::-1750.0,0.0
-1750.0
2.0,1.0;0.0,1.0::-2000.0,0.0
-2000.0
0.0,1.0;2.0,2.0::750.0,0.0
750.0
2.0,2.0;0.0,1.0::-1500.0,0.0
-1500.0
0.0,1.0;2.0,3.0::750.0,0.0
750.0
2.0,3.0;0.0,1.0::-1500.0,0.0
-1500.0
0.0,1.0;2.0,4.0::725.0,0.0
725.0
2.0,4.0;0.0,1.0::-1505.0,0.0
-1505.0
0.0,1.0;3.0,0.0::-1000.0,0.0
-1000.0
3.0,0.0;0.0,1.0::-1500.0,0.0
-1500.0
0.0,1.0;3.0,1.0::-1000.0,0.0
-1000.0
3.0,1.0;0.0,1.0::-1500.0,0.0
-1500.0
0.0,1.0;3.0,2.0::1500.0,0.0
1500.0
3.0,2.0;0.0,1.0::-1000.0,0.0
-1000.0
0.0,1.0;3.0,3.0::1500.0,0.0
1500.0
3.0,3.0;0.0,1.0::-1000.0,0.0
-1000.0
0.0,1.0;3.0,4.0::1475.0,0.0
1475.0
3.0,4.0;0.0,1.0::-1005.0,0.0
-1005.0
0.0,1.0;4.0,0.0::-1007.5,0.0
-1007.5
4.0,0.0;0.0,1.0::-1505.0,0.0
-1505.0
0.0,1.0;4.0,1.0::-1007.5,0.0
-1007.5
4.0,1.0;0.0,1.0::-1505.0,0.0
-1505.0
0.0,1.0;4.0,2.0::1492.5,0.0
1492.5
4.0,2.0;0.0,1.0::-1005.0,0.0
-1005.0
0.0,1.0;4.0,3.0::1492.5,0.0
1492.5
4.0,3.0;0.0,1.0::-1005.0,0.0
-1005.0
0.0,1.0;4.0,4.0::1467.5,0.0
1467.5
4.0,4.0;0.0,1.0::-1010.0,0.0
-1010.0
