2.0,4.0;2.0,4.0::-3000.0,0.0
-3000.0
2.0,4.0;2.0,4.0::-3000.0,0.0
-3000.0
2.0,4.0;3.0,0.0::-2515.0,0.0
-2515.0
3.0,0.0;2.0,4.0::-510.0,0.0
-510.0
2.0,4.0;3.0,1.0::-515.0,0.0
-515.0
3.0,1.0;2.0,4.0::-760.0,0.0
-760.0
2.0,4.0;3.0,2.0::-515.0,0.0
-515.0
3.0,2.0;2.0,4.0::-760.0,0.0
-760.0
2.0,4.0;3.0,3.0::1485.0,0.0
1485.0
3.0,3.0;2.0,4.0::-1010.0,0.0
-1010.0
2.0,4.0;3.0,4.0::-2515.0,0.0
-2515.0
3.0,4.0;2.0,4.0::-510.0,0.0
-510.0
2.0,4.0;4.0,0.0::-2507.5,0.0
-2507.5
4.0,0.0;2.0,4.0::-505.0,0.0
-505.0
2.0,4.0;4.0,1.0::-507.5,0.0
-507.5
4.0,1.0;2.0,4.0::-755.0,0.0
-755.0
2.0,4.0;4.0,2.0::-507.5,0.0
-507.5
4.0,2.0;2.0,4.0::-755.0,0.0
-755.0
2.0,4.0;4.0,3.0::1492.5,0.0
1492.5
4.0,3.0;2.0,4.0::-1005.0,0.0
-1005.0
2.0,4.0;4.0,4.0::-2507.5,0.0
-2507.5
4.0,4.0;2.0,4.0::-505.0,0.0
-505.0
