0.0,2.0;0.0,2.0::500.0,0.0
500.0
0.0,2.0;0.0,2.0::500.0,0.0
500.0
0.0,2.0;0.0,3.0::500.0,0.0
500.0
0.0,3.0;0.0,2.0::500.0,0.0
500.0
0.0,2.0;0.0,4.0::475.0,0.0
475.0
0.0,4.0;0.0,2.0::495.0,0.0
495.0
0.0,2.0;1.0,0.0::-1750.0,0.0
-1750.0
1.0,0.0;0.0,2.0::-2000.0,0.0
-2000.0
0.0,2.0;1.0,1.0::-1750.0,0.0
-1750.0
1.0,1.0;0.0,2.0::-2000.0,0.0
-2000.0
0.0,2.0;1.0,2.0::750.0,0.0
750.0
1.0,2.0;0.0,2.0::-1500.0,0.0
-1500.0
0.0,2.0;1.0,3.0::750.0,0.0
750.0
1.0,3.0;0.0,2.0::-1500.0,0.0
-1500.0
0.0,2.0;1.0,4.0::725.0,0.0
725.0
1.0,4.0;0.0,2.0::-1505.0,0.0
-1505.0
0.0,2.0;2.0,0.0::-1750.0,0.0
-1750.0
2.0,0.0;0.0,2.0::-2000.0,0.0
-2000.0
0.0,2.0;2.0,1.0::-1750.0,0.0
-1750.0
2.0,1.0;0.0,2.0::-2000.0,0.0
-2000.0
0.0,2.0;2.0,2.0::750.0,0.0
750.0
2.0,2.0;0.0,2.0::-1500.0,0.0
-1500.0
0.0,2.0;2.0,3.0::750.0,0.0
750.0
2.0,3.0;0.0,2.0::-1500.0,0.0
-1500.0
0.0,2.0;2.0,4.0::725.0,0.0
725.0
2.0,4.0;0.0,2.0::-1505.0,0.0
-1505.0
0.0,2.0;3.0,0.0::-1500.0,0.0
-1500.0
3.0,0.0;0.0,2.0::-4000.0,0.0
-4000.0
0.0,2.0;3.0,1.0::-1500.0,0.0
-1500.0
3.0,1.0;0.0,2.0::-4000.0,0.0
-4000.0
0.0,2.0;3.0,2.0::1000.0,0.0
1000.0
3.0,2.0;0.0,2.0::-3500.0,0.0
-3500.0
0.0,2.0;3.0,3.0::1000.0,0.0
1000.0
3.0,3.0;0.0,2.0::-3500.0,0.0
-3500.0
0.0,2.0;3.0,4.0::975.0,0.0
975.0
3.0,4.0;0.0,2.0::-3505.0,0.0
-3505.0
0.0,2.0;4.0,0.0::-2000.0,0.0
-2000.0
4.0,0.0;0.0,2.0::0.0,0.0
0.0
0.0,2.0;4.0,1.0::-2000.0,0.0
-2000.0
4.0,1.0;0.0,2.0::0.0,0.0
0.0
0.0,2.0;4.0,2.0::500.0,0.0
500.0
4.0,2.0;0.0,2.0::500.0,0.0
500.0
0.0,2.0;4.0,3.0::500.0,0.0
500.0
4.0,3.0;0.0,2.0::500.0,0.0
500.0
0.0,2.0;4.0,4.0::475.0,0.0
475.0
4.0,4.0;0.0,2.0::495.0,0.0
495.0
