0.0,4.0;0.0,4.0::470.0,0.0
470.0
0.0,4.0;0.0,4.0::470.0,0.0
470.0
0.0,4.0;1.0,0.0::-1015.0,0.0
-1015.0
1.0,0.0;0.0,4.0::-1510.0,0.0
-1510.0
0.0,4.0;1.0,1.0::-1015.0,0.0
-1015.0
1.0,1.0;0.0,4.0::-1510.0,0.0
-1510.0
0.0,4.0;1.0,2.0::1485.0,0.0
1485.0
1.0,2.0;0.0,4.0::-1010.0,0.0
-1010.0
0.0,4.0;1.0,3.0::1485.0,0.0
1485.0
1.0,3.0;0.0,4.0::-1010.0,0.0
-1010.0
0.0,4.0;1.0,4.0::1460.0,0.0
1460.0
1.0,4.0;0.0,4.0::-1015.0,0.0
-1015.0
0.0,4.0;2.0,0.0::-1500.0,0.0
-1500.0
2.0,0.0;0.0,4.0::-4000.0,0.0
-4000.0
0.0,4.0;2.0,1.0::-1500.0,0.0
-1500.0
2.0,1.0;0.0,4.0::-4000.0,0.0
-4000.0
0.0,4.0;2.0,2.0::1000.0,0.0
1000.0
2.0,2.0;0.0,4.0::-3500.0,0.0
-3500.0
0.0,4.0;2.0,3.0::1000.0,0.0
1000.0
2.0,3.0;0.0,4.0::-3500.0,0.0
-3500.0
0.0,4.0;2.0,4.0::975.0,0.0
975.0
2.0,4.0;0.0,4.0::-3505.0,0.0
-3505.0
0.0,4.0;3.0,0.0::-1015.0,0.0
-1015.0
3.0,0.0;0.0,4.0::-1510.0,0.0
-1510.0
0.0,4.0;3.0,1.0::-1015.0,0.0
-1015.0
3.0,1.0;0.0,4.0::-1510.0,0.0
-1510.0
0.0,4.0;3.0,2.0::1485.0,0.0
1485.0
3.0,2.0;0.0,4.0::-1010.0,0.0
-1010.0
0.0,4.0;3.0,3.0::1485.0,0.0
1485.0
3.0,3.0;0.0,4.0::-1010.0,0.0
-1010.0
0.0,4.0;3.0,4.0::1460.0,0.0
1460.0
3.0,4.0;0.0,4.0::-1015.0,0.0
-1015.0
0.0,4.0;4.0,0.0::-1007.5,0.0
-1007.5
4.0,0.0;0.0,4.0::-1505.0,0.0
-1505.0
0.0,4.0;4.0,1.0::-1007.5,0.0
-1007.5
4.0,1.0;0.0,4.0::-1505.0,0.0
-1505.0
0.0,4.0;4.0,2.0::1492.5,0.0
1492.5
4.0,2.0;0.0,4.0::-1005.0,0.0
-1005.0
0.0,4.0;4.0,3.0::1492.5,0.0
1492.5
4.0,3.0;0.0,4.0::-1005.0,0.0
-1005.0
0.0,4.0;4.0,4.0::1467.5,0.0
1467.5
4.0,4.0;0.0,4.0::-1010.0,0.0
-1010.0
