2.0,0.0;2.0,0.0::-3000.0,0.0
-3000.0
2.0,0.0;2.0,0.0::-3000.0,0.0
-3000.0
2.0,0.0;2.0,1.0::-1250.0,0.0
-1250.0
2.0,1.0;2.0,0.0::-3250.0,0.0
-3250.0
2.0,0.0;2.0,2.0::-1250.0,0.0
-1250.0
2.0,2.0;2.0,0.0::-3250.0,0.0
-3250.0
2.0,0.0;2.0,3.0::500.0,0.0
500.0
2.0,3.0;2.0,0.0::-3500.0,0.0
-3500.0
2.0,0.0;2.0,4.0::-3000.0,0.0
-3000.0
2.0,4.0;2.0,0.0::-3000.0,0.0
-3000.0
2.0,0.0;3.0,0.0::-3000.0,0.0
-3000.0
3.0,0.0;2.0,0.0::-3000.0,0.0
-3000.0
2.0,0.0;3.0,1.0::-1250.0,0.0
-1250.0
3.0,1.0;2.0,0.0::-3250.0,0.0
-3250.0
2.0,0.0;3.0,2.0::-1250.0,0.0
-1250.0
3.0,2.0;2.0,0.0::-3250.0,0.0
-3250.0
2.0,0.0;3.0,3.0::500.0,0.0
500.0
3.0,3.0;2.0,0.0::-3500.0,0.0
-3500.0
2.0,0.0;3.0,4.0::-3000.0,0.0
-3000.0
3.0,4.0;2.0,0.0::-3000.0,0.0
-3000.0
2.0,0.0;4.0,0.0::-2506.0,0.0
-2506.0
4.0,0.0;2.0,0.0::-506.0,0.0
-506.0
2.0,0.0;4.0,1.0::-756.0,0.0
-756.0
4.0,1.0;2.0,0.0::-756.0,0.0
-756.0
2.0,0.0;4.0,2.0::-756.0,0.0
-756.0
4.0,2.0;2.0,0.0::-756.0,0.0
-756.0
2.0,0.0;4.0,3.0::994.0,0.0
994.0
4.0,3.0;2.0,0.0::-1006.0,0.0
-1006.0
2.0,0.0;4.0,4.0::-2506.0,0.0
-2506.0
4.0,4.0;2.0,0.0::-506.0,0.0
-506.0
