2.0,4.0;2.0,4.0::-3000.0,0.0
-3000.0
2.0,4.0;2.0,4.0::-3000.0,0.0
-3000.0
2.0,4.0;3.0,0.0::-2515.0,0.0
-2515.0
3.0,0.0;2.0,4.0::-515.0,0.0
-515.0
2.0,4.0;3.0,1.0::-765.0,0.0
-765.0
3.0,1.0;2.0,4.0::-765.0,0.0
-765.0
2.0,4.0;3.0,2.0::-765.0,0.0
-765.0
3.0,2.0;2.0,4.0::-765.0,0.0
-765.0
2.0,4.0;3.0,3.0::985.0,0.0
985.0
3.0,3.0;2.0,4.0::-1015.0,0.0
-1015.0
2.0,4.0;3.0,4.0::-2515.0,0.0
-2515.0
3.0,4.0;2.0,4.0::-515.0,0.0
-515.0
2.0,4.0;4.0,0.0::-2506.0,0.0
-2506.0
4.0,0.0;2.0,4.0::-506.0,0.0
-506.0
2.0,4.0;4.0,1.0::-756.0,0.0
-756.0
4.0,1.0;2.0,4.0::-756.0,0.0
-756.0
2.0,4.0;4.0,2.0::-756.0,0.0
-756.0
4.0,2.0;2.0,4.0::-756.0,0.0
-756.0
2.0,4.0;4.0,3.0::994.0,0.0
994.0
4.0,3.0;2.0,4.0::-1006.0,0.0
-1006.0
2.0,4.0;4.0,4.0::-2506.0,0.0
-2506.0
4.0,4.0;2.0,4.0::-506.0,0.0
-506.0
