3.0,0.0;3.0,0.0::-3000.0,0.0
-3000.0
3.0,0.0;3.0,0.0::-3000.0,0.0
-3000.0
3.0,0.0;3.0,1.0::-500.0,0.0
-500.0
3.0,1.0;3.0,0.0::-2500.0,0.0
-2500.0
3.0,0.0;3.0,2.0::-3000.0,0.0
-3000.0
3.0,2.0;3.0,0.0::-3000.0,0.0
-3000.0
3.0,0.0;3.0,3.0::-500.0,0.0
-500.0
3.0,3.0;3.0,0.0::-2500.0,0.0
-2500.0
3.0,0.0;3.0,4.0::-515.0,0.0
-515.0
3.0,4.0;3.0,0.0::-2515.0,0.0
-2515.0
3.0,0.0;4.0,0.0::-2506.0,0.0
-2506.0
4.0,0.0;3.0,0.0::-506.0,0.0
-506.0
3.0,0.0;4.0,1.0::-6.0,0.0
-6.0
4.0,1.0;3.0,0.0::-6.0,0.0
-6.0
3.0,0.0;4.0,2.0::-2506.0,0.0
-2506.0
4.0,2.0;3.0,0.0::-506.0,0.0
-506.0
3.0,0.0;4.0,3.0::-6.0,0.0
-6.0
4.0,3.0;3.0,0.0::-6.0,0.0
-6.0
3.0,0.0;4.0,4.0::-21.0,0.0
-21.0
4.0,4.0;3.0,0.0::-21.0,0.0
-21.0
