1.0,1.0;1.0,1.0::-1500.0,0.0
-1500.0
1.0,1.0;1.0,1.0::-1500.0,0.0
-1500.0
1.0,1.0;1.0,2.0::-1500.0,0.0
-1500.0
1.0,2.0;1.0,1.0::-1500.0,0.0
-1500.0
1.0,1.0;1.0,3.0::-750.0,0.0
-750.0
1.0,3.0;1.0,1.0::-750.0,0.0
-750.0
1.0,1.0;1.0,4.0::-765.0,0.0
-765.0
1.0,4.0;1.0,1.0::-765.0,0.0
-765.0
1.0,1.0;2.0,0.0::-2250.0,0.0
-2250.0
2.0,0.0;1.0,1.0::-2250.0,0.0
-2250.0
1.0,1.0;2.0,1.0::-1500.0,0.0
-1500.0
2.0,1.0;1.0,1.0::-1500.0,0.0
-1500.0
1.0,1.0;2.0,2.0::-1500.0,0.0
-1500.0
2.0,2.0;1.0,1.0::-1500.0,0.0
-1500.0
1.0,1.0;2.0,3.0::-750.0,0.0
-750.0
2.0,3.0;1.0,1.0::-750.0,0.0
-750.0
1.0,1.0;2.0,4.0::-765.0,0.0
-765.0
2.0,4.0;1.0,1.0::-765.0,0.0
-765.0
1.0,1.0;3.0,0.0::-1500.0,0.0
-1500.0
3.0,0.0;1.0,1.0::-1500.0,0.0
-1500.0
1.0,1.0;3.0,1.0::-750.0,0.0
-750.0
3.0,1.0;1.0,1.0::-750.0,0.0
-750.0
1.0,1.0;3.0,2.0::-750.0,0.0
-750.0
3.0,2.0;1.0,1.0::-750.0,0.0
-750.0
1.0,1.0;3.0,3.0::0.0,0.0
0.0
3.0,3.0;1.0,1.0::0.0,0.0
0.0
1.0,1.0;3.0,4.0::-15.0,0.0
-15.0
3.0,4.0;1.0,1.0::-15.0,0.0
-15.0
1.0,1.0;4.0,0.0::-1506.0,0.0
-1506.0
4.0,0.0;1.0,1.0::-1506.0,0.0
-1506.0
1.0,1.0;4.0,1.0::-756.0,0.0
-756.0
4.0,1.0;1.0,1.0::-756.0,0.0
-756.0
1.0,1.0;4.0,2.0::-756.0,0.0
-756.0
4.0,2.0;1.0,1.0::-756.0,0.0
-756.0
1.0,1.0;4.0,3.0::-6.0,0.0
-6.0
4.0,3.0;1.0,1.0::-6.0,0.0
-6.0
1.0,1.0;4.0,4.0::-21.0,0.0
-21.0
4.0,4.0;1.0,1.0::-21.0,0.0
-21.0
