0.0,0.0;0.0,0.0::-3000.0,0.0
-3000.0
0.0,0.0;0.0,0.0::-3000.0,0.0
-3000.0
0.0,0.0;0.0,1.0::-3000.0,0.0
-3000.0
0.0,1.0;0.0,0.0::-3000.0,0.0
-3000.0
0.0,0.0;0.0,2.0::-500.0,0.0
-500.0
0.0,2.0;0.0,0.0::-2500.0,0.0
-2500.0
0.0,0.0;0.0,3.0::-500.0,0.0
-500.0
0.0,3.0;0.0,0.0::-2500.0,0.0
-2500.0
0.0,0.0;0.0,4.0::-525.0,0.0
-525.0
0.0,4.0;0.0,0.0::-2505.0,0.0
-2505.0
0.0,0.0;1.0,0.0::-3000.0,0.0
-3000.0
1.0,0.0;0.0,0.0::-3000.0,0.0
-3000.0
0.0,0.0;1.0,1.0::-3000.0,0.0
-3000.0
1.0,1.0;0.0,0.0::-3000.0,0.0
-3000.0
0.0,0.0;1.0,2.0::-500.0,0.0
-500.0
1.0,2.0;0.0,0.0::-2500.0,0.0
-2500.0
0.0,0.0;1.0,3.0::-500.0,0.0
-500.0
1.0,3.0;0.0,0.0::-2500.0,0.0
-2500.0
0.0,0.0;1.0,4.0::-525.0,0.0
-525.0
1.0,4.0;0.0,0.0::-2505.0,0.0
-2505.0
0.0,0.0;2.0,0.0::-2000.0,0.0
-2000.0
2.0,0.0;0.0,0.0::-4000.0,0.0
-4000.0
0.0,0.0;2.0,1.0::-2000.0,0.0
-2000.0
2.0,1.0;0.0,0.0::-4000.0,0.0
-4000.0
0.0,0.0;2.0,2.0::500.0,0.0
500.0
2.0,2.0;0.0,0.0::-3500.0,0.0
-3500.0
0.0,0.0;2.0,3.0::500.0,0.0
500.0
2.0,3.0;0.0,0.0::-3500.0,0.0
-3500.0
0.0,0.0;2.0,4.0::475.0,0.0
475.0
2.0,4.0;0.0,0.0::-3505.0,0.0
-3505.0
0.0,0.0;3.0,0.0::-2000.0,0.0
-2000.0
3.0,0.0;0.0,0.0::-4000.0,0.0
-4000.0
0.0,0.0;3.0,1.0::-2000.0,0.0
-2000.0
3.0,1.0;0.0,0.0::-4000.0,0.0
-4000.0
0.0,0.0;3.0,2.0::500.0,0.0
500.0
3.0,2.0;0.0,0.0::-3500.0,0.0
-3500.0
0.0,0.0;3.0,3.0::500.0,0.0
500.0
3.0,3.0;0.0,0.0::-3500.0,0.0
-3500.0
0.0,0.0;3.0,4.0::475.0,0.0
475.0
3.0,4.0;0.0,0.0::-3505.0,0.0
-3505.0
0.0,0.0;4.0,0.0::-1506.0,0.0
-1506.0
4.0,0.0;0.0,0.0::-1506.0,0.0
-1506.0
0.0,0.0;4.0,1.0::-1506.0,0.0
-1506.0
4.0,1.0;0.0,0.0::-1506.0,0.0
-1506.0
0.0,0.0;4.0,2.0::994.0,0.0
994.0
4.0,2.0;0.0,0.0::-1006.0,0.0
-1006.0
0.0,0.0;4.0,3.0::994.0,0.0
994.0
4.0,3.0;0.0,0.0::-1006.0,0.0
-1006.0
0.0,0.0;4.0,4.0::969.0,0.0
969.0
4.0,4.0;0.0,0.0::-1011.0,0.0
-1011.0
0.0,1.0;0.0,1.0::-3000.0,0.0
-3000.0
0.0,1.0;0.0,1.0::-3000.0,0.0
-3000.0
0.0,1.0;0.0,2.0::-500.0,0.0
-500.0
0.0,2.0;0.0,1.0::-2500.0,0.0
-2500.0
0.0,1.0;0.0,3.0::-500.0,0.0
-500.0
0.0,3.0;0.0,1.0::-2500.0,0.0
-2500.0
0.0,1.0;0.0,4.0::-525.0,0.0
-525.0
0.0,4.0;0.0,1.0::-2505.0,0.0
-2505.0
0.0,1.0;1.0,0.0::-2250.0,0.0
-2250.0
1.0,0.0;0.0,1.0::-2250.0,0.0
-2250.0
0.0,1.0;1.0,1.0::-2250.0,0.0
-2250.0
1.0,1.0;0.0,1.0::-2250.0,0.0
-2250.0
0.0,1.0;1.0,2.0::250.0,0.0
250.0
1.0,2.0;0.0,1.0::-1750.0,0.0
-1750.0
0.0,1.0;1.0,3.0::250.0,0.0
250.0
1.0,3.0;0.0,1.0::-1750.0,0.0
-1750.0
0.0,1.0;1.0,4.0::225.0,0.0
225.0
1.0,4.0;0.0,1.0::-1755.0,0.0
-1755.0
0.0,1.0;2.0,0.0::-2250.0,0.0
-2250.0
2.0,0.0;0.0,1.0::-2250.0,0.0
-2250.0
0.0,1.0;2.0,1.0::-2250.0,0.0
-2250.0
2.0,1.0;0.0,1.0::-2250.0,0.0
-2250.0
0.0,1.0;2.0,2.0::250.0,0.0
250.0
2.0,2.0;0.0,1.0::-1750.0,0.0
-1750.0
0.0,1.0;2.0,3.0::250.0,0.0
250.0
2.0,3.0;0.0,1.0::-1750.0,0.0
-1750.0
0.0,1.0;2.0,4.0::225.0,0.0
225.0
2.0,4.0;0.0,1.0::-1755.0,0.0
-1755.0
0.0,1.0;3.0,0.0::-1500.0,0.0
-1500.0
3.0,0.0;0.0,1.0::-1500.0,0.0
-1500.0
0.0,1.0;3.0,1.0::-1500.0,0.0
-1500.0
3.0,1.0;0.0,1.0::-1500.0,0.0
-1500.0
0.0,1.0;3.0,2.0::1000.0,0.0
1000.0
3.0,2.0;0.0,1.0::-1000.0,0.0
-1000.0
0.0,1.0;3.0,3.0::1000.0,0.0
1000.0
3.0,3.0;0.0,1.0::-1000.0,0.0
-1000.0
0.0,1.0;3.0,4.0::975.0,0.0
975.0
3.0,4.0;0.0,1.0::-1005.0,0.0
-1005.0
0.0,1.0;4.0,0.0::-1506.0,0.0
-1506.0
4.0,0.0;0.0,1.0::-1506.0,0.0
-1506.0
0.0,1.0;4.0,1.0::-1506.0,0.0
-1506.0
4.0,1.0;0.0,1.0::-1506.0,0.0
-1506.0
0.0,1.0;4.0,2.0::994.0,0.0
994.0
4.0,2.0;0.0,1.0::-1006.0,0.0
-1006.0
0.0,1.0;4.0,3.0::994.0,0.0
994.0
4.0,3.0;0.0,1.0::-1006.0,0.0
-1006.0
0.0,1.0;4.0,4.0::969.0,0.0
969.0
4.0,4.0;0.0,1.0::-1011.0,0.0
-1011.0
0.0,2.0;0.0,2.0::0.0,0.0
0.0
0.0,2.0;0.0,2.0::0.0,0.0
0.0
0.0,2.0;0.0,3.0::0.0,0.0
0.0
0.0,3.0;0.0,2.0::0.0,0.0
0.0
0.0,2.0;0.0,4.0::-25.0,0.0
-25.0
0.0,4.0;0.0,2.0::-5.0,0.0
-5.0
0.0,2.0;1.0,0.0::-2250.0,0.0
-2250.0
1.0,0.0;0.0,2.0::-2250.0,0.0
-2250.0
0.0,2.0;1.0,1.0::-2250.0,0.0
-2250.0
1.0,1.0;0.0,2.0::-2250.0,0.0
-2250.0
0.0,2.0;1.0,2.0::250.0,0.0
250.0
1.0,2.0;0.0,2.0::-1750.0,0.0
-1750.0
0.0,2.0;1.0,3.0::250.0,0.0
250.0
1.0,3.0;0.0,2.0::-1750.0,0.0
-1750.0
0.0,2.0;1.0,4.0::225.0,0.0
225.0
1.0,4.0;0.0,2.0::-1755.0,0.0
-1755.0
0.0,2.0;2.0,0.0::-2250.0,0.0
-2250.0
2.0,0.0;0.0,2.0::-2250.0,0.0
-2250.0
0.0,2.0;2.0,1.0::-2250.0,0.0
-2250.0
2.0,1.0;0.0,2.0::-2250.0,0.0
-2250.0
0.0,2.0;2.0,2.0::250.0,0.0
250.0
2.0,2.0;0.0,2.0::-1750.0,0.0
-1750.0
0.0,2.0;2.0,3.0::250.0,0.0
250.0
2.0,3.0;0.0,2.0::-1750.0,0.0
-1750.0
0.0,2.0;2.0,4.0::225.0,0.0
225.0
2.0,4.0;0.0,2.0::-1755.0,0.0
-1755.0
0.0,2.0;3.0,0.0::-2000.0,0.0
-2000.0
3.0,0.0;0.0,2.0::-4000.0,0.0
-4000.0
0.0,2.0;3.0,1.0::-2000.0,0.0
-2000.0
3.0,1.0;0.0,2.0::-4000.0,0.0
-4000.0
0.0,2.0;3.0,2.0::500.0,0.0
500.0
3.0,2.0;0.0,2.0::-3500.0,0.0
-3500.0
0.0,2.0;3.0,3.0::500.0,0.0
500.0
3.0,3.0;0.0,2.0::-3500.0,0.0
-3500.0
0.0,2.0;3.0,4.0::475.0,0.0
475.0
3.0,4.0;0.0,2.0::-3505.0,0.0
-3505.0
0.0,2.0;4.0,0.0::-2500.0,0.0
-2500.0
4.0,0.0;0.0,2.0::-500.0,0.0
-500.0
0.0,2.0;4.0,1.0::-2500.0,0.0
-2500.0
4.0,1.0;0.0,2.0::-500.0,0.0
-500.0
0.0,2.0;4.0,2.0::0.0,0.0
0.0
4.0,2.0;0.0,2.0::0.0,0.0
0.0
0.0,2.0;4.0,3.0::0.0,0.0
0.0
4.0,3.0;0.0,2.0::0.0,0.0
0.0
0.0,2.0;4.0,4.0::-25.0,0.0
-25.0
4.0,4.0;0.0,2.0::-5.0,0.0
-5.0
0.0,3.0;0.0,3.0::0.0,0.0
0.0
0.0,3.0;0.0,3.0::0.0,0.0
0.0
0.0,3.0;0.0,4.0::-25.0,0.0
-25.0
0.0,4.0;0.0,3.0::-5.0,0.0
-5.0
0.0,3.0;1.0,0.0::-1500.0,0.0
-1500.0
1.0,0.0;0.0,3.0::-1500.0,0.0
-1500.0
0.0,3.0;1.0,1.0::-1500.0,0.0
-1500.0
1.0,1.0;0.0,3.0::-1500.0,0.0
-1500.0
0.0,3.0;1.0,2.0::1000.0,0.0
1000.0
1.0,2.0;0.0,3.0::-1000.0,0.0
-1000.0
0.0,3.0;1.0,3.0::1000.0,0.0
1000.0
1.0,3.0;0.0,3.0::-1000.0,0.0
-1000.0
0.0,3.0;1.0,4.0::975.0,0.0
975.0
1.0,4.0;0.0,3.0::-1005.0,0.0
-1005.0
0.0,3.0;2.0,0.0::-2500.0,0.0
-2500.0
2.0,0.0;0.0,3.0::-500.0,0.0
-500.0
0.0,3.0;2.0,1.0::-2500.0,0.0
-2500.0
2.0,1.0;0.0,3.0::-500.0,0.0
-500.0
0.0,3.0;2.0,2.0::0.0,0.0
0.0
2.0,2.0;0.0,3.0::0.0,0.0
0.0
0.0,3.0;2.0,3.0::0.0,0.0
0.0
2.0,3.0;0.0,3.0::0.0,0.0
0.0
0.0,3.0;2.0,4.0::-25.0,0.0
-25.0
2.0,4.0;0.0,3.0::-5.0,0.0
-5.0
0.0,3.0;3.0,0.0::-1500.0,0.0
-1500.0
3.0,0.0;0.0,3.0::-1500.0,0.0
-1500.0
0.0,3.0;3.0,1.0::-1500.0,0.0
-1500.0
3.0,1.0;0.0,3.0::-1500.0,0.0
-1500.0
0.0,3.0;3.0,2.0::1000.0,0.0
1000.0
3.0,2.0;0.0,3.0::-1000.0,0.0
-1000.0
0.0,3.0;3.0,3.0::1000.0,0.0
1000.0
3.0,3.0;0.0,3.0::-1000.0,0.0
-1000.0
0.0,3.0;3.0,4.0::975.0,0.0
975.0
3.0,4.0;0.0,3.0::-1005.0,0.0
-1005.0
0.0,3.0;4.0,0.0::-2500.0,0.0
-2500.0
4.0,0.0;0.0,3.0::-500.0,0.0
-500.0
0.0,3.0;4.0,1.0::-2500.0,0.0
-2500.0
4.0,1.0;0.0,3.0::-500.0,0.0
-500.0
0.0,3.0;4.0,2.0::0.0,0.0
0.0
4.0,2.0;0.0,3.0::0.0,0.0
0.0
0.0,3.0;4.0,3.0::0.0,0.0
0.0
4.0,3.0;0.0,3.0::0.0,0.0
0.0
0.0,3.0;4.0,4.0::-25.0,0.0
-25.0
4.0,4.0;0.0,3.0::-5.0,0.0
-5.0
0.0,4.0;0.0,4.0::-30.0,0.0
-30.0
0.0,4.0;0.0,4.0::-30.0,0.0
-30.0
0.0,4.0;1.0,0.0::-1515.0,0.0
-1515.0
1.0,0.0;0.0,4.0::-1515.0,0.0
-1515.0
0.0,4.0;1.0,1.0::-1515.0,0.0
-1515.0
1.0,1.0;0.0,4.0::-1515.0,0.0
-1515.0
0.0,4.0;1.0,2.0::985.0,0.0
985.0
1.0,2.0;0.0,4.0::-1015.0,0.0
-1015.0
0.0,4.0;1.0,3.0::985.0,0.0
985.0
1.0,3.0;0.0,4.0::-1015.0,0.0
-1015.0
0.0,4.0;1.0,4.0::960.0,0.0
960.0
1.0,4.0;0.0,4.0::-1020.0,0.0
-1020.0
0.0,4.0;2.0,0.0::-2000.0,0.0
-2000.0
2.0,0.0;0.0,4.0::-4000.0,0.0
-4000.0
0.0,4.0;2.0,1.0::-2000.0,0.0
-2000.0
2.0,1.0;0.0,4.0::-4000.0,0.0
-4000.0
0.0,4.0;2.0,2.0::500.0,0.0
500.0
2.0,2.0;0.0,4.0::-3500.0,0.0
-3500.0
0.0,4.0;2.0,3.0::500.0,0.0
500.0
2.0,3.0;0.0,4.0::-3500.0,0.0
-3500.0
0.0,4.0;2.0,4.0::475.0,0.0
475.0
2.0,4.0;0.0,4.0::-3505.0,0.0
-3505.0
0.0,4.0;3.0,0.0::-1515.0,0.0
-1515.0
3.0,0.0;0.0,4.0::-1515.0,0.0
-1515.0
0.0,4.0;3.0,1.0::-1515.0,0.0
-1515.0
3.0,1.0;0.0,4.0::-1515.0,0.0
-1515.0
0.0,4.0;3.0,2.0::985.0,0.0
985.0
3.0,2.0;0.0,4.0::-1015.0,0.0
-1015.0
0.0,4.0;3.0,3.0::985.0,0.0
985.0
3.0,3.0;0.0,4.0::-1015.0,0.0
-1015.0
0.0,4.0;3.0,4.0::960.0,0.0
960.0
3.0,4.0;0.0,4.0::-1020.0,0.0
-1020.0
0.0,4.0;4.0,0.0::-1506.0,0.0
-1506.0
4.0,0.0;0.0,4.0::-1506.0,0.0
-1506.0
0.0,4.0;4.0,1.0::-1506.0,0.0
-1506.0
4.0,1.0;0.0,4.0::-1506.0,0.0
-1506.0
0.0,4.0;4.0,2.0::994.0,0.0
994.0
4.0,2.0;0.0,4.0::-1006.0,0.0
-1006.0
0.0,4.0;4.0,3.0::994.0,0.0
994.0
4.0,3.0;0.0,4.0::-1006.0,0.0
-1006.0
0.0,4.0;4.0,4.0::969.0,0.0
969.0
4.0,4.0;0.0,4.0::-1011.0,0.0
-1011.0
1.0,0.0;1.0,0.0::-3000.0,0.0
-3000.0
1.0,0.0;1.0,0.0::-3000.0,0.0
-3000.0
1.0,0.0;1.0,1.0::-2250.0,0.0
-2250.0
1.0,1.0;1.0,0.0::-2250.0,0.0
-2250.0
1.0,0.0;1.0,2.0::-2250.0,0.0
-2250.0
1.0,2.0;1.0,0.0::-2250.0,0.0
-2250.0
1.0,0.0;1.0,3.0::-1500.0,0.0
-1500.0
1.0,3.0;1.0,0.0::-1500.0,0.0
-1500.0
1.0,0.0;1.0,4.0::-1515.0,0.0
-1515.0
1.0,4.0;1.0,0.0::-1515.0,0.0
-1515.0
1.0,0.0;2.0,0.0::-2000.0,0.0
-2000.0
2.0,0.0;1.0,0.0::-4000.0,0.0
-4000.0
1.0,0.0;2.0,1.0::-1250.0,0.0
-1250.0
2.0,1.0;1.0,0.0::-3250.0,0.0
-3250.0
1.0,0.0;2.0,2.0::-1250.0,0.0
-1250.0
2.0,2.0;1.0,0.0::-3250.0,0.0
-3250.0
1.0,0.0;2.0,3.0::-500.0,0.0
-500.0
2.0,3.0;1.0,0.0::-2500.0,0.0
-2500.0
1.0,0.0;2.0,4.0::-515.0,0.0
-515.0
2.0,4.0;1.0,0.0::-2515.0,0.0
-2515.0
1.0,0.0;3.0,0.0::-2000.0,0.0
-2000.0
3.0,0.0;1.0,0.0::-4000.0,0.0
-4000.0
1.0,0.0;3.0,1.0::-1250.0,0.0
-1250.0
3.0,1.0;1.0,0.0::-3250.0,0.0
-3250.0
1.0,0.0;3.0,2.0::-1250.0,0.0
-1250.0
3.0,2.0;1.0,0.0::-3250.0,0.0
-3250.0
1.0,0.0;3.0,3.0::-500.0,0.0
-500.0
3.0,3.0;1.0,0.0::-2500.0,0.0
-2500.0
1.0,0.0;3.0,4.0::-515.0,0.0
-515.0
3.0,4.0;1.0,0.0::-2515.0,0.0
-2515.0
1.0,0.0;4.0,0.0::-1506.0,0.0
-1506.0
4.0,0.0;1.0,0.0::-1506.0,0.0
-1506.0
1.0,0.0;4.0,1.0::-756.0,0.0
-756.0
4.0,1.0;1.0,0.0::-756.0,0.0
-756.0
1.0,0.0;4.0,2.0::-756.0,0.0
-756.0
4.0,2.0;1.0,0.0::-756.0,0.0
-756.0
1.0,0.0;4.0,3.0::-6.0,0.0
-6.0
4.0,3.0;1.0,0.0::-6.0,0.0
-6.0
1.0,0.0;4.0,4.0::-21.0,0.0
-21.0
4.0,4.0;1.0,0.0::-21.0,0.0
-21.0
1.0,1.0;1.0,1.0::-1500.0,0.0
-1500.0
1.0,1.0;1.0,1.0::-1500.0,0.0
-1500.0
1.0,1.0;1.0,2.0::-1500.0,0.0
-1500.0
1.0,2.0;1.0,1.0::-1500.0,0.0
-1500.0
1.0,1.0;1.0,3.0::-750.0,0.0
-750.0
1.0,3.0;1.0,1.0::-750.0,0.0
-750.0
1.0,1.0;1.0,4.0::-765.0,0.0
-765.0
1.0,4.0;1.0,1.0::-765.0,0.0
-765.0
1.0,1.0;2.0,0.0::-2250.0,0.0
-2250.0
2.0,0.0;1.0,1.0::-2250.0,0.0
-2250.0
1.0,1.0;2.0,1.0::-1500.0,0.0
-1500.0
2.0,1.0;1.0,1.0::-1500.0,0.0
-1500.0
1.0,1.0;2.0,2.0::-1500.0,0.0
-1500.0
2.0,2.0;1.0,1.0::-1500.0,0.0
-1500.0
1.0,1.0;2.0,3.0::-750.0,0.0
-750.0
2.0,3.0;1.0,1.0::-750.0,0.0
-750.0
1.0,1.0;2.0,4.0::-765.0,0.0
-765.0
2.0,4.0;1.0,1.0::-765.0,0.0
-765.0
1.0,1.0;3.0,0.0::-1500.0,0.0
-1500.0
3.0,0.0;1.0,1.0::-1500.0,0.0
-1500.0
1.0,1.0;3.0,1.0::-750.0,0.0
-750.0
3.0,1.0;1.0,1.0::-750.0,0.0
-750.0
1.0,1.0;3.0,2.0::-750.0,0.0
-750.0
3.0,2.0;1.0,1.0::-750.0,0.0
-750.0
1.0,1.0;3.0,3.0::0.0,0.0
0.0
3.0,3.0;1.0,1.0::0.0,0.0
0.0
1.0,1.0;3.0,4.0::-15.0,0.0
-15.0
3.0,4.0;1.0,1.0::-15.0,0.0
-15.0
1.0,1.0;4.0,0.0::-1506.0,0.0
-1506.0
4.0,0.0;1.0,1.0::-1506.0,0.0
-1506.0
1.0,1.0;4.0,1.0::-756.0,0.0
-756.0
4.0,1.0;1.0,1.0::-756.0,0.0
-756.0
1.0,1.0;4.0,2.0::-756.0,0.0
-756.0
4.0,2.0;1.0,1.0::-756.0,0.0
-756.0
1.0,1.0;4.0,3.0::-6.0,0.0
-6.0
4.0,3.0;1.0,1.0::-6.0,0.0
-6.0
1.0,1.0;4.0,4.0::-21.0,0.0
-21.0
4.0,4.0;1.0,1.0::-21.0,0.0
-21.0
1.0,2.0;1.0,2.0::-1500.0,0.0
-1500.0
1.0,2.0;1.0,2.0::-1500.0,0.0
-1500.0
1.0,2.0;1.0,3.0::-750.0,0.0
-750.0
1.0,3.0;1.0,2.0::-750.0,0.0
-750.0
1.0,2.0;1.0,4.0::-765.0,0.0
-765.0
1.0,4.0;1.0,2.0::-765.0,0.0
-765.0
1.0,2.0;2.0,0.0::-2250.0,0.0
-2250.0
2.0,0.0;1.0,2.0::-2250.0,0.0
-2250.0
1.0,2.0;2.0,1.0::-1500.0,0.0
-1500.0
2.0,1.0;1.0,2.0::-1500.0,0.0
-1500.0
1.0,2.0;2.0,2.0::-1500.0,0.0
-1500.0
2.0,2.0;1.0,2.0::-1500.0,0.0
-1500.0
1.0,2.0;2.0,3.0::-750.0,0.0
-750.0
2.0,3.0;1.0,2.0::-750.0,0.0
-750.0
1.0,2.0;2.0,4.0::-765.0,0.0
-765.0
2.0,4.0;1.0,2.0::-765.0,0.0
-765.0
1.0,2.0;3.0,0.0::-2000.0,0.0
-2000.0
3.0,0.0;1.0,2.0::-4000.0,0.0
-4000.0
1.0,2.0;3.0,1.0::-1250.0,0.0
-1250.0
3.0,1.0;1.0,2.0::-3250.0,0.0
-3250.0
1.0,2.0;3.0,2.0::-1250.0,0.0
-1250.0
3.0,2.0;1.0,2.0::-3250.0,0.0
-3250.0
1.0,2.0;3.0,3.0::-500.0,0.0
-500.0
3.0,3.0;1.0,2.0::-2500.0,0.0
-2500.0
1.0,2.0;3.0,4.0::-515.0,0.0
-515.0
3.0,4.0;1.0,2.0::-2515.0,0.0
-2515.0
1.0,2.0;4.0,0.0::-2500.0,0.0
-2500.0
4.0,0.0;1.0,2.0::-500.0,0.0
-500.0
1.0,2.0;4.0,1.0::-1750.0,0.0
-1750.0
4.0,1.0;1.0,2.0::250.0,0.0
250.0
1.0,2.0;4.0,2.0::-1750.0,0.0
-1750.0
4.0,2.0;1.0,2.0::250.0,0.0
250.0
1.0,2.0;4.0,3.0::-1000.0,0.0
-1000.0
4.0,3.0;1.0,2.0::1000.0,0.0
1000.0
1.0,2.0;4.0,4.0::-1015.0,0.0
-1015.0
4.0,4.0;1.0,2.0::985.0,0.0
985.0
1.0,3.0;1.0,3.0::0.0,0.0
0.0
1.0,3.0;1.0,3.0::0.0,0.0
0.0
1.0,3.0;1.0,4.0::-15.0,0.0
-15.0
1.0,4.0;1.0,3.0::-15.0,0.0
-15.0
1.0,3.0;2.0,0.0::-2500.0,0.0
-2500.0
2.0,0.0;1.0,3.0::-500.0,0.0
-500.0
1.0,3.0;2.0,1.0::-1750.0,0.0
-1750.0
2.0,1.0;1.0,3.0::250.0,0.0
250.0
1.0,3.0;2.0,2.0::-1750.0,0.0
-1750.0
2.0,2.0;1.0,3.0::250.0,0.0
250.0
1.0,3.0;2.0,3.0::-1000.0,0.0
-1000.0
2.0,3.0;1.0,3.0::1000.0,0.0
1000.0
1.0,3.0;2.0,4.0::-1015.0,0.0
-1015.0
2.0,4.0;1.0,3.0::985.0,0.0
985.0
1.0,3.0;3.0,0.0::-1500.0,0.0
-1500.0
3.0,0.0;1.0,3.0::-1500.0,0.0
-1500.0
1.0,3.0;3.0,1.0::-750.0,0.0
-750.0
3.0,1.0;1.0,3.0::-750.0,0.0
-750.0
1.0,3.0;3.0,2.0::-750.0,0.0
-750.0
3.0,2.0;1.0,3.0::-750.0,0.0
-750.0
1.0,3.0;3.0,3.0::0.0,0.0
0.0
3.0,3.0;1.0,3.0::0.0,0.0
0.0
1.0,3.0;3.0,4.0::-15.0,0.0
-15.0
3.0,4.0;1.0,3.0::-15.0,0.0
-15.0
1.0,3.0;4.0,0.0::-2500.0,0.0
-2500.0
4.0,0.0;1.0,3.0::-500.0,0.0
-500.0
1.0,3.0;4.0,1.0::-1750.0,0.0
-1750.0
4.0,1.0;1.0,3.0::250.0,0.0
250.0
1.0,3.0;4.0,2.0::-1750.0,0.0
-1750.0
4.0,2.0;1.0,3.0::250.0,0.0
250.0
1.0,3.0;4.0,3.0::-1000.0,0.0
-1000.0
4.0,3.0;1.0,3.0::1000.0,0.0
1000.0
1.0,3.0;4.0,4.0::-1015.0,0.0
-1015.0
4.0,4.0;1.0,3.0::985.0,0.0
985.0
1.0,4.0;1.0,4.0::-30.0,0.0
-30.0
1.0,4.0;1.0,4.0::-30.0,0.0
-30.0
1.0,4.0;2.0,0.0::-2000.0,0.0
-2000.0
2.0,0.0;1.0,4.0::-4000.0,0.0
-4000.0
1.0,4.0;2.0,1.0::-1250.0,0.0
-1250.0
2.0,1.0;1.0,4.0::-3250.0,0.0
-3250.0
1.0,4.0;2.0,2.0::-1250.0,0.0
-1250.0
2.0,2.0;1.0,4.0::-3250.0,0.0
-3250.0
1.0,4.0;2.0,3.0::-500.0,0.0
-500.0
2.0,3.0;1.0,4.0::-2500.0,0.0
-2500.0
1.0,4.0;2.0,4.0::-515.0,0.0
-515.0
2.0,4.0;1.0,4.0::-2515.0,0.0
-2515.0
1.0,4.0;3.0,0.0::-1515.0,0.0
-1515.0
3.0,0.0;1.0,4.0::-1515.0,0.0
-1515.0
1.0,4.0;3.0,1.0::-765.0,0.0
-765.0
3.0,1.0;1.0,4.0::-765.0,0.0
-765.0
1.0,4.0;3.0,2.0::-765.0,0.0
-765.0
3.0,2.0;1.0,4.0::-765.0,0.0
-765.0
1.0,4.0;3.0,3.0::-15.0,0.0
-15.0
3.0,3.0;1.0,4.0::-15.0,0.0
-15.0
1.0,4.0;3.0,4.0::-30.0,0.0
-30.0
3.0,4.0;1.0,4.0::-30.0,0.0
-30.0
1.0,4.0;4.0,0.0::-1506.0,0.0
-1506.0
4.0,0.0;1.0,4.0::-1506.0,0.0
-1506.0
1.0,4.0;4.0,1.0::-756.0,0.0
-756.0
4.0,1.0;1.0,4.0::-756.0,0.0
-756.0
1.0,4.0;4.0,2.0::-756.0,0.0
-756.0
4.0,2.0;1.0,4.0::-756.0,0.0
-756.0
1.0,4.0;4.0,3.0::-6.0,0.0
-6.0
4.0,3.0;1.0,4.0::-6.0,0.0
-6.0
1.0,4.0;4.0,4.0::-21.0,0.0
-21.0
4.0,4.0;1.0,4.0::-21.0,0.0
-21.0
2.0,0.0;2.0,0.0::-3000.0,0.0
-3000.0
2.0,0.0;2.0,0.0::-3000.0,0.0
-3000.0
2.0,0.0;2.0,1.0::-1250.0,0.0
-1250.0
2.0,1.0;2.0,0.0::-3250.0,0.0
-3250.0
2.0,0.0;2.0,2.0::-1250.0,0.0
-1250.0
2.0,2.0;2.0,0.0::-3250.0,0.0
-3250.0
2.0,0.0;2.0,3.0::500.0,0.0
500.0
2.0,3.0;2.0,0.0::-3500.0,0.0
-3500.0
2.0,0.0;2.0,4.0::-3000.0,0.0
-3000.0
2.0,4.0;2.0,0.0::-3000.0,0.0
-3000.0
2.0,0.0;3.0,0.0::-3000.0,0.0
-3000.0
3.0,0.0;2.0,0.0::-3000.0,0.0
-3000.0
2.0,0.0;3.0,1.0::-1250.0,0.0
-1250.0
3.0,1.0;2.0,0.0::-3250.0,0.0
-3250.0
2.0,0.0;3.0,2.0::-1250.0,0.0
-1250.0
3.0,2.0;2.0,0.0::-3250.0,0.0
-3250.0
2.0,0.0;3.0,3.0::500.0,0.0
500.0
3.0,3.0;2.0,0.0::-3500.0,0.0
-3500.0
2.0,0.0;3.0,4.0::-3000.0,0.0
-3000.0
3.0,4.0;2.0,0.0::-3000.0,0.0
-3000.0
2.0,0.0;4.0,0.0::-2506.0,0.0
-2506.0
4.0,0.0;2.0,0.0::-506.0,0.0
-506.0
2.0,0.0;4.0,1.0::-756.0,0.0
-756.0
4.0,1.0;2.0,0.0::-756.0,0.0
-756.0
2.0,0.0;4.0,2.0::-756.0,0.0
-756.0
4.0,2.0;2.0,0.0::-756.0,0.0
-756.0
2.0,0.0;4.0,3.0::994.0,0.0
994.0
4.0,3.0;2.0,0.0::-1006.0,0.0
-1006.0
2.0,0.0;4.0,4.0::-2506.0,0.0
-2506.0
4.0,4.0;2.0,0.0::-506.0,0.0
-506.0
2.0,1.0;2.0,1.0::-1500.0,0.0
-1500.0
2.0,1.0;2.0,1.0::-1500.0,0.0
-1500.0
2.0,1.0;2.0,2.0::-1500.0,0.0
-1500.0
2.0,2.0;2.0,1.0::-1500.0,0.0
-1500.0
2.0,1.0;2.0,3.0::250.0,0.0
250.0
2.0,3.0;2.0,1.0::-1750.0,0.0
-1750.0
2.0,1.0;2.0,4.0::-3250.0,0.0
-3250.0
2.0,4.0;2.0,1.0::-1250.0,0.0
-1250.0
2.0,1.0;3.0,0.0::-2500.0,0.0
-2500.0
3.0,0.0;2.0,1.0::-500.0,0.0
-500.0
2.0,1.0;3.0,1.0::-750.0,0.0
-750.0
3.0,1.0;2.0,1.0::-750.0,0.0
-750.0
2.0,1.0;3.0,2.0::-750.0,0.0
-750.0
3.0,2.0;2.0,1.0::-750.0,0.0
-750.0
2.0,1.0;3.0,3.0::1000.0,0.0
1000.0
3.0,3.0;2.0,1.0::-1000.0,0.0
-1000.0
2.0,1.0;3.0,4.0::-2500.0,0.0
-2500.0
3.0,4.0;2.0,1.0::-500.0,0.0
-500.0
2.0,1.0;4.0,0.0::-2506.0,0.0
-2506.0
4.0,0.0;2.0,1.0::-506.0,0.0
-506.0
2.0,1.0;4.0,1.0::-756.0,0.0
-756.0
4.0,1.0;2.0,1.0::-756.0,0.0
-756.0
2.0,1.0;4.0,2.0::-756.0,0.0
-756.0
4.0,2.0;2.0,1.0::-756.0,0.0
-756.0
2.0,1.0;4.0,3.0::994.0,0.0
994.0
4.0,3.0;2.0,1.0::-1006.0,0.0
-1006.0
2.0,1.0;4.0,4.0::-2506.0,0.0
-2506.0
4.0,4.0;2.0,1.0::-506.0,0.0
-506.0
2.0,2.0;2.0,2.0::-1500.0,0.0
-1500.0
2.0,2.0;2.0,2.0::-1500.0,0.0
-1500.0
2.0,2.0;2.0,3.0::250.0,0.0
250.0
2.0,3.0;2.0,2.0::-1750.0,0.0
-1750.0
2.0,2.0;2.0,4.0::-3250.0,0.0
-3250.0
2.0,4.0;2.0,2.0::-1250.0,0.0
-1250.0
2.0,2.0;3.0,0.0::-3000.0,0.0
-3000.0
3.0,0.0;2.0,2.0::-3000.0,0.0
-3000.0
2.0,2.0;3.0,1.0::-1250.0,0.0
-1250.0
3.0,1.0;2.0,2.0::-3250.0,0.0
-3250.0
2.0,2.0;3.0,2.0::-1250.0,0.0
-1250.0
3.0,2.0;2.0,2.0::-3250.0,0.0
-3250.0
2.0,2.0;3.0,3.0::500.0,0.0
500.0
3.0,3.0;2.0,2.0::-3500.0,0.0
-3500.0
2.0,2.0;3.0,4.0::-3000.0,0.0
-3000.0
3.0,4.0;2.0,2.0::-3000.0,0.0
-3000.0
2.0,2.0;4.0,0.0::-3500.0,0.0
-3500.0
4.0,0.0;2.0,2.0::500.0,0.0
500.0
2.0,2.0;4.0,1.0::-1750.0,0.0
-1750.0
4.0,1.0;2.0,2.0::250.0,0.0
250.0
2.0,2.0;4.0,2.0::-1750.0,0.0
-1750.0
4.0,2.0;2.0,2.0::250.0,0.0
250.0
2.0,2.0;4.0,3.0::0.0,0.0
0.0
4.0,3.0;2.0,2.0::0.0,0.0
0.0
2.0,2.0;4.0,4.0::-3500.0,0.0
-3500.0
4.0,4.0;2.0,2.0::500.0,0.0
500.0
2.0,3.0;2.0,3.0::0.0,0.0
0.0
2.0,3.0;2.0,3.0::0.0,0.0
0.0
2.0,3.0;2.0,4.0::-3500.0,0.0
-3500.0
2.0,4.0;2.0,3.0::500.0,0.0
500.0
2.0,3.0;3.0,0.0::-2500.0,0.0
-2500.0
3.0,0.0;2.0,3.0::-500.0,0.0
-500.0
2.0,3.0;3.0,1.0::-750.0,0.0
-750.0
3.0,1.0;2.0,3.0::-750.0,0.0
-750.0
2.0,3.0;3.0,2.0::-750.0,0.0
-750.0
3.0,2.0;2.0,3.0::-750.0,0.0
-750.0
2.0,3.0;3.0,3.0::1000.0,0.0
1000.0
3.0,3.0;2.0,3.0::-1000.0,0.0
-1000.0
2.0,3.0;3.0,4.0::-2500.0,0.0
-2500.0
3.0,4.0;2.0,3.0::-500.0,0.0
-500.0
2.0,3.0;4.0,0.0::-3500.0,0.0
-3500.0
4.0,0.0;2.0,3.0::500.0,0.0
500.0
2.0,3.0;4.0,1.0::-1750.0,0.0
-1750.0
4.0,1.0;2.0,3.0::250.0,0.0
250.0
2.0,3.0;4.0,2.0::-1750.0,0.0
-1750.0
4.0,2.0;2.0,3.0::250.0,0.0
250.0
2.0,3.0;4.0,3.0::0.0,0.0
0.0
4.0,3.0;2.0,3.0::0.0,0.0
0.0
2.0,3.0;4.0,4.0::-3500.0,0.0
-3500.0
4.0,4.0;2.0,3.0::500.0,0.0
500.0
2.0,4.0;2.0,4.0::-3000.0,0.0
-3000.0
2.0,4.0;2.0,4.0::-3000.0,0.0
-3000.0
2.0,4.0;3.0,0.0::-2515.0,0.0
-2515.0
3.0,0.0;2.0,4.0::-515.0,0.0
-515.0
2.0,4.0;3.0,1.0::-765.0,0.0
-765.0
3.0,1.0;2.0,4.0::-765.0,0.0
-765.0
2.0,4.0;3.0,2.0::-765.0,0.0
-765.0
3.0,2.0;2.0,4.0::-765.0,0.0
-765.0
2.0,4.0;3.0,3.0::985.0,0.0
985.0
3.0,3.0;2.0,4.0::-1015.0,0.0
-1015.0
2.0,4.0;3.0,4.0::-2515.0,0.0
-2515.0
3.0,4.0;2.0,4.0::-515.0,0.0
-515.0
2.0,4.0;4.0,0.0::-2506.0,0.0
-2506.0
4.0,0.0;2.0,4.0::-506.0,0.0
-506.0
2.0,4.0;4.0,1.0::-756.0,0.0
-756.0
4.0,1.0;2.0,4.0::-756.0,0.0
-756.0
2.0,4.0;4.0,2.0::-756.0,0.0
-756.0
4.0,2.0;2.0,4.0::-756.0,0.0
-756.0
2.0,4.0;4.0,3.0::994.0,0.0
994.0
4.0,3.0;2.0,4.0::-1006.0,0.0
-1006.0
2.0,4.0;4.0,4.0::-2506.0,0.0
-2506.0
4.0,4.0;2.0,4.0::-506.0,0.0
-506.0
3.0,0.0;3.0,0.0::-3000.0,0.0
-3000.0
3.0,0.0;3.0,0.0::-3000.0,0.0
-3000.0
3.0,0.0;3.0,1.0::-500.0,0.0
-500.0
3.0,1.0;3.0,0.0::-2500.0,0.0
-2500.0
3.0,0.0;3.0,2.0::-3000.0,0.0
-3000.0
3.0,2.0;3.0,0.0::-3000.0,0.0
-3000.0
3.0,0.0;3.0,3.0::-500.0,0.0
-500.0
3.0,3.0;3.0,0.0::-2500.0,0.0
-2500.0
3.0,0.0;3.0,4.0::-515.0,0.0
-515.0
3.0,4.0;3.0,0.0::-2515.0,0.0
-2515.0
3.0,0.0;4.0,0.0::-2506.0,0.0
-2506.0
4.0,0.0;3.0,0.0::-506.0,0.0
-506.0
3.0,0.0;4.0,1.0::-6.0,0.0
-6.0
4.0,1.0;3.0,0.0::-6.0,0.0
-6.0
3.0,0.0;4.0,2.0::-2506.0,0.0
-2506.0
4.0,2.0;3.0,0.0::-506.0,0.0
-506.0
3.0,0.0;4.0,3.0::-6.0,0.0
-6.0
4.0,3.0;3.0,0.0::-6.0,0.0
-6.0
3.0,0.0;4.0,4.0::-21.0,0.0
-21.0
4.0,4.0;3.0,0.0::-21.0,0.0
-21.0
3.0,1.0;3.0,1.0::0.0,0.0
0.0
3.0,1.0;3.0,1.0::0.0,0.0
0.0
3.0,1.0;3.0,2.0::-2500.0,0.0
-2500.0
3.0,2.0;3.0,1.0::-500.0,0.0
-500.0
3.0,1.0;3.0,3.0::0.0,0.0
0.0
3.0,3.0;3.0,1.0::0.0,0.0
0.0
3.0,1.0;3.0,4.0::-15.0,0.0
-15.0
3.0,4.0;3.0,1.0::-15.0,0.0
-15.0
3.0,1.0;4.0,0.0::-2506.0,0.0
-2506.0
4.0,0.0;3.0,1.0::-506.0,0.0
-506.0
3.0,1.0;4.0,1.0::-6.0,0.0
-6.0
4.0,1.0;3.0,1.0::-6.0,0.0
-6.0
3.0,1.0;4.0,2.0::-2506.0,0.0
-2506.0
4.0,2.0;3.0,1.0::-506.0,0.0
-506.0
3.0,1.0;4.0,3.0::-6.0,0.0
-6.0
4.0,3.0;3.0,1.0::-6.0,0.0
-6.0
3.0,1.0;4.0,4.0::-21.0,0.0
-21.0
4.0,4.0;3.0,1.0::-21.0,0.0
-21.0
3.0,2.0;3.0,2.0::-3000.0,0.0
-3000.0
3.0,2.0;3.0,2.0::-3000.0,0.0
-3000.0
3.0,2.0;3.0,3.0::-500.0,0.0
-500.0
3.0,3.0;3.0,2.0::-2500.0,0.0
-2500.0
3.0,2.0;3.0,4.0::-515.0,0.0
-515.0
3.0,4.0;3.0,2.0::-2515.0,0.0
-2515.0
3.0,2.0;4.0,0.0::-3500.0,0.0
-3500.0
4.0,0.0;3.0,2.0::500.0,0.0
500.0
3.0,2.0;4.0,1.0::-1000.0,0.0
-1000.0
4.0,1.0;3.0,2.0::1000.0,0.0
1000.0
3.0,2.0;4.0,2.0::-3500.0,0.0
-3500.0
4.0,2.0;3.0,2.0::500.0,0.0
500.0
3.0,2.0;4.0,3.0::-1000.0,0.0
-1000.0
4.0,3.0;3.0,2.0::1000.0,0.0
1000.0
3.0,2.0;4.0,4.0::-1015.0,0.0
-1015.0
4.0,4.0;3.0,2.0::985.0,0.0
985.0
3.0,3.0;3.0,3.0::0.0,0.0
0.0
3.0,3.0;3.0,3.0::0.0,0.0
0.0
3.0,3.0;3.0,4.0::-15.0,0.0
-15.0
3.0,4.0;3.0,3.0::-15.0,0.0
-15.0
3.0,3.0;4.0,0.0::-3500.0,0.0
-3500.0
4.0,0.0;3.0,3.0::500.0,0.0
500.0
3.0,3.0;4.0,1.0::-1000.0,0.0
-1000.0
4.0,1.0;3.0,3.0::1000.0,0.0
1000.0
3.0,3.0;4.0,2.0::-3500.0,0.0
-3500.0
4.0,2.0;3.0,3.0::500.0,0.0
500.0
3.0,3.0;4.0,3.0::-1000.0,0.0
-1000.0
4.0,3.0;3.0,3.0::1000.0,0.0
1000.0
3.0,3.0;4.0,4.0::-1015.0,0.0
-1015.0
4.0,4.0;3.0,3.0::985.0,0.0
985.0
3.0,4.0;3.0,4.0::-30.0,0.0
-30.0
3.0,4.0;3.0,4.0::-30.0,0.0
-30.0
3.0,4.0;4.0,0.0::-2506.0,0.0
-2506.0
4.0,0.0;3.0,4.0::-506.0,0.0
-506.0
3.0,4.0;4.0,1.0::-6.0,0.0
-6.0
4.0,1.0;3.0,4.0::-6.0,0.0
-6.0
3.0,4.0;4.0,2.0::-2506.0,0.0
-2506.0
4.0,2.0;3.0,4.0::-506.0,0.0
-506.0
3.0,4.0;4.0,3.0::-6.0,0.0
-6.0
4.0,3.0;3.0,4.0::-6.0,0.0
-6.0
3.0,4.0;4.0,4.0::-21.0,0.0
-21.0
4.0,4.0;3.0,4.0::-21.0,0.0
-21.0
4.0,0.0;4.0,0.0::-12.0,0.0
-12.0
4.0,0.0;4.0,0.0::-12.0,0.0
-12.0
4.0,0.0;4.0,1.0::-12.0,0.0
-12.0
4.0,1.0;4.0,0.0::-12.0,0.0
-12.0
4.0,0.0;4.0,2.0::994.0,0.0
994.0
4.0,2.0;4.0,0.0::-1006.0,0.0
-1006.0
4.0,0.0;4.0,3.0::994.0,0.0
994.0
4.0,3.0;4.0,0.0::-1006.0,0.0
-1006.0
4.0,0.0;4.0,4.0::-12.0,0.0
-12.0
4.0,4.0;4.0,0.0::-12.0,0.0
-12.0
4.0,1.0;4.0,1.0::-12.0,0.0
-12.0
4.0,1.0;4.0,1.0::-12.0,0.0
-12.0
4.0,1.0;4.0,2.0::994.0,0.0
994.0
4.0,2.0;4.0,1.0::-1006.0,0.0
-1006.0
4.0,1.0;4.0,3.0::994.0,0.0
994.0
4.0,3.0;4.0,1.0::-1006.0,0.0
-1006.0
4.0,1.0;4.0,4.0::-12.0,0.0
-12.0
4.0,4.0;4.0,1.0::-12.0,0.0
-12.0
4.0,2.0;4.0,2.0::0.0,0.0
0.0
4.0,2.0;4.0,2.0::0.0,0.0
0.0
4.0,2.0;4.0,3.0::0.0,0.0
0.0
4.0,3.0;4.0,2.0::0.0,0.0
0.0
4.0,2.0;4.0,4.0::-1006.0,0.0
-1006.0
4.0,4.0;4.0,2.0::994.0,0.0
994.0
4.0,3.0;4.0,3.0::0.0,0.0
0.0
4.0,3.0;4.0,3.0::0.0,0.0
0.0
4.0,3.0;4.0,4.0::-1006.0,0.0
-1006.0
4.0,4.0;4.0,3.0::994.0,0.0
994.0
4.0,4.0;4.0,4.0::-12.0,0.0
-12.0
4.0,4.0;4.0,4.0::-12.0,0.0
-12.0
