0.0,4.0;0.0,4.0::-1500.0,0.0
-1500.0
0.0,4.0;0.0,4.0::-1500.0,0.0
-1500.0
0.0,4.0;1.0,0.0::-2250.0,0.0
-2250.0
1.0,0.0;0.0,4.0::-2250.0,0.0
-2250.0
0.0,4.0;1.0,1.0::-2250.0,0.0
-2250.0
1.0,1.0;0.0,4.0::-2250.0,0.0
-2250.0
0.0,4.0;1.0,2.0::250.0,0.0
250.0
1.0,2.0;0.0,4.0::-1750.0,0.0
-1750.0
0.0,4.0;1.0,3.0::250.0,0.0
250.0
1.0,3.0;0.0,4.0::-1750.0,0.0
-1750.0
0.0,4.0;1.0,4.0::-1000.0,0.0
-1000.0
1.0,4.0;0.0,4.0::-2000.0,0.0
-2000.0
0.0,4.0;2.0,0.0::-2000.0,0.0
-2000.0
2.0,0.0;0.0,4.0::-4000.0,0.0
-4000.0
0.0,4.0;2.0,1.0::-2000.0,0.0
-2000.0
2.0,1.0;0.0,4.0::-4000.0,0.0
-4000.0
0.0,4.0;2.0,2.0::500.0,0.0
500.0
2.0,2.0;0.0,4.0::-3500.0,0.0
-3500.0
0.0,4.0;2.0,3.0::500.0,0.0
500.0
2.0,3.0;0.0,4.0::-3500.0,0.0
-3500.0
0.0,4.0;2.0,4.0::-750.0,0.0
-750.0
2.0,4.0;0.0,4.0::-3750.0,0.0
-3750.0
0.0,4.0;3.0,0.0::-2250.0,0.0
-2250.0
3.0,0.0;0.0,4.0::-2250.0,0.0
-2250.0
0.0,4.0;3.0,1.0::-2250.0,0.0
-2250.0
3.0,1.0;0.0,4.0::-2250.0,0.0
-2250.0
0.0,4.0;3.0,2.0::250.0,0.0
250.0
3.0,2.0;0.0,4.0::-1750.0,0.0
-1750.0
0.0,4.0;3.0,3.0::250.0,0.0
250.0
3.0,3.0;0.0,4.0::-1750.0,0.0
-1750.0
0.0,4.0;3.0,4.0::-1000.0,0.0
-1000.0
3.0,4.0;0.0,4.0::-2000.0,0.0
-2000.0
0.0,4.0;4.0,0.0::-1507.5,0.0
-1507.5
4.0,0.0;0.0,4.0::-1507.5,0.0
-1507.5
0.0,4.0;4.0,1.0::-1507.5,0.0
-1507.5
4.0,1.0;0.0,4.0::-1507.5,0.0
-1507.5
0.0,4.0;4.0,2.0::992.5,0.0
992.5
4.0,2.0;0.0,4.0::-1007.5,0.0
-1007.5
0.0,4.0;4.0,3.0::992.5,0.0
992.5
4.0,3.0;0.0,4.0::-1007.5,0.0
-1007.5
0.0,4.0;4.0,4.0::-257.5,0.0
-257.5
4.0,4.0;0.0,4.0::-1257.5,0.0
-1257.5
