1.0,0.0;1.0,0.0::-3000.0,0.0
-3000.0
1.0,0.0;1.0,0.0::-3000.0,0.0
-3000.0
1.0,0.0;1.0,1.0::-2250.0,0.0
-2250.0
1.0,1.0;1.0,0.0::-2250.0,0.0
-2250.0
1.0,0.0;1.0,2.0::-2250.0,0.0
-2250.0
1.0,2.0;1.0,0.0::-2250.0,0.0
-2250.0
1.0,0.0;1.0,3.0::-1500.0,0.0
-1500.0
1.0,3.0;1.0,0.0::-1500.0,0.0
-1500.0
1.0,0.0;1.0,4.0::-2250.0,0.0
-2250.0
1.0,4.0;1.0,0.0::-2250.0,0.0
-2250.0
1.0,0.0;2.0,0.0::-2000.0,0.0
-2000.0
2.0,0.0;1.0,0.0::-4000.0,0.0
-4000.0
1.0,0.0;2.0,1.0::-1250.0,0.0
-1250.0
2.0,1.0;1.0,0.0::-3250.0,0.0
-3250.0
1.0,0.0;2.0,2.0::-1250.0,0.0
-1250.0
2.0,2.0;1.0,0.0::-3250.0,0.0
-3250.0
1.0,0.0;2.0,3.0::-500.0,0.0
-500.0
2.0,3.0;1.0,0.0::-2500.0,0.0
-2500.0
1.0,0.0;2.0,4.0::-1250.0,0.0
-1250.0
2.0,4.0;1.0,0.0::-3250.0,0.0
-3250.0
1.0,0.0;3.0,0.0::-2000.0,0.0
-2000.0
3.0,0.0;1.0,0.0::-4000.0,0.0
-4000.0
1.0,0.0;3.0,1.0::-1250.0,0.0
-1250.0
3.0,1.0;1.0,0.0::-3250.0,0.0
-3250.0
1.0,0.0;3.0,2.0::-1250.0,0.0
-1250.0
3.0,2.0;1.0,0.0::-3250.0,0.0
-3250.0
1.0,0.0;3.0,3.0::-500.0,0.0
-500.0
3.0,3.0;1.0,0.0::-2500.0,0.0
-2500.0
1.0,0.0;3.0,4.0::-1250.0,0.0
-1250.0
3.0,4.0;1.0,0.0::-3250.0,0.0
-3250.0
1.0,0.0;4.0,0.0::-1507.5,0.0
-1507.5
4.0,0.0;1.0,0.0::-1507.5,0.0
-1507.5
1.0,0.0;4.0,1.0::-757.5,0.0
-757.5
4.0,1.0;1.0,0.0::-757.5,0.0
-757.5
1.0,0.0;4.0,2.0::-757.5,0.0
-757.5
4.0,2.0;1.0,0.0::-757.5,0.0
-757.5
1.0,0.0;4.0,3.0::-7.5,0.0
-7.5
4.0,3.0;1.0,0.0::-7.5,0.0
-7.5
1.0,0.0;4.0,4.0::-757.5,0.0
-757.5
4.0,4.0;1.0,0.0::-757.5,0.0
-757.5
