0.0,1.0;0.0,1.0::-5500.0,0.0
-5500.0
0.0,1.0;0.0,1.0::-5500.0,0.0
-5500.0
0.0,1.0;0.0,2.0::-500.0,0.0
-500.0
0.0,2.0;0.0,1.0::-5000.0,0.0
-5000.0
0.0,1.0;0.0,3.0::-500.0,0.0
-500.0
0.0,3.0;0.0,1.0::-5000.0,0.0
-5000.0
0.0,1.0;0.0,4.0::-525.0,0.0
-525.0
0.0,4.0;0.0,1.0::-5002.5,0.0
-5002.5
0.0,1.0;1.0,0.0::-4750.0,0.0
-4750.0
1.0,0.0;0.0,1.0::-3500.0,0.0
-3500.0
0.0,1.0;1.0,1.0::-4750.0,0.0
-4750.0
1.0,1.0;0.0,1.0::-3500.0,0.0
-3500.0
0.0,1.0;1.0,2.0::250.0,0.0
250.0
1.0,2.0;0.0,1.0::-3000.0,0.0
-3000.0
0.0,1.0;1.0,3.0::250.0,0.0
250.0
1.0,3.0;0.0,1.0::-3000.0,0.0
-3000.0
0.0,1.0;1.0,4.0::225.0,0.0
225.0
1.0,4.0;0.0,1.0::-3002.5,0.0
-3002.5
0.0,1.0;2.0,0.0::-4750.0,0.0
-4750.0
2.0,0.0;0.0,1.0::-3500.0,0.0
-3500.0
0.0,1.0;2.0,1.0::-4750.0,0.0
-4750.0
2.0,1.0;0.0,1.0::-3500.0,0.0
-3500.0
0.0,1.0;2.0,2.0::250.0,0.0
250.0
2.0,2.0;0.0,1.0::-3000.0,0.0
-3000.0
0.0,1.0;2.0,3.0::250.0,0.0
250.0
2.0,3.0;0.0,1.0::-3000.0,0.0
-3000.0
0.0,1.0;2.0,4.0::225.0,0.0
225.0
2.0,4.0;0.0,1.0::-3002.5,0.0
-3002.5
0.0,1.0;3.0,0.0::-4000.0,0.0
-4000.0
3.0,0.0;0.0,1.0::-1500.0,0.0
-1500.0
0.0,1.0;3.0,1.0::-4000.0,0.0
-4000.0
3.0,1.0;0.0,1.0::-1500.0,0.0
-1500.0
0.0,1.0;3.0,2.0::1000.0,0.0
1000.0
3.0,2.0;0.0,1.0::-1000.0,0.0
-1000.0
0.0,1.0;3.0,3.0::1000.0,0.0
1000.0
3.0,3.0;0.0,1.0::-1000.0,0.0
-1000.0
0.0,1.0;3.0,4.0::975.0,0.0
975.0
3.0,4.0;0.0,1.0::-1002.5,0.0
-1002.5
0.0,1.0;4.0,0.0::-4015.0,0.0
-4015.0
4.0,0.0;0.0,1.0::-1540.0,0.0
-1540.0
0.0,1.0;4.0,1.0::-4015.0,0.0
-4015.0
4.0,1.0;0.0,1.0::-1540.0,0.0
-1540.0
0.0,1.0;4.0,2.0::985.0,0.0
985.0
4.0,2.0;0.0,1.0::-1040.0,0.0
-1040.0
0.0,1.0;4.0,3.0::985.0,0.0
985.0
4.0,3.0;0.0,1.0::-1040.0,0.0
-1040.0
0.0,1.0;4.0,4.0::960.0,0.0
960.0
4.0,4.0;0.0,1.0::-1042.5,0.0
-1042.5
