2.0,0.0;2.0,0.0::-5500.0,0.0
-5500.0
2.0,0.0;2.0,0.0::-5500.0,0.0
-5500.0
2.0,0.0;2.0,1.0::-2500.0,0.0
-2500.0
2.0,1.0;2.0,0.0::-5750.0,0.0
-5750.0
2.0,0.0;2.0,2.0::-2500.0,0.0
-2500.0
2.0,2.0;2.0,0.0::-5750.0,0.0
-5750.0
2.0,0.0;2.0,3.0::500.0,0.0
500.0
2.0,3.0;2.0,0.0::-6000.0,0.0
-6000.0
2.0,0.0;2.0,4.0::-5500.0,0.0
-5500.0
2.0,4.0;2.0,0.0::-5500.0,0.0
-5500.0
2.0,0.0;3.0,0.0::-5500.0,0.0
-5500.0
3.0,0.0;2.0,0.0::-5500.0,0.0
-5500.0
2.0,0.0;3.0,1.0::-2500.0,0.0
-2500.0
3.0,1.0;2.0,0.0::-5750.0,0.0
-5750.0
2.0,0.0;3.0,2.0::-2500.0,0.0
-2500.0
3.0,2.0;2.0,0.0::-5750.0,0.0
-5750.0
2.0,0.0;3.0,3.0::500.0,0.0
500.0
3.0,3.0;2.0,0.0::-6000.0,0.0
-6000.0
2.0,0.0;3.0,4.0::-5500.0,0.0
-5500.0
3.0,4.0;2.0,0.0::-5500.0,0.0
-5500.0
2.0,0.0;4.0,0.0::-5015.0,0.0
-5015.0
4.0,0.0;2.0,0.0::-540.0,0.0
-540.0
2.0,0.0;4.0,1.0::-2015.0,0.0
-2015.0
4.0,1.0;2.0,0.0::-790.0,0.0
-790.0
2.0,0.0;4.0,2.0::-2015.0,0.0
-2015.0
4.0,2.0;2.0,0.0::-790.0,0.0
-790.0
2.0,0.0;4.0,3.0::985.0,0.0
985.0
4.0,3.0;2.0,0.0::-1040.0,0.0
-1040.0
2.0,0.0;4.0,4.0::-5015.0,0.0
-5015.0
4.0,4.0;2.0,0.0::-540.0,0.0
-540.0
