3.0,1.0;3.0,1.0::0.0,0.0
0.0
3.0,1.0;3.0,1.0::0.0,0.0
0.0
3.0,1.0;3.0,2.0::-5000.0,0.0
-5000.0
3.0,2.0;3.0,1.0::-500.0,0.0
-500.0
3.0,1.0;3.0,3.0::0.0,0.0
0.0
3.0,3.0;3.0,1.0::0.0,0.0
0.0
3.0,1.0;3.0,4.0::-20.0,0.0
-20.0
3.0,4.0;3.0,1.0::-7.5,0.0
-7.5
3.0,1.0;4.0,0.0::-5015.0,0.0
-5015.0
4.0,0.0;3.0,1.0::-540.0,0.0
-540.0
3.0,1.0;4.0,1.0::-15.0,0.0
-15.0
4.0,1.0;3.0,1.0::-40.0,0.0
-40.0
3.0,1.0;4.0,2.0::-5015.0,0.0
-5015.0
4.0,2.0;3.0,1.0::-540.0,0.0
-540.0
3.0,1.0;4.0,3.0::-15.0,0.0
-15.0
4.0,3.0;3.0,1.0::-40.0,0.0
-40.0
3.0,1.0;4.0,4.0::-35.0,0.0
-35.0
4.0,4.0;3.0,1.0::-47.5,0.0
-47.5
