0.0,2.0;0.0,2.0::0.0,0.0
0.0
0.0,2.0;0.0,2.0::0.0,0.0
0.0
0.0,2.0;0.0,3.0::0.0,0.0
0.0
0.0,3.0;0.0,2.0::0.0,0.0
0.0
0.0,2.0;0.0,4.0::-25.0,0.0
-25.0
0.0,4.0;0.0,2.0::-2.5,0.0
-2.5
0.0,2.0;1.0,0.0::-4750.0,0.0
-4750.0
1.0,0.0;0.0,2.0::-3500.0,0.0
-3500.0
0.0,2.0;1.0,1.0::-4750.0,0.0
-4750.0
1.0,1.0;0.0,2.0::-3500.0,0.0
-3500.0
0.0,2.0;1.0,2.0::250.0,0.0
250.0
1.0,2.0;0.0,2.0::-3000.0,0.0
-3000.0
0.0,2.0;1.0,3.0::250.0,0.0
250.0
1.0,3.0;0.0,2.0::-3000.0,0.0
-3000.0
0.0,2.0;1.0,4.0::225.0,0.0
225.0
1.0,4.0;0.0,2.0::-3002.5,0.0
-3002.5
0.0,2.0;2.0,0.0::-4750.0,0.0
-4750.0
2.0,0.0;0.0,2.0::-3500.0,0.0
-3500.0
0.0,2.0;2.0,1.0::-4750.0,0.0
-4750.0
2.0,1.0;0.0,2.0::-3500.0,0.0
-3500.0
0.0,2.0;2.0,2.0::250.0,0.0
250.0
2.0,2.0;0.0,2.0::-3000.0,0.0
-3000.0
0.0,2.0;2.0,3.0::250.0,0.0
250.0
2.0,3.0;0.0,2.0::-3000.0,0.0
-3000.0
0.0,2.0;2.0,4.0::225.0,0.0
225.0
2.0,4.0;0.0,2.0::-3002.5,0.0
-3002.5
0.0,2.0;3.0,0.0::-4500.0,0.0
-4500.0
3.0,0.0;0.0,2.0::-6500.0,0.0
-6500.0
0.0,2.0;3.0,1.0::-4500.0,0.0
-4500.0
3.0,1.0;0.0,2.0::-6500.0,0.0
-6500.0
0.0,2.0;3.0,2.0::500.0,0.0
500.0
3.0,2.0;0.0,2.0::-6000.0,0.0
-6000.0
0.0,2.0;3.0,3.0::500.0,0.0
500.0
3.0,3.0;0.0,2.0::-6000.0,0.0
-6000.0
0.0,2.0;3.0,4.0::475.0,0.0
475.0
3.0,4.0;0.0,2.0::-6002.5,0.0
-6002.5
0.0,2.0;4.0,0.0::-5000.0,0.0
-5000.0
4.0,0.0;0.0,2.0::-500.0,0.0
-500.0
0.0,2.0;4.0,1.0::-5000.0,0.0
-5000.0
4.0,1.0;0.0,2.0::-500.0,0.0
-500.0
0.0,2.0;4.0,2.0::0.0,0.0
0.0
4.0,2.0;0.0,2.0::0.0,0.0
0.0
0.0,2.0;4.0,3.0::0.0,0.0
0.0
4.0,3.0;0.0,2.0::0.0,0.0
0.0
0.0,2.0;4.0,4.0::-25.0,0.0
-25.0
4.0,4.0;0.0,2.0::-2.5,0.0
-2.5
