0.0,4.0;0.0,4.0::-27.5,0.0
-27.5
0.0,4.0;0.0,4.0::-27.5,0.0
-27.5
0.0,4.0;1.0,0.0::-4007.5,0.0
-4007.5
1.0,0.0;0.0,4.0::-1520.0,0.0
-1520.0
0.0,4.0;1.0,1.0::-4007.5,0.0
-4007.5
1.0,1.0;0.0,4.0::-1520.0,0.0
-1520.0
0.0,4.0;1.0,2.0::992.5,0.0
992.5
1.0,2.0;0.0,4.0::-1020.0,0.0
-1020.0
0.0,4.0;1.0,3.0::992.5,0.0
992.5
1.0,3.0;0.0,4.0::-1020.0,0.0
-1020.0
0.0,4.0;1.0,4.0::967.5,0.0
967.5
1.0,4.0;0.0,4.0::-1022.5,0.0
-1022.5
0.0,4.0;2.0,0.0::-4500.0,0.0
-4500.0
2.0,0.0;0.0,4.0::-6500.0,0.0
-6500.0
0.0,4.0;2.0,1.0::-4500.0,0.0
-4500.0
2.0,1.0;0.0,4.0::-6500.0,0.0
-6500.0
0.0,4.0;2.0,2.0::500.0,0.0
500.0
2.0,2.0;0.0,4.0::-6000.0,0.0
-6000.0
0.0,4.0;2.0,3.0::500.0,0.0
500.0
2.0,3.0;0.0,4.0::-6000.0,0.0
-6000.0
0.0,4.0;2.0,4.0::475.0,0.0
475.0
2.0,4.0;0.0,4.0::-6002.5,0.0
-6002.5
0.0,4.0;3.0,0.0::-4007.5,0.0
-4007.5
3.0,0.0;0.0,4.0::-1520.0,0.0
-1520.0
0.0,4.0;3.0,1.0::-4007.5,0.0
-4007.5
3.0,1.0;0.0,4.0::-1520.0,0.0
-1520.0
0.0,4.0;3.0,2.0::992.5,0.0
992.5
3.0,2.0;0.0,4.0::-1020.0,0.0
-1020.0
0.0,4.0;3.0,3.0::992.5,0.0
992.5
3.0,3.0;0.0,4.0::-1020.0,0.0
-1020.0
0.0,4.0;3.0,4.0::967.5,0.0
967.5
3.0,4.0;0.0,4.0::-1022.5,0.0
-1022.5
0.0,4.0;4.0,0.0::-5002.5,0.0
-5002.5
4.0,0.0;0.0,4.0::-525.0,0.0
-525.0
0.0,4.0;4.0,1.0::-5002.5,0.0
-5002.5
4.0,1.0;0.0,4.0::-525.0,0.0
-525.0
0.0,4.0;4.0,2.0::-2.5,0.0
-2.5
4.0,2.0;0.0,4.0::-25.0,0.0
-25.0
0.0,4.0;4.0,3.0::-2.5,0.0
-2.5
4.0,3.0;0.0,4.0::-25.0,0.0
-25.0
0.0,4.0;4.0,4.0::-27.5,0.0
-27.5
4.0,4.0;0.0,4.0::-27.5,0.0
-27.5
