1.0,0.0;1.0,0.0::-5500.0,0.0
-5500.0
1.0,0.0;1.0,0.0::-5500.0,0.0
-5500.0
1.0,0.0;1.0,1.0::-3500.0,0.0
-3500.0
1.0,1.0;1.0,0.0::-4750.0,0.0
-4750.0
1.0,0.0;1.0,2.0::-3500.0,0.0
-3500.0
1.0,2.0;1.0,0.0::-4750.0,0.0
-4750.0
1.0,0.0;1.0,3.0::-1500.0,0.0
-1500.0
1.0,3.0;1.0,0.0::-4000.0,0.0
-4000.0
1.0,0.0;1.0,4.0::-1520.0,0.0
-1520.0
1.0,4.0;1.0,0.0::-4007.5,0.0
-4007.5
1.0,0.0;2.0,0.0::-4500.0,0.0
-4500.0
2.0,0.0;1.0,0.0::-6500.0,0.0
-6500.0
1.0,0.0;2.0,1.0::-2500.0,0.0
-2500.0
2.0,1.0;1.0,0.0::-5750.0,0.0
-5750.0
1.0,0.0;2.0,2.0::-2500.0,0.0
-2500.0
2.0,2.0;1.0,0.0::-5750.0,0.0
-5750.0
1.0,0.0;2.0,3.0::-500.0,0.0
-500.0
2.0,3.0;1.0,0.0::-5000.0,0.0
-5000.0
1.0,0.0;2.0,4.0::-520.0,0.0
-520.0
2.0,4.0;1.0,0.0::-5007.5,0.0
-5007.5
1.0,0.0;3.0,0.0::-4500.0,0.0
-4500.0
3.0,0.0;1.0,0.0::-6500.0,0.0
-6500.0
1.0,0.0;3.0,1.0::-2500.0,0.0
-2500.0
3.0,1.0;1.0,0.0::-5750.0,0.0
-5750.0
1.0,0.0;3.0,2.0::-2500.0,0.0
-2500.0
3.0,2.0;1.0,0.0::-5750.0,0.0
-5750.0
1.0,0.0;3.0,3.0::-500.0,0.0
-500.0
3.0,3.0;1.0,0.0::-5000.0,0.0
-5000.0
1.0,0.0;3.0,4.0::-520.0,0.0
-520.0
3.0,4.0;1.0,0.0::-5007.5,0.0
-5007.5
1.0,0.0;4.0,0.0::-4015.0,0.0
-4015.0
4.0,0.0;1.0,0.0::-1540.0,0.0
-1540.0
1.0,0.0;4.0,1.0::-2015.0,0.0
-2015.0
4.0,1.0;1.0,0.0::-790.0,0.0
-790.0
1.0,0.0;4.0,2.0::-2015.0,0.0
-2015.0
4.0,2.0;1.0,0.0::-790.0,0.0
-790.0
1.0,0.0;4.0,3.0::-15.0,0.0
-15.0
4.0,3.0;1.0,0.0::-40.0,0.0
-40.0
1.0,0.0;4.0,4.0::-35.0,0.0
-35.0
4.0,4.0;1.0,0.0::-47.5,0.0
-47.5
