1.0,1.0;1.0,1.0::-2750.0,0.0
-2750.0
1.0,1.0;1.0,1.0::-2750.0,0.0
-2750.0
1.0,1.0;1.0,2.0::-2750.0,0.0
-2750.0
1.0,2.0;1.0,1.0::-2750.0,0.0
-2750.0
1.0,1.0;1.0,3.0::-750.0,0.0
-750.0
1.0,3.0;1.0,1.0::-2000.0,0.0
-2000.0
1.0,1.0;1.0,4.0::-770.0,0.0
-770.0
1.0,4.0;1.0,1.0::-2007.5,0.0
-2007.5
1.0,1.0;2.0,0.0::-4750.0,0.0
-4750.0
2.0,0.0;1.0,1.0::-3500.0,0.0
-3500.0
1.0,1.0;2.0,1.0::-2750.0,0.0
-2750.0
2.0,1.0;1.0,1.0::-2750.0,0.0
-2750.0
1.0,1.0;2.0,2.0::-2750.0,0.0
-2750.0
2.0,2.0;1.0,1.0::-2750.0,0.0
-2750.0
1.0,1.0;2.0,3.0::-750.0,0.0
-750.0
2.0,3.0;1.0,1.0::-2000.0,0.0
-2000.0
1.0,1.0;2.0,4.0::-770.0,0.0
-770.0
2.0,4.0;1.0,1.0::-2007.5,0.0
-2007.5
1.0,1.0;3.0,0.0::-4000.0,0.0
-4000.0
3.0,0.0;1.0,1.0::-1500.0,0.0
-1500.0
1.0,1.0;3.0,1.0::-2000.0,0.0
-2000.0
3.0,1.0;1.0,1.0::-750.0,0.0
-750.0
1.0,1.0;3.0,2.0::-2000.0,0.0
-2000.0
3.0,2.0;1.0,1.0::-750.0,0.0
-750.0
1.0,1.0;3.0,3.0::0.0,0.0
0.0
3.0,3.0;1.0,1.0::0.0,0.0
0.0
1.0,1.0;3.0,4.0::-20.0,0.0
-20.0
3.0,4.0;1.0,1.0::-7.5,0.0
-7.5
1.0,1.0;4.0,0.0::-4015.0,0.0
-4015.0
4.0,0.0;1.0,1.0::-1540.0,0.0
-1540.0
1.0,1.0;4.0,1.0::-2015.0,0.0
-2015.0
4.0,1.0;1.0,1.0::-790.0,0.0
-790.0
1.0,1.0;4.0,2.0::-2015.0,0.0
-2015.0
4.0,2.0;1.0,1.0::-790.0,0.0
-790.0
1.0,1.0;4.0,3.0::-15.0,0.0
-15.0
4.0,3.0;1.0,1.0::-40.0,0.0
-40.0
1.0,1.0;4.0,4.0::-35.0,0.0
-35.0
4.0,4.0;1.0,1.0::-47.5,0.0
-47.5
