1.0,4.0;1.0,4.0::-27.5,0.0
-27.5
1.0,4.0;1.0,4.0::-27.5,0.0
-27.5
1.0,4.0;2.0,0.0::-4500.0,0.0
-4500.0
2.0,0.0;1.0,4.0::-6500.0,0.0
-6500.0
1.0,4.0;2.0,1.0::-2500.0,0.0
-2500.0
2.0,1.0;1.0,4.0::-5750.0,0.0
-5750.0
1.0,4.0;2.0,2.0::-2500.0,0.0
-2500.0
2.0,2.0;1.0,4.0::-5750.0,0.0
-5750.0
1.0,4.0;2.0,3.0::-500.0,0.0
-500.0
2.0,3.0;1.0,4.0::-5000.0,0.0
-5000.0
1.0,4.0;2.0,4.0::-520.0,0.0
-520.0
2.0,4.0;1.0,4.0::-5007.5,0.0
-5007.5
1.0,4.0;3.0,0.0::-4007.5,0.0
-4007.5
3.0,0.0;1.0,4.0::-1520.0,0.0
-1520.0
1.0,4.0;3.0,1.0::-2007.5,0.0
-2007.5
3.0,1.0;1.0,4.0::-770.0,0.0
-770.0
1.0,4.0;3.0,2.0::-2007.5,0.0
-2007.5
3.0,2.0;1.0,4.0::-770.0,0.0
-770.0
1.0,4.0;3.0,3.0::-7.5,0.0
-7.5
3.0,3.0;1.0,4.0::-20.0,0.0
-20.0
1.0,4.0;3.0,4.0::-27.5,0.0
-27.5
3.0,4.0;1.0,4.0::-27.5,0.0
-27.5
1.0,4.0;4.0,0.0::-5002.5,0.0
-5002.5
4.0,0.0;1.0,4.0::-525.0,0.0
-525.0
1.0,4.0;4.0,1.0::-3002.5,0.0
-3002.5
4.0,1.0;1.0,4.0::225.0,0.0
225.0
1.0,4.0;4.0,2.0::-3002.5,0.0
-3002.5
4.0,2.0;1.0,4.0::225.0,0.0
225.0
1.0,4.0;4.0,3.0::-1002.5,0.0
-1002.5
4.0,3.0;1.0,4.0::975.0,0.0
975.0
1.0,4.0;4.0,4.0::-1022.5,0.0
-1022.5
4.0,4.0;1.0,4.0::967.5,0.0
967.5
