0.0,0.0;0.0,0.0::-5500.0,0.0
-5500.0
0.0,0.0;0.0,0.0::-5500.0,0.0
-5500.0
0.0,0.0;0.0,1.0::-5500.0,0.0
-5500.0
0.0,1.0;0.0,0.0::-5500.0,0.0
-5500.0
0.0,0.0;0.0,2.0::-500.0,0.0
-500.0
0.0,2.0;0.0,0.0::-5000.0,0.0
-5000.0
0.0,0.0;0.0,3.0::-500.0,0.0
-500.0
0.0,3.0;0.0,0.0::-5000.0,0.0
-5000.0
0.0,0.0;0.0,4.0::-525.0,0.0
-525.0
0.0,4.0;0.0,0.0::-5002.5,0.0
-5002.5
0.0,0.0;1.0,0.0::-5500.0,0.0
-5500.0
1.0,0.0;0.0,0.0::-5500.0,0.0
-5500.0
0.0,0.0;1.0,1.0::-5500.0,0.0
-5500.0
1.0,1.0;0.0,0.0::-5500.0,0.0
-5500.0
0.0,0.0;1.0,2.0::-500.0,0.0
-500.0
1.0,2.0;0.0,0.0::-5000.0,0.0
-5000.0
0.0,0.0;1.0,3.0::-500.0,0.0
-500.0
1.0,3.0;0.0,0.0::-5000.0,0.0
-5000.0
0.0,0.0;1.0,4.0::-525.0,0.0
-525.0
1.0,4.0;0.0,0.0::-5002.5,0.0
-5002.5
0.0,0.0;2.0,0.0::-4500.0,0.0
-4500.0
2.0,0.0;0.0,0.0::-6500.0,0.0
-6500.0
0.0,0.0;2.0,1.0::-4500.0,0.0
-4500.0
2.0,1.0;0.0,0.0::-6500.0,0.0
-6500.0
0.0,0.0;2.0,2.0::500.0,0.0
500.0
2.0,2.0;0.0,0.0::-6000.0,0.0
-6000.0
0.0,0.0;2.0,3.0::500.0,0.0
500.0
2.0,3.0;0.0,0.0::-6000.0,0.0
-6000.0
0.0,0.0;2.0,4.0::475.0,0.0
475.0
2.0,4.0;0.0,0.0::-6002.5,0.0
-6002.5
0.0,0.0;3.0,0.0::-4500.0,0.0
-4500.0
3.0,0.0;0.0,0.0::-6500.0,0.0
-6500.0
0.0,0.0;3.0,1.0::-4500.0,0.0
-4500.0
3.0,1.0;0.0,0.0::-6500.0,0.0
-6500.0
0.0,0.0;3.0,2.0::500.0,0.0
500.0
3.0,2.0;0.0,0.0::-6000.0,0.0
-6000.0
0.0,0.0;3.0,3.0::500.0,0.0
500.0
3.0,3.0;0.0,0.0::-6000.0,0.0
-6000.0
0.0,0.0;3.0,4.0::475.0,0.0
475.0
3.0,4.0;0.0,0.0::-6002.5,0.0
-6002.5
0.0,0.0;4.0,0.0::-4015.0,0.0
-4015.0
4.0,0.0;0.0,0.0::-1540.0,0.0
-1540.0
0.0,0.0;4.0,1.0::-4015.0,0.0
-4015.0
4.0,1.0;0.0,0.0::-1540.0,0.0
-1540.0
0.0,0.0;4.0,2.0::985.0,0.0
985.0
4.0,2.0;0.0,0.0::-1040.0,0.0
-1040.0
0.0,0.0;4.0,3.0::985.0,0.0
985.0
4.0,3.0;0.0,0.0::-1040.0,0.0
-1040.0
0.0,0.0;4.0,4.0::960.0,0.0
960.0
4.0,4.0;0.0,0.0::-1042.5,0.0
-1042.5
0.0,1.0;0.0,1.0::-5500.0,0.0
-5500.0
0.0,1.0;0.0,1.0::-5500.0,0.0
-5500.0
0.0,1.0;0.0,2.0::-500.0,0.0
-500.0
0.0,2.0;0.0,1.0::-5000.0,0.0
-5000.0
0.0,1.0;0.0,3.0::-500.0,0.0
-500.0
0.0,3.0;0.0,1.0::-5000.0,0.0
-5000.0
0.0,1.0;0.0,4.0::-525.0,0.0
-525.0
0.0,4.0;0.0,1.0::-5002.5,0.0
-5002.5
0.0,1.0;1.0,0.0::-4750.0,0.0
-4750.0
1.0,0.0;0.0,1.0::-3500.0,0.0
-3500.0
0.0,1.0;1.0,1.0::-4750.0,0.0
-4750.0
1.0,1.0;0.0,1.0::-3500.0,0.0
-3500.0
0.0,1.0;1.0,2.0::250.0,0.0
250.0
1.0,2.0;0.0,1.0::-3000.0,0.0
-3000.0
0.0,1.0;1.0,3.0::250.0,0.0
250.0
1.0,3.0;0.0,1.0::-3000.0,0.0
-3000.0
0.0,1.0;1.0,4.0::225.0,0.0
225.0
1.0,4.0;0.0,1.0::-3002.5,0.0
-3002.5
0.0,1.0;2.0,0.0::-4750.0,0.0
-4750.0
2.0,0.0;0.0,1.0::-3500.0,0.0
-3500.0
0.0,1.0;2.0,1.0::-4750.0,0.0
-4750.0
2.0,1.0;0.0,1.0::-3500.0,0.0
-3500.0
0.0,1.0;2.0,2.0::250.0,0.0
250.0
2.0,2.0;0.0,1.0::-3000.0,0.0
-3000.0
0.0,1.0;2.0,3.0::250.0,0.0
250.0
2.0,3.0;0.0,1.0::-3000.0,0.0
-3000.0
0.0,1.0;2.0,4.0::225.0,0.0
225.0
2.0,4.0;0.0,1.0::-3002.5,0.0
-3002.5
0.0,1.0;3.0,0.0::-4000.0,0.0
-4000.0
3.0,0.0;0.0,1.0::-1500.0,0.0
-1500.0
0.0,1.0;3.0,1.0::-4000.0,0.0
-4000.0
3.0,1.0;0.0,1.0::-1500.0,0.0
-1500.0
0.0,1.0;3.0,2.0::1000.0,0.0
1000.0
3.0,2.0;0.0,1.0::-1000.0,0.0
-1000.0
0.0,1.0;3.0,3.0::1000.0,0.0
1000.0
3.0,3.0;0.0,1.0::-1000.0,0.0
-1000.0
0.0,1.0;3.0,4.0::975.0,0.0
975.0
3.0,4.0;0.0,1.0::-1002.5,0.0
-1002.5
0.0,1.0;4.0,0.0::-4015.0,0.0
-4015.0
4.0,0.0;0.0,1.0::-1540.0,0.0
-1540.0
0.0,1.0;4.0,1.0::-4015.0,0.0
-4015.0
4.0,1.0;0.0,1.0::-1540.0,0.0
-1540.0
0.0,1.0;4.0,2.0::985.0,0.0
985.0
4.0,2.0;0.0,1.0::-1040.0,0.0
-1040.0
0.0,1.0;4.0,3.0::985.0,0.0
985.0
4.0,3.0;0.0,1.0::-1040.0,0.0
-1040.0
0.0,1.0;4.0,4.0::960.0,0.0
960.0
4.0,4.0;0.0,1.0::-1042.5,0.0
-1042.5
0.0,2.0;0.0,2.0::0.0,0.0
0.0
0.0,2.0;0.0,2.0::0.0,0.0
0.0
0.0,2.0;0.0,3.0::0.0,0.0
0.0
0.0,3.0;0.0,2.0::0.0,0.0
0.0
0.0,2.0;0.0,4.0::-25.0,0.0
-25.0
0.0,4.0;0.0,2.0::-2.5,0.0
-2.5
0.0,2.0;1.0,0.0::-4750.0,0.0
-4750.0
1.0,0.0;0.0,2.0::-3500.0,0.0
-3500.0
0.0,2.0;1.0,1.0::-4750.0,0.0
-4750.0
1.0,1.0;0.0,2.0::-3500.0,0.0
-3500.0
0.0,2.0;1.0,2.0::250.0,0.0
250.0
1.0,2.0;0.0,2.0::-3000.0,0.0
-3000.0
0.0,2.0;1.0,3.0::250.0,0.0
250.0
1.0,3.0;0.0,2.0::-3000.0,0.0
-3000.0
0.0,2.0;1.0,4.0::225.0,0.0
225.0
1.0,4.0;0.0,2.0::-3002.5,0.0
-3002.5
0.0,2.0;2.0,0.0::-4750.0,0.0
-4750.0
2.0,0.0;0.0,2.0::-3500.0,0.0
-3500.0
0.0,2.0;2.0,1.0::-4750.0,0.0
-4750.0
2.0,1.0;0.0,2.0::-3500.0,0.0
-3500.0
0.0,2.0;2.0,2.0::250.0,0.0
250.0
2.0,2.0;0.0,2.0::-3000.0,0.0
-3000.0
0.0,2.0;2.0,3.0::250.0,0.0
250.0
2.0,3.0;0.0,2.0::-3000.0,0.0
-3000.0
0.0,2.0;2.0,4.0::225.0,0.0
225.0
2.0,4.0;0.0,2.0::-3002.5,0.0
-3002.5
0.0,2.0;3.0,0.0::-4500.0,0.0
-4500.0
3.0,0.0;0.0,2.0::-6500.0,0.0
-6500.0
0.0,2.0;3.0,1.0::-4500.0,0.0
-4500.0
3.0,1.0;0.0,2.0::-6500.0,0.0
-6500.0
0.0,2.0;3.0,2.0::500.0,0.0
500.0
3.0,2.0;0.0,2.0::-6000.0,0.0
-6000.0
0.0,2.0;3.0,3.0::500.0,0.0
500.0
3.0,3.0;0.0,2.0::-6000.0,0.0
-6000.0
0.0,2.0;3.0,4.0::475.0,0.0
475.0
3.0,4.0;0.0,2.0::-6002.5,0.0
-6002.5
0.0,2.0;4.0,0.0::-5000.0,0.0
-5000.0
4.0,0.0;0.0,2.0::-500.0,0.0
-500.0
0.0,2.0;4.0,1.0::-5000.0,0.0
-5000.0
4.0,1.0;0.0,2.0::-500.0,0.0
-500.0
0.0,2.0;4.0,2.0::0.0,0.0
0.0
4.0,2.0;0.0,2.0::0.0,0.0
0.0
0.0,2.0;4.0,3.0::0.0,0.0
0.0
4.0,3.0;0.0,2.0::0.0,0.0
0.0
0.0,2.0;4.0,4.0::-25.0,0.0
-25.0
4.0,4.0;0.0,2.0::-2.5,0.0
-2.5
0.0,3.0;0.0,3.0::0.0,0.0
0.0
0.0,3.0;0.0,3.0::0.0,0.0
0.0
0.0,3.0;0.0,4.0::-25.0,0.0
-25.0
0.0,4.0;0.0,3.0::-2.5,0.0
-2.5
0.0,3.0;1.0,0.0::-4000.0,0.0
-4000.0
1.0,0.0;0.0,3.0::-1500.0,0.0
-1500.0
0.0,3.0;1.0,1.0::-4000.0,0.0
-4000.0
1.0,1.0;0.0,3.0::-1500.0,0.0
-1500.0
0.0,3.0;1.0,2.0::1000.0,0.0
1000.0
1.0,2.0;0.0,3.0::-1000.0,0.0
-1000.0
0.0,3.0;1.0,3.0::1000.0,0.0
1000.0
1.0,3.0;0.0,3.0::-1000.0,0.0
-1000.0
0.0,3.0;1.0,4.0::975.0,0.0
975.0
1.0,4.0;0.0,3.0::-1002.5,0.0
-1002.5
0.0,3.0;2.0,0.0::-5000.0,0.0
-5000.0
2.0,0.0;0.0,3.0::-500.0,0.0
-500.0
0.0,3.0;2.0,1.0::-5000.0,0.0
-5000.0
2.0,1.0;0.0,3.0::-500.0,0.0
-500.0
0.0,3.0;2.0,2.0::0.0,0.0
0.0
2.0,2.0;0.0,3.0::0.0,0.0
0.0
0.0,3.0;2.0,3.0::0.0,0.0
0.0
2.0,3.0;0.0,3.0::0.0,0.0
0.0
0.0,3.0;2.0,4.0::-25.0,0.0
-25.0
2.0,4.0;0.0,3.0::-2.5,0.0
-2.5
0.0,3.0;3.0,0.0::-4000.0,0.0
-4000.0
3.0,0.0;0.0,3.0::-1500.0,0.0
-1500.0
0.0,3.0;3.0,1.0::-4000.0,0.0
-4000.0
3.0,1.0;0.0,3.0::-1500.0,0.0
-1500.0
0.0,3.0;3.0,2.0::1000.0,0.0
1000.0
3.0,2.0;0.0,3.0::-1000.0,0.0
-1000.0
0.0,3.0;3.0,3.0::1000.0,0.0
1000.0
3.0,3.0;0.0,3.0::-1000.0,0.0
-1000.0
0.0,3.0;3.0,4.0::975.0,0.0
975.0
3.0,4.0;0.0,3.0::-1002.5,0.0
-1002.5
0.0,3.0;4.0,0.0::-5000.0,0.0
-5000.0
4.0,0.0;0.0,3.0::-500.0,0.0
-500.0
0.0,3.0;4.0,1.0::-5000.0,0.0
-5000.0
4.0,1.0;0.0,3.0::-500.0,0.0
-500.0
0.0,3.0;4.0,2.0::0.0,0.0
0.0
4.0,2.0;0.0,3.0::0.0,0.0
0.0
0.0,3.0;4.0,3.0::0.0,0.0
0.0
4.0,3.0;0.0,3.0::0.0,0.0
0.0
0.0,3.0;4.0,4.0::-25.0,0.0
-25.0
4.0,4.0;0.0,3.0::-2.5,0.0
-2.5
0.0,4.0;0.0,4.0::-27.5,0.0
-27.5
0.0,4.0;0.0,4.0::-27.5,0.0
-27.5
0.0,4.0;1.0,0.0::-4007.5,0.0
-4007.5
1.0,0.0;0.0,4.0::-1520.0,0.0
-1520.0
0.0,4.0;1.0,1.0::-4007.5,0.0
-4007.5
1.0,1.0;0.0,4.0::-1520.0,0.0
-1520.0
0.0,4.0;1.0,2.0::992.5,0.0
992.5
1.0,2.0;0.0,4.0::-1020.0,0.0
-1020.0
0.0,4.0;1.0,3.0::992.5,0.0
992.5
1.0,3.0;0.0,4.0::-1020.0,0.0
-1020.0
0.0,4.0;1.0,4.0::967.5,0.0
967.5
1.0,4.0;0.0,4.0::-1022.5,0.0
-1022.5
0.0,4.0;2.0,0.0::-4500.0,0.0
-4500.0
2.0,0.0;0.0,4.0::-6500.0,0.0
-6500.0
0.0,4.0;2.0,1.0::-4500.0,0.0
-4500.0
2.0,1.0;0.0,4.0::-6500.0,0.0
-6500.0
0.0,4.0;2.0,2.0::500.0,0.0
500.0
2.0,2.0;0.0,4.0::-6000.0,0.0
-6000.0
0.0,4.0;2.0,3.0::500.0,0.0
500.0
2.0,3.0;0.0,4.0::-6000.0,0.0
-6000.0
0.0,4.0;2.0,4.0::475.0,0.0
475.0
2.0,4.0;0.0,4.0::-6002.5,0.0
-6002.5
0.0,4.0;3.0,0.0::-4007.5,0.0
-4007.5
3.0,0.0;0.0,4.0::-1520.0,0.0
-1520.0
0.0,4.0;3.0,1.0::-4007.5,0.0
-4007.5
3.0,1.0;0.0,4.0::-1520.0,0.0
-1520.0
0.0,4.0;3.0,2.0::992.5,0.0
992.5
3.0,2.0;0.0,4.0::-1020.0,0.0
-1020.0
0.0,4.0;3.0,3.0::992.5,0.0
992.5
3.0,3.0;0.0,4.0::-1020.0,0.0
-1020.0
0.0,4.0;3.0,4.0::967.5,0.0
967.5
3.0,4.0;0.0,4.0::-1022.5,0.0
-1022.5
0.0,4.0;4.0,0.0::-5002.5,0.0
-5002.5
4.0,0.0;0.0,4.0::-525.0,0.0
-525.0
0.0,4.0;4.0,1.0::-5002.5,0.0
-5002.5
4.0,1.0;0.0,4.0::-525.0,0.0
-525.0
0.0,4.0;4.0,2.0::-2.5,0.0
-2.5
4.0,2.0;0.0,4.0::-25.0,0.0
-25.0
0.0,4.0;4.0,3.0::-2.5,0.0
-2.5
4.0,3.0;0.0,4.0::-25.0,0.0
-25.0
0.0,4.0;4.0,4.0::-27.5,0.0
-27.5
4.0,4.0;0.0,4.0::-27.5,0.0
-27.5
1.0,0.0;1.0,0.0::-5500.0,0.0
-5500.0
1.0,0.0;1.0,0.0::-5500.0,0.0
-5500.0
1.0,0.0;1.0,1.0::-3500.0,0.0
-3500.0
1.0,1.0;1.0,0.0::-4750.0,0.0
-4750.0
1.0,0.0;1.0,2.0::-3500.0,0.0
-3500.0
1.0,2.0;1.0,0.0::-4750.0,0.0
-4750.0
1.0,0.0;1.0,3.0::-1500.0,0.0
-1500.0
1.0,3.0;1.0,0.0::-4000.0,0.0
-4000.0
1.0,0.0;1.0,4.0::-1520.0,0.0
-1520.0
1.0,4.0;1.0,0.0::-4007.5,0.0
-4007.5
1.0,0.0;2.0,0.0::-4500.0,0.0
-4500.0
2.0,0.0;1.0,0.0::-6500.0,0.0
-6500.0
1.0,0.0;2.0,1.0::-2500.0,0.0
-2500.0
2.0,1.0;1.0,0.0::-5750.0,0.0
-5750.0
1.0,0.0;2.0,2.0::-2500.0,0.0
-2500.0
2.0,2.0;1.0,0.0::-5750.0,0.0
-5750.0
1.0,0.0;2.0,3.0::-500.0,0.0
-500.0
2.0,3.0;1.0,0.0::-5000.0,0.0
-5000.0
1.0,0.0;2.0,4.0::-520.0,0.0
-520.0
2.0,4.0;1.0,0.0::-5007.5,0.0
-5007.5
1.0,0.0;3.0,0.0::-4500.0,0.0
-4500.0
3.0,0.0;1.0,0.0::-6500.0,0.0
-6500.0
1.0,0.0;3.0,1.0::-2500.0,0.0
-2500.0
3.0,1.0;1.0,0.0::-5750.0,0.0
-5750.0
1.0,0.0;3.0,2.0::-2500.0,0.0
-2500.0
3.0,2.0;1.0,0.0::-5750.0,0.0
-5750.0
1.0,0.0;3.0,3.0::-500.0,0.0
-500.0
3.0,3.0;1.0,0.0::-5000.0,0.0
-5000.0
1.0,0.0;3.0,4.0::-520.0,0.0
-520.0
3.0,4.0;1.0,0.0::-5007.5,0.0
-5007.5
1.0,0.0;4.0,0.0::-4015.0,0.0
-4015.0
4.0,0.0;1.0,0.0::-1540.0,0.0
-1540.0
1.0,0.0;4.0,1.0::-2015.0,0.0
-2015.0
4.0,1.0;1.0,0.0::-790.0,0.0
-790.0
1.0,0.0;4.0,2.0::-2015.0,0.0
-2015.0
4.0,2.0;1.0,0.0::-790.0,0.0
-790.0
1.0,0.0;4.0,3.0::-15.0,0.0
-15.0
4.0,3.0;1.0,0.0::-40.0,0.0
-40.0
1.0,0.0;4.0,4.0::-35.0,0.0
-35.0
4.0,4.0;1.0,0.0::-47.5,0.0
-47.5
1.0,1.0;1.0,1.0::-2750.0,0.0
-2750.0
1.0,1.0;1.0,1.0::-2750.0,0.0
-2750.0
1.0,1.0;1.0,2.0::-2750.0,0.0
-2750.0
1.0,2.0;1.0,1.0::-2750.0,0.0
-2750.0
1.0,1.0;1.0,3.0::-750.0,0.0
-750.0
1.0,3.0;1.0,1.0::-2000.0,0.0
-2000.0
1.0,1.0;1.0,4.0::-770.0,0.0
-770.0
1.0,4.0;1.0,1.0::-2007.5,0.0
-2007.5
1.0,1.0;2.0,0.0::-4750.0,0.0
-4750.0
2.0,0.0;1.0,1.0::-3500.0,0.0
-3500.0
1.0,1.0;2.0,1.0::-2750.0,0.0
-2750.0
2.0,1.0;1.0,1.0::-2750.0,0.0
-2750.0
1.0,1.0;2.0,2.0::-2750.0,0.0
-2750.0
2.0,2.0;1.0,1.0::-2750.0,0.0
-2750.0
1.0,1.0;2.0,3.0::-750.0,0.0
-750.0
2.0,3.0;1.0,1.0::-2000.0,0.0
-2000.0
1.0,1.0;2.0,4.0::-770.0,0.0
-770.0
2.0,4.0;1.0,1.0::-2007.5,0.0
-2007.5
1.0,1.0;3.0,0.0::-4000.0,0.0
-4000.0
3.0,0.0;1.0,1.0::-1500.0,0.0
-1500.0
1.0,1.0;3.0,1.0::-2000.0,0.0
-2000.0
3.0,1.0;1.0,1.0::-750.0,0.0
-750.0
1.0,1.0;3.0,2.0::-2000.0,0.0
-2000.0
3.0,2.0;1.0,1.0::-750.0,0.0
-750.0
1.0,1.0;3.0,3.0::0.0,0.0
0.0
3.0,3.0;1.0,1.0::0.0,0.0
0.0
1.0,1.0;3.0,4.0::-20.0,0.0
-20.0
3.0,4.0;1.0,1.0::-7.5,0.0
-7.5
1.0,1.0;4.0,0.0::-4015.0,0.0
-4015.0
4.0,0.0;1.0,1.0::-1540.0,0.0
-1540.0
1.0,1.0;4.0,1.0::-2015.0,0.0
-2015.0
4.0,1.0;1.0,1.0::-790.0,0.0
-790.0
1.0,1.0;4.0,2.0::-2015.0,0.0
-2015.0
4.0,2.0;1.0,1.0::-790.0,0.0
-790.0
1.0,1.0;4.0,3.0::-15.0,0.0
-15.0
4.0,3.0;1.0,1.0::-40.0,0.0
-40.0
1.0,1.0;4.0,4.0::-35.0,0.0
-35.0
4.0,4.0;1.0,1.0::-47.5,0.0
-47.5
1.0,2.0;1.0,2.0::-2750.0,0.0
-2750.0
1.0,2.0;1.0,2.0::-2750.0,0.0
-2750.0
1.0,2.0;1.0,3.0::-750.0,0.0
-750.0
1.0,3.0;1.0,2.0::-2000.0,0.0
-2000.0
1.0,2.0;1.0,4.0::-770.0,0.0
-770.0
1.0,4.0;1.0,2.0::-2007.5,0.0
-2007.5
1.0,2.0;2.0,0.0::-4750.0,0.0
-4750.0
2.0,0.0;1.0,2.0::-3500.0,0.0
-3500.0
1.0,2.0;2.0,1.0::-2750.0,0.0
-2750.0
2.0,1.0;1.0,2.0::-2750.0,0.0
-2750.0
1.0,2.0;2.0,2.0::-2750.0,0.0
-2750.0
2.0,2.0;1.0,2.0::-2750.0,0.0
-2750.0
1.0,2.0;2.0,3.0::-750.0,0.0
-750.0
2.0,3.0;1.0,2.0::-2000.0,0.0
-2000.0
1.0,2.0;2.0,4.0::-770.0,0.0
-770.0
2.0,4.0;1.0,2.0::-2007.5,0.0
-2007.5
1.0,2.0;3.0,0.0::-4500.0,0.0
-4500.0
3.0,0.0;1.0,2.0::-6500.0,0.0
-6500.0
1.0,2.0;3.0,1.0::-2500.0,0.0
-2500.0
3.0,1.0;1.0,2.0::-5750.0,0.0
-5750.0
1.0,2.0;3.0,2.0::-2500.0,0.0
-2500.0
3.0,2.0;1.0,2.0::-5750.0,0.0
-5750.0
1.0,2.0;3.0,3.0::-500.0,0.0
-500.0
3.0,3.0;1.0,2.0::-5000.0,0.0
-5000.0
1.0,2.0;3.0,4.0::-520.0,0.0
-520.0
3.0,4.0;1.0,2.0::-5007.5,0.0
-5007.5
1.0,2.0;4.0,0.0::-5000.0,0.0
-5000.0
4.0,0.0;1.0,2.0::-500.0,0.0
-500.0
1.0,2.0;4.0,1.0::-3000.0,0.0
-3000.0
4.0,1.0;1.0,2.0::250.0,0.0
250.0
1.0,2.0;4.0,2.0::-3000.0,0.0
-3000.0
4.0,2.0;1.0,2.0::250.0,0.0
250.0
1.0,2.0;4.0,3.0::-1000.0,0.0
-1000.0
4.0,3.0;1.0,2.0::1000.0,0.0
1000.0
1.0,2.0;4.0,4.0::-1020.0,0.0
-1020.0
4.0,4.0;1.0,2.0::992.5,0.0
992.5
1.0,3.0;1.0,3.0::0.0,0.0
0.0
1.0,3.0;1.0,3.0::0.0,0.0
0.0
1.0,3.0;1.0,4.0::-20.0,0.0
-20.0
1.0,4.0;1.0,3.0::-7.5,0.0
-7.5
1.0,3.0;2.0,0.0::-5000.0,0.0
-5000.0
2.0,0.0;1.0,3.0::-500.0,0.0
-500.0
1.0,3.0;2.0,1.0::-3000.0,0.0
-3000.0
2.0,1.0;1.0,3.0::250.0,0.0
250.0
1.0,3.0;2.0,2.0::-3000.0,0.0
-3000.0
2.0,2.0;1.0,3.0::250.0,0.0
250.0
1.0,3.0;2.0,3.0::-1000.0,0.0
-1000.0
2.0,3.0;1.0,3.0::1000.0,0.0
1000.0
1.0,3.0;2.0,4.0::-1020.0,0.0
-1020.0
2.0,4.0;1.0,3.0::992.5,0.0
992.5
1.0,3.0;3.0,0.0::-4000.0,0.0
-4000.0
3.0,0.0;1.0,3.0::-1500.0,0.0
-1500.0
1.0,3.0;3.0,1.0::-2000.0,0.0
-2000.0
3.0,1.0;1.0,3.0::-750.0,0.0
-750.0
1.0,3.0;3.0,2.0::-2000.0,0.0
-2000.0
3.0,2.0;1.0,3.0::-750.0,0.0
-750.0
1.0,3.0;3.0,3.0::0.0,0.0
0.0
3.0,3.0;1.0,3.0::0.0,0.0
0.0
1.0,3.0;3.0,4.0::-20.0,0.0
-20.0
3.0,4.0;1.0,3.0::-7.5,0.0
-7.5
1.0,3.0;4.0,0.0::-5000.0,0.0
-5000.0
4.0,0.0;1.0,3.0::-500.0,0.0
-500.0
1.0,3.0;4.0,1.0::-3000.0,0.0
-3000.0
4.0,1.0;1.0,3.0::250.0,0.0
250.0
1.0,3.0;4.0,2.0::-3000.0,0.0
-3000.0
4.0,2.0;1.0,3.0::250.0,0.0
250.0
1.0,3.0;4.0,3.0::-1000.0,0.0
-1000.0
4.0,3.0;1.0,3.0::1000.0,0.0
1000.0
1.0,3.0;4.0,4.0::-1020.0,0.0
-1020.0
4.0,4.0;1.0,3.0::992.5,0.0
992.5
1.0,4.0;1.0,4.0::-27.5,0.0
-27.5
1.0,4.0;1.0,4.0::-27.5,0.0
-27.5
1.0,4.0;2.0,0.0::-4500.0,0.0
-4500.0
2.0,0.0;1.0,4.0::-6500.0,0.0
-6500.0
1.0,4.0;2.0,1.0::-2500.0,0.0
-2500.0
2.0,1.0;1.0,4.0::-5750.0,0.0
-5750.0
1.0,4.0;2.0,2.0::-2500.0,0.0
-2500.0
2.0,2.0;1.0,4.0::-5750.0,0.0
-5750.0
1.0,4.0;2.0,3.0::-500.0,0.0
-500.0
2.0,3.0;1.0,4.0::-5000.0,0.0
-5000.0
1.0,4.0;2.0,4.0::-520.0,0.0
-520.0
2.0,4.0;1.0,4.0::-5007.5,0.0
-5007.5
1.0,4.0;3.0,0.0::-4007.5,0.0
-4007.5
3.0,0.0;1.0,4.0::-1520.0,0.0
-1520.0
1.0,4.0;3.0,1.0::-2007.5,0.0
-2007.5
3.0,1.0;1.0,4.0::-770.0,0.0
-770.0
1.0,4.0;3.0,2.0::-2007.5,0.0
-2007.5
3.0,2.0;1.0,4.0::-770.0,0.0
-770.0
1.0,4.0;3.0,3.0::-7.5,0.0
-7.5
3.0,3.0;1.0,4.0::-20.0,0.0
-20.0
1.0,4.0;3.0,4.0::-27.5,0.0
-27.5
3.0,4.0;1.0,4.0::-27.5,0.0
-27.5
1.0,4.0;4.0,0.0::-5002.5,0.0
-5002.5
4.0,0.0;1.0,4.0::-525.0,0.0
-525.0
1.0,4.0;4.0,1.0::-3002.5,0.0
-3002.5
4.0,1.0;1.0,4.0::225.0,0.0
225.0
1.0,4.0;4.0,2.0::-3002.5,0.0
-3002.5
4.0,2.0;1.0,4.0::225.0,0.0
225.0
1.0,4.0;4.0,3.0::-1002.5,0.0
-1002.5
4.0,3.0;1.0,4.0::975.0,0.0
975.0
1.0,4.0;4.0,4.0::-1022.5,0.0
-1022.5
4.0,4.0;1.0,4.0::967.5,0.0
967.5
2.0,0.0;2.0,0.0::-5500.0,0.0
-5500.0
2.0,0.0;2.0,0.0::-5500.0,0.0
-5500.0
2.0,0.0;2.0,1.0::-2500.0,0.0
-2500.0
2.0,1.0;2.0,0.0::-5750.0,0.0
-5750.0
2.0,0.0;2.0,2.0::-2500.0,0.0
-2500.0
2.0,2.0;2.0,0.0::-5750.0,0.0
-5750.0
2.0,0.0;2.0,3.0::500.0,0.0
500.0
2.0,3.0;2.0,0.0::-6000.0,0.0
-6000.0
2.0,0.0;2.0,4.0::-5500.0,0.0
-5500.0
2.0,4.0;2.0,0.0::-5500.0,0.0
-5500.0
2.0,0.0;3.0,0.0::-5500.0,0.0
-5500.0
3.0,0.0;2.0,0.0::-5500.0,0.0
-5500.0
2.0,0.0;3.0,1.0::-2500.0,0.0
-2500.0
3.0,1.0;2.0,0.0::-5750.0,0.0
-5750.0
2.0,0.0;3.0,2.0::-2500.0,0.0
-2500.0
3.0,2.0;2.0,0.0::-5750.0,0.0
-5750.0
2.0,0.0;3.0,3.0::500.0,0.0
500.0
3.0,3.0;2.0,0.0::-6000.0,0.0
-6000.0
2.0,0.0;3.0,4.0::-5500.0,0.0
-5500.0
3.0,4.0;2.0,0.0::-5500.0,0.0
-5500.0
2.0,0.0;4.0,0.0::-5015.0,0.0
-5015.0
4.0,0.0;2.0,0.0::-540.0,0.0
-540.0
2.0,0.0;4.0,1.0::-2015.0,0.0
-2015.0
4.0,1.0;2.0,0.0::-790.0,0.0
-790.0
2.0,0.0;4.0,2.0::-2015.0,0.0
-2015.0
4.0,2.0;2.0,0.0::-790.0,0.0
-790.0
2.0,0.0;4.0,3.0::985.0,0.0
985.0
4.0,3.0;2.0,0.0::-1040.0,0.0
-1040.0
2.0,0.0;4.0,4.0::-5015.0,0.0
-5015.0
4.0,4.0;2.0,0.0::-540.0,0.0
-540.0
2.0,1.0;2.0,1.0::-2750.0,0.0
-2750.0
2.0,1.0;2.0,1.0::-2750.0,0.0
-2750.0
2.0,1.0;2.0,2.0::-2750.0,0.0
-2750.0
2.0,2.0;2.0,1.0::-2750.0,0.0
-2750.0
2.0,1.0;2.0,3.0::250.0,0.0
250.0
2.0,3.0;2.0,1.0::-3000.0,0.0
-3000.0
2.0,1.0;2.0,4.0::-5750.0,0.0
-5750.0
2.0,4.0;2.0,1.0::-2500.0,0.0
-2500.0
2.0,1.0;3.0,0.0::-5000.0,0.0
-5000.0
3.0,0.0;2.0,1.0::-500.0,0.0
-500.0
2.0,1.0;3.0,1.0::-2000.0,0.0
-2000.0
3.0,1.0;2.0,1.0::-750.0,0.0
-750.0
2.0,1.0;3.0,2.0::-2000.0,0.0
-2000.0
3.0,2.0;2.0,1.0::-750.0,0.0
-750.0
2.0,1.0;3.0,3.0::1000.0,0.0
1000.0
3.0,3.0;2.0,1.0::-1000.0,0.0
-1000.0
2.0,1.0;3.0,4.0::-5000.0,0.0
-5000.0
3.0,4.0;2.0,1.0::-500.0,0.0
-500.0
2.0,1.0;4.0,0.0::-5015.0,0.0
-5015.0
4.0,0.0;2.0,1.0::-540.0,0.0
-540.0
2.0,1.0;4.0,1.0::-2015.0,0.0
-2015.0
4.0,1.0;2.0,1.0::-790.0,0.0
-790.0
2.0,1.0;4.0,2.0::-2015.0,0.0
-2015.0
4.0,2.0;2.0,1.0::-790.0,0.0
-790.0
2.0,1.0;4.0,3.0::985.0,0.0
985.0
4.0,3.0;2.0,1.0::-1040.0,0.0
-1040.0
2.0,1.0;4.0,4.0::-5015.0,0.0
-5015.0
4.0,4.0;2.0,1.0::-540.0,0.0
-540.0
2.0,2.0;2.0,2.0::-2750.0,0.0
-2750.0
2.0,2.0;2.0,2.0::-2750.0,0.0
-2750.0
2.0,2.0;2.0,3.0::250.0,0.0
250.0
2.0,3.0;2.0,2.0::-3000.0,0.0
-3000.0
2.0,2.0;2.0,4.0::-5750.0,0.0
-5750.0
2.0,4.0;2.0,2.0::-2500.0,0.0
-2500.0
2.0,2.0;3.0,0.0::-5500.0,0.0
-5500.0
3.0,0.0;2.0,2.0::-5500.0,0.0
-5500.0
2.0,2.0;3.0,1.0::-2500.0,0.0
-2500.0
3.0,1.0;2.0,2.0::-5750.0,0.0
-5750.0
2.0,2.0;3.0,2.0::-2500.0,0.0
-2500.0
3.0,2.0;2.0,2.0::-5750.0,0.0
-5750.0
2.0,2.0;3.0,3.0::500.0,0.0
500.0
3.0,3.0;2.0,2.0::-6000.0,0.0
-6000.0
2.0,2.0;3.0,4.0::-5500.0,0.0
-5500.0
3.0,4.0;2.0,2.0::-5500.0,0.0
-5500.0
2.0,2.0;4.0,0.0::-6000.0,0.0
-6000.0
4.0,0.0;2.0,2.0::500.0,0.0
500.0
2.0,2.0;4.0,1.0::-3000.0,0.0
-3000.0
4.0,1.0;2.0,2.0::250.0,0.0
250.0
2.0,2.0;4.0,2.0::-3000.0,0.0
-3000.0
4.0,2.0;2.0,2.0::250.0,0.0
250.0
2.0,2.0;4.0,3.0::0.0,0.0
0.0
4.0,3.0;2.0,2.0::0.0,0.0
0.0
2.0,2.0;4.0,4.0::-6000.0,0.0
-6000.0
4.0,4.0;2.0,2.0::500.0,0.0
500.0
2.0,3.0;2.0,3.0::0.0,0.0
0.0
2.0,3.0;2.0,3.0::0.0,0.0
0.0
2.0,3.0;2.0,4.0::-6000.0,0.0
-6000.0
2.0,4.0;2.0,3.0::500.0,0.0
500.0
2.0,3.0;3.0,0.0::-5000.0,0.0
-5000.0
3.0,0.0;2.0,3.0::-500.0,0.0
-500.0
2.0,3.0;3.0,1.0::-2000.0,0.0
-2000.0
3.0,1.0;2.0,3.0::-750.0,0.0
-750.0
2.0,3.0;3.0,2.0::-2000.0,0.0
-2000.0
3.0,2.0;2.0,3.0::-750.0,0.0
-750.0
2.0,3.0;3.0,3.0::1000.0,0.0
1000.0
3.0,3.0;2.0,3.0::-1000.0,0.0
-1000.0
2.0,3.0;3.0,4.0::-5000.0,0.0
-5000.0
3.0,4.0;2.0,3.0::-500.0,0.0
-500.0
2.0,3.0;4.0,0.0::-6000.0,0.0
-6000.0
4.0,0.0;2.0,3.0::500.0,0.0
500.0
2.0,3.0;4.0,1.0::-3000.0,0.0
-3000.0
4.0,1.0;2.0,3.0::250.0,0.0
250.0
2.0,3.0;4.0,2.0::-3000.0,0.0
-3000.0
4.0,2.0;2.0,3.0::250.0,0.0
250.0
2.0,3.0;4.0,3.0::0.0,0.0
0.0
4.0,3.0;2.0,3.0::0.0,0.0
0.0
2.0,3.0;4.0,4.0::-6000.0,0.0
-6000.0
4.0,4.0;2.0,3.0::500.0,0.0
500.0
2.0,4.0;2.0,4.0::-5500.0,0.0
-5500.0
2.0,4.0;2.0,4.0::-5500.0,0.0
-5500.0
2.0,4.0;3.0,0.0::-5007.5,0.0
-5007.5
3.0,0.0;2.0,4.0::-520.0,0.0
-520.0
2.0,4.0;3.0,1.0::-2007.5,0.0
-2007.5
3.0,1.0;2.0,4.0::-770.0,0.0
-770.0
2.0,4.0;3.0,2.0::-2007.5,0.0
-2007.5
3.0,2.0;2.0,4.0::-770.0,0.0
-770.0
2.0,4.0;3.0,3.0::992.5,0.0
992.5
3.0,3.0;2.0,4.0::-1020.0,0.0
-1020.0
2.0,4.0;3.0,4.0::-5007.5,0.0
-5007.5
3.0,4.0;2.0,4.0::-520.0,0.0
-520.0
2.0,4.0;4.0,0.0::-6002.5,0.0
-6002.5
4.0,0.0;2.0,4.0::475.0,0.0
475.0
2.0,4.0;4.0,1.0::-3002.5,0.0
-3002.5
4.0,1.0;2.0,4.0::225.0,0.0
225.0
2.0,4.0;4.0,2.0::-3002.5,0.0
-3002.5
4.0,2.0;2.0,4.0::225.0,0.0
225.0
2.0,4.0;4.0,3.0::-2.5,0.0
-2.5
4.0,3.0;2.0,4.0::-25.0,0.0
-25.0
2.0,4.0;4.0,4.0::-6002.5,0.0
-6002.5
4.0,4.0;2.0,4.0::475.0,0.0
475.0
3.0,0.0;3.0,0.0::-5500.0,0.0
-5500.0
3.0,0.0;3.0,0.0::-5500.0,0.0
-5500.0
3.0,0.0;3.0,1.0::-500.0,0.0
-500.0
3.0,1.0;3.0,0.0::-5000.0,0.0
-5000.0
3.0,0.0;3.0,2.0::-5500.0,0.0
-5500.0
3.0,2.0;3.0,0.0::-5500.0,0.0
-5500.0
3.0,0.0;3.0,3.0::-500.0,0.0
-500.0
3.0,3.0;3.0,0.0::-5000.0,0.0
-5000.0
3.0,0.0;3.0,4.0::-520.0,0.0
-520.0
3.0,4.0;3.0,0.0::-5007.5,0.0
-5007.5
3.0,0.0;4.0,0.0::-5015.0,0.0
-5015.0
4.0,0.0;3.0,0.0::-540.0,0.0
-540.0
3.0,0.0;4.0,1.0::-15.0,0.0
-15.0
4.0,1.0;3.0,0.0::-40.0,0.0
-40.0
3.0,0.0;4.0,2.0::-5015.0,0.0
-5015.0
4.0,2.0;3.0,0.0::-540.0,0.0
-540.0
3.0,0.0;4.0,3.0::-15.0,0.0
-15.0
4.0,3.0;3.0,0.0::-40.0,0.0
-40.0
3.0,0.0;4.0,4.0::-35.0,0.0
-35.0
4.0,4.0;3.0,0.0::-47.5,0.0
-47.5
3.0,1.0;3.0,1.0::0.0,0.0
0.0
3.0,1.0;3.0,1.0::0.0,0.0
0.0
3.0,1.0;3.0,2.0::-5000.0,0.0
-5000.0
3.0,2.0;3.0,1.0::-500.0,0.0
-500.0
3.0,1.0;3.0,3.0::0.0,0.0
0.0
3.0,3.0;3.0,1.0::0.0,0.0
0.0
3.0,1.0;3.0,4.0::-20.0,0.0
-20.0
3.0,4.0;3.0,1.0::-7.5,0.0
-7.5
3.0,1.0;4.0,0.0::-5015.0,0.0
-5015.0
4.0,0.0;3.0,1.0::-540.0,0.0
-540.0
3.0,1.0;4.0,1.0::-15.0,0.0
-15.0
4.0,1.0;3.0,1.0::-40.0,0.0
-40.0
3.0,1.0;4.0,2.0::-5015.0,0.0
-5015.0
4.0,2.0;3.0,1.0::-540.0,0.0
-540.0
3.0,1.0;4.0,3.0::-15.0,0.0
-15.0
4.0,3.0;3.0,1.0::-40.0,0.0
-40.0
3.0,1.0;4.0,4.0::-35.0,0.0
-35.0
4.0,4.0;3.0,1.0::-47.5,0.0
-47.5
3.0,2.0;3.0,2.0::-5500.0,0.0
-5500.0
3.0,2.0;3.0,2.0::-5500.0,0.0
-5500.0
3.0,2.0;3.0,3.0::-500.0,0.0
-500.0
3.0,3.0;3.0,2.0::-5000.0,0.0
-5000.0
3.0,2.0;3.0,4.0::-520.0,0.0
-520.0
3.0,4.0;3.0,2.0::-5007.5,0.0
-5007.5
3.0,2.0;4.0,0.0::-6000.0,0.0
-6000.0
4.0,0.0;3.0,2.0::500.0,0.0
500.0
3.0,2.0;4.0,1.0::-1000.0,0.0
-1000.0
4.0,1.0;3.0,2.0::1000.0,0.0
1000.0
3.0,2.0;4.0,2.0::-6000.0,0.0
-6000.0
4.0,2.0;3.0,2.0::500.0,0.0
500.0
3.0,2.0;4.0,3.0::-1000.0,0.0
-1000.0
4.0,3.0;3.0,2.0::1000.0,0.0
1000.0
3.0,2.0;4.0,4.0::-1020.0,0.0
-1020.0
4.0,4.0;3.0,2.0::992.5,0.0
992.5
3.0,3.0;3.0,3.0::0.0,0.0
0.0
3.0,3.0;3.0,3.0::0.0,0.0
0.0
3.0,3.0;3.0,4.0::-20.0,0.0
-20.0
3.0,4.0;3.0,3.0::-7.5,0.0
-7.5
3.0,3.0;4.0,0.0::-6000.0,0.0
-6000.0
4.0,0.0;3.0,3.0::500.0,0.0
500.0
3.0,3.0;4.0,1.0::-1000.0,0.0
-1000.0
4.0,1.0;3.0,3.0::1000.0,0.0
1000.0
3.0,3.0;4.0,2.0::-6000.0,0.0
-6000.0
4.0,2.0;3.0,3.0::500.0,0.0
500.0
3.0,3.0;4.0,3.0::-1000.0,0.0
-1000.0
4.0,3.0;3.0,3.0::1000.0,0.0
1000.0
3.0,3.0;4.0,4.0::-1020.0,0.0
-1020.0
4.0,4.0;3.0,3.0::992.5,0.0
992.5
3.0,4.0;3.0,4.0::-27.5,0.0
-27.5
3.0,4.0;3.0,4.0::-27.5,0.0
-27.5
3.0,4.0;4.0,0.0::-6002.5,0.0
-6002.5
4.0,0.0;3.0,4.0::475.0,0.0
475.0
3.0,4.0;4.0,1.0::-1002.5,0.0
-1002.5
4.0,1.0;3.0,4.0::975.0,0.0
975.0
3.0,4.0;4.0,2.0::-6002.5,0.0
-6002.5
4.0,2.0;3.0,4.0::475.0,0.0
475.0
3.0,4.0;4.0,3.0::-1002.5,0.0
-1002.5
4.0,3.0;3.0,4.0::975.0,0.0
975.0
3.0,4.0;4.0,4.0::-1022.5,0.0
-1022.5
4.0,4.0;3.0,4.0::967.5,0.0
967.5
4.0,0.0;4.0,0.0::-55.0,0.0
-55.0
4.0,0.0;4.0,0.0::-55.0,0.0
-55.0
4.0,0.0;4.0,1.0::-55.0,0.0
-55.0
4.0,1.0;4.0,0.0::-55.0,0.0
-55.0
4.0,0.0;4.0,2.0::985.0,0.0
985.0
4.0,2.0;4.0,0.0::-1040.0,0.0
-1040.0
4.0,0.0;4.0,3.0::985.0,0.0
985.0
4.0,3.0;4.0,0.0::-1040.0,0.0
-1040.0
4.0,0.0;4.0,4.0::960.0,0.0
960.0
4.0,4.0;4.0,0.0::-1042.5,0.0
-1042.5
4.0,1.0;4.0,1.0::-55.0,0.0
-55.0
4.0,1.0;4.0,1.0::-55.0,0.0
-55.0
4.0,1.0;4.0,2.0::985.0,0.0
985.0
4.0,2.0;4.0,1.0::-1040.0,0.0
-1040.0
4.0,1.0;4.0,3.0::985.0,0.0
985.0
4.0,3.0;4.0,1.0::-1040.0,0.0
-1040.0
4.0,1.0;4.0,4.0::960.0,0.0
960.0
4.0,4.0;4.0,1.0::-1042.5,0.0
-1042.5
4.0,2.0;4.0,2.0::0.0,0.0
0.0
4.0,2.0;4.0,2.0::0.0,0.0
0.0
4.0,2.0;4.0,3.0::0.0,0.0
0.0
4.0,3.0;4.0,2.0::0.0,0.0
0.0
4.0,2.0;4.0,4.0::-25.0,0.0
-25.0
4.0,4.0;4.0,2.0::-2.5,0.0
-2.5
4.0,3.0;4.0,3.0::0.0,0.0
0.0
4.0,3.0;4.0,3.0::0.0,0.0
0.0
4.0,3.0;4.0,4.0::-25.0,0.0
-25.0
4.0,4.0;4.0,3.0::-2.5,0.0
-2.5
4.0,4.0;4.0,4.0::-27.5,0.0
-27.5
4.0,4.0;4.0,4.0::-27.5,0.0
-27.5
