2.0,4.0;2.0,4.0::-3000.0,0.0
-3000.0
2.0,4.0;2.0,4.0::-3000.0,0.0
-3000.0
2.0,4.0;3.0,0.0::-2507.5,0.0
-2507.5
3.0,0.0;2.0,4.0::-507.5,0.0
-507.5
2.0,4.0;3.0,1.0::-757.5,0.0
-757.5
3.0,1.0;2.0,4.0::-757.5,0.0
-757.5
2.0,4.0;3.0,2.0::-757.5,0.0
-757.5
3.0,2.0;2.0,4.0::-757.5,0.0
-757.5
2.0,4.0;3.0,3.0::992.5,0.0
992.5
3.0,3.0;2.0,4.0::-1007.5,0.0
-1007.5
2.0,4.0;3.0,4.0::-2507.5,0.0
-2507.5
3.0,4.0;2.0,4.0::-507.5,0.0
-507.5
2.0,4.0;4.0,0.0::-3502.5,0.0
-3502.5
4.0,0.0;2.0,4.0::487.5,0.0
487.5
2.0,4.0;4.0,1.0::-1752.5,0.0
-1752.5
4.0,1.0;2.0,4.0::237.5,0.0
237.5
2.0,4.0;4.0,2.0::-1752.5,0.0
-1752.5
4.0,2.0;2.0,4.0::237.5,0.0
237.5
2.0,4.0;4.0,3.0::-2.5,0.0
-2.5
4.0,3.0;2.0,4.0::-12.5,0.0
-12.5
2.0,4.0;4.0,4.0::-3502.5,0.0
-3502.5
4.0,4.0;2.0,4.0::487.5,0.0
487.5
