0.0,2.0;0.0,2.0::0.0,0.0
0.0
0.0,2.0;0.0,2.0::0.0,0.0
0.0
0.0,2.0;0.0,3.0::0.0,0.0
0.0
0.0,3.0;0.0,2.0::0.0,0.0
0.0
0.0,2.0;0.0,4.0::-12.5,0.0
-12.5
0.0,4.0;0.0,2.0::-2.5,0.0
-2.5
0.0,2.0;1.0,0.0::-2250.0,0.0
-2250.0
1.0,0.0;0.0,2.0::-2250.0,0.0
-2250.0
0.0,2.0;1.0,1.0::-2250.0,0.0
-2250.0
1.0,1.0;0.0,2.0::-2250.0,0.0
-2250.0
0.0,2.0;1.0,2.0::250.0,0.0
250.0
1.0,2.0;0.0,2.0::-1750.0,0.0
-1750.0
0.0,2.0;1.0,3.0::250.0,0.0
250.0
1.0,3.0;0.0,2.0::-1750.0,0.0
-1750.0
0.0,2.0;1.0,4.0::237.5,0.0
237.5
1.0,4.0;0.0,2.0::-1752.5,0.0
-1752.5
0.0,2.0;2.0,0.0::-2250.0,0.0
-2250.0
2.0,0.0;0.0,2.0::-2250.0,0.0
-2250.0
0.0,2.0;2.0,1.0::-2250.0,0.0
-2250.0
2.0,1.0;0.0,2.0::-2250.0,0.0
-2250.0
0.0,2.0;2.0,2.0::250.0,0.0
250.0
2.0,2.0;0.0,2.0::-1750.0,0.0
-1750.0
0.0,2.0;2.0,3.0::250.0,0.0
250.0
2.0,3.0;0.0,2.0::-1750.0,0.0
-1750.0
0.0,2.0;2.0,4.0::237.5,0.0
237.5
2.0,4.0;0.0,2.0::-1752.5,0.0
-1752.5
0.0,2.0;3.0,0.0::-2000.0,0.0
-2000.0
3.0,0.0;0.0,2.0::-4000.0,0.0
-4000.0
0.0,2.0;3.0,1.0::-2000.0,0.0
-2000.0
3.0,1.0;0.0,2.0::-4000.0,0.0
-4000.0
0.0,2.0;3.0,2.0::500.0,0.0
500.0
3.0,2.0;0.0,2.0::-3500.0,0.0
-3500.0
0.0,2.0;3.0,3.0::500.0,0.0
500.0
3.0,3.0;0.0,2.0::-3500.0,0.0
-3500.0
0.0,2.0;3.0,4.0::487.5,0.0
487.5
3.0,4.0;0.0,2.0::-3502.5,0.0
-3502.5
0.0,2.0;4.0,0.0::-2500.0,0.0
-2500.0
4.0,0.0;0.0,2.0::-500.0,0.0
-500.0
0.0,2.0;4.0,1.0::-2500.0,0.0
-2500.0
4.0,1.0;0.0,2.0::-500.0,0.0
-500.0
0.0,2.0;4.0,2.0::0.0,0.0
0.0
4.0,2.0;0.0,2.0::0.0,0.0
0.0
0.0,2.0;4.0,3.0::0.0,0.0
0.0
4.0,3.0;0.0,2.0::0.0,0.0
0.0
0.0,2.0;4.0,4.0::-12.5,0.0
-12.5
4.0,4.0;0.0,2.0::-2.5,0.0
-2.5
