0.0,0.0,0.0,0.0;0.0,0.0,0.0,0.0::-1447.88,173.64711515023794
-1447.88
0.0,0.0,0.0,0.0;0.0,0.0,0.0,0.0::-1463.595,164.95977835520995
-1463.595
0.0,0.0,0.0,0.0;0.0,0.0,0.0,10.0::-1898.93,573.9045783926106
-1898.93
0.0,0.0,0.0,10.0;0.0,0.0,0.0,0.0::-1405.795,269.3487339398498
-1405.795
0.0,0.0,0.0,0.0;0.0,0.0,10.0,0.0::-1755.07,573.0870397243336
-1755.07
0.0,0.0,10.0,0.0;0.0,0.0,0.0,0.0::-1631.83,189.08863292117798
-1631.83
0.0,0.0,0.0,0.0;0.0,0.0,10.0,10.0::-2186.7,294.07607859191813
-2186.7
0.0,0.0,10.0,10.0;0.0,0.0,0.0,0.0::-1567.85,150.81406598855426
-1567.85
0.0,0.0,0.0,0.0;0.0,10.0,0.0,0.0::-1822.85,144.1093942114809
-1822.85
0.0,10.0,0.0,0.0;0.0,0.0,0.0,0.0::-896.275,99.29867509186617
-896.275
0.0,0.0,0.0,0.0;0.0,10.0,0.0,10.0::-2311.085,539.8829551625056
-2311.085
0.0,10.0,0.0,10.0;0.0,0.0,0.0,0.0::-867.915,205.73875491749237
-867.915
0.0,0.0,0.0,0.0;0.0,10.0,10.0,0.0::-2196.225,479.4258929959875
-2196.225
0.0,10.0,10.0,0.0;0.0,0.0,0.0,0.0::-1041.8,95.65620732602771
-1041.8
0.0,0.0,0.0,0.0;0.0,10.0,10.0,10.0::-2566.765,272.37291949641394
-2566.765
0.0,10.0,10.0,10.0;0.0,0.0,0.0,0.0::-985.435,78.72155533905564
-985.435
0.0,0.0,0.0,0.0;10.0,0.0,0.0,0.0::-1805.675,165.30563170987253
-1805.675
10.0,0.0,0.0,0.0;0.0,0.0,0.0,0.0::-895.075,116.42101131239156
-895.075
0.0,0.0,0.0,0.0;10.0,0.0,0.0,10.0::-2354.135,549.4443049800408
-2354.135
10.0,0.0,0.0,10.0;0.0,0.0,0.0,0.0::-876.54,211.65321495313975
-876.54
0.0,0.0,0.0,0.0;10.0,0.0,10.0,0.0::-2278.88,416.3825591928654
-2278.88
10.0,0.0,10.0,0.0;0.0,0.0,0.0,0.0::-1028.87,83.05217095296183
-1028.87
0.0,0.0,0.0,0.0;10.0,0.0,10.0,10.0::-2570.14,262.8800684722977
-2570.14
10.0,0.0,10.0,10.0;0.0,0.0,0.0,0.0::-997.385,76.63712726218277
-997.385
0.0,0.0,0.0,0.0;10.0,10.0,0.0,0.0::-1804.135,168.24694432589257
-1804.135
10.0,10.0,0.0,0.0;0.0,0.0,0.0,0.0::-904.015,130.59177721051196
-904.015
0.0,0.0,0.0,0.0;10.0,10.0,0.0,10.0::-2236.01,615.8463525101047
-2236.01
10.0,10.0,0.0,10.0;0.0,0.0,0.0,0.0::-831.59,246.10464623813994
-831.59
0.0,0.0,0.0,0.0;10.0,10.0,10.0,0.0::-2228.63,433.2001940211939
-2228.63
10.0,10.0,10.0,0.0;0.0,0.0,0.0,0.0::-1032.395,92.80725443089027
-1032.395
0.0,0.0,0.0,0.0;10.0,10.0,10.0,10.0::-2564.015,276.1951706221526
-2564.015
10.0,10.0,10.0,10.0;0.0,0.0,0.0,0.0::-975.56,74.6782525237435
-975.56
