0.0,0.0,0.0,10.0;0.0,0.0,0.0,10.0::-1943.235,560.4276155535165
-1943.235
0.0,0.0,0.0,10.0;0.0,0.0,0.0,10.0::-1873.39,637.4617423030187
-1873.39
0.0,0.0,0.0,10.0;0.0,0.0,10.0,0.0::-1818.94,493.8674735189594
-1818.94
0.0,0.0,10.0,0.0;0.0,0.0,0.0,10.0::-2097.935,555.0732413609938
-2097.935
0.0,0.0,0.0,10.0;0.0,0.0,10.0,10.0::-2144.645,382.9600128929912
-2144.645
0.0,0.0,10.0,10.0;0.0,0.0,0.0,10.0::-1999.93,588.6299602466731
-1999.93
0.0,0.0,0.0,10.0;0.0,10.0,0.0,0.0::-1794.345,174.2912891541055
-1794.345
0.0,10.0,0.0,0.0;0.0,0.0,0.0,10.0::-1973.98,168.83328937149804
-1973.98
0.0,0.0,0.0,10.0;0.0,10.0,0.0,10.0::-2318.84,541.1986690670996
-2318.84
0.0,10.0,0.0,10.0;0.0,0.0,0.0,10.0::-1947.21,228.8621001826209
-1947.21
0.0,0.0,0.0,10.0;0.0,10.0,10.0,0.0::-2274.165,426.74704483452496
-2274.165
0.0,10.0,10.0,0.0;0.0,0.0,0.0,10.0::-2103.11,140.40264563034413
-2103.11
0.0,0.0,0.0,10.0;0.0,10.0,10.0,10.0::-2585.275,236.63790244802286
-2585.275
0.0,10.0,10.0,10.0;0.0,0.0,0.0,10.0::-2033.625,212.2961536980828
-2033.625
0.0,0.0,0.0,10.0;10.0,0.0,0.0,0.0::-1579.495,182.8984211932952
-1579.495
10.0,0.0,0.0,0.0;0.0,0.0,0.0,10.0::-1959.43,420.1018925213263
-1959.43
0.0,0.0,0.0,10.0;10.0,0.0,0.0,10.0::-1922.44,619.891640853464
-1922.44
10.0,0.0,0.0,10.0;0.0,0.0,0.0,10.0::-1972.91,412.87692706180616
-1972.91
0.0,0.0,0.0,10.0;10.0,0.0,10.0,0.0::-1921.715,491.2229801984023
-1921.715
10.0,0.0,10.0,0.0;0.0,0.0,0.0,10.0::-2141.51,414.2194646561168
-2141.51
0.0,0.0,0.0,10.0;10.0,0.0,10.0,10.0::-2277.9,333.0548002956871
-2277.9
10.0,0.0,10.0,10.0;0.0,0.0,0.0,10.0::-2046.475,405.2460633676779
-2046.475
0.0,0.0,0.0,10.0;10.0,10.0,0.0,0.0::-1810.97,172.61430734443766
-1810.97
10.0,10.0,0.0,0.0;0.0,0.0,0.0,10.0::-1954.155,164.45816633721782
-1954.155
0.0,0.0,0.0,10.0;10.0,10.0,0.0,10.0::-2364.025,518.2556915992338
-2364.025
10.0,10.0,0.0,10.0;0.0,0.0,0.0,10.0::-1947.05,260.0011009592075
-1947.05
0.0,0.0,0.0,10.0;10.0,10.0,10.0,0.0::-2268.895,400.4844522263006
-2268.895
10.0,10.0,10.0,0.0;0.0,0.0,0.0,10.0::-2106.53,137.27550436986198
-2106.53
0.0,0.0,0.0,10.0;10.0,10.0,10.0,10.0::-2510.125,368.8092350728219
-2510.125
10.0,10.0,10.0,10.0;0.0,0.0,0.0,10.0::-2085.7,94.58205432321718
-2085.7
