10.0,0.0,10.0,0.0;10.0,0.0,10.0,0.0::-1338.055,273.76113580090214
-1338.055
10.0,0.0,10.0,0.0;10.0,0.0,10.0,0.0::-1345.02,256.96654373672845
-1345.02
10.0,0.0,10.0,0.0;10.0,0.0,10.0,10.0::-2542.05,158.60158416611105
-2542.05
10.0,0.0,10.0,10.0;10.0,0.0,10.0,0.0::-1162.125,242.28838576167863
-1162.125
10.0,0.0,10.0,0.0;10.0,10.0,0.0,0.0::-1257.455,49.72117732918238
-1257.455
10.0,10.0,0.0,0.0;10.0,0.0,10.0,0.0::-1331.145,279.098211164099
-1331.145
10.0,0.0,10.0,0.0;10.0,10.0,0.0,10.0::-2327.155,399.77427190228235
-2327.155
10.0,10.0,0.0,10.0;10.0,0.0,10.0,0.0::-1008.645,280.9098191146049
-1008.645
10.0,0.0,10.0,0.0;10.0,10.0,10.0,0.0::-1343.735,267.5679021762513
-1343.735
10.0,10.0,10.0,0.0;10.0,0.0,10.0,0.0::-1310.765,321.5800013604702
-1310.765
10.0,0.0,10.0,0.0;10.0,10.0,10.0,10.0::-2497.15,264.6593612551802
-2497.15
10.0,10.0,10.0,10.0;10.0,0.0,10.0,0.0::-1140.35,284.57244683911347
-1140.35
