10.0,0.0,10.0,10.0;10.0,0.0,10.0,10.0::-2289.875,296.3495771466529
-2289.875
10.0,0.0,10.0,10.0;10.0,0.0,10.0,10.0::-2323.375,255.50928921469762
-2323.375
10.0,0.0,10.0,10.0;10.0,10.0,0.0,0.0::-1253.405,58.00683989841199
-1253.405
10.0,10.0,0.0,0.0;10.0,0.0,10.0,10.0::-2308.07,241.04750589873365
-2308.07
10.0,0.0,10.0,10.0;10.0,10.0,0.0,10.0::-2423.505,338.7918350182012
-2423.505
10.0,10.0,0.0,10.0;10.0,0.0,10.0,10.0::-2058.745,289.14177746392863
-2058.745
10.0,0.0,10.0,10.0;10.0,10.0,10.0,0.0::-1283.485,249.61569917575298
-1283.485
10.0,10.0,10.0,0.0;10.0,0.0,10.0,10.0::-2352.715,113.59333728260648
-2352.715
10.0,0.0,10.0,10.0;10.0,10.0,10.0,10.0::-2483.25,296.9001305152963
-2483.25
10.0,10.0,10.0,10.0;10.0,0.0,10.0,10.0::-2118.05,215.0935784722547
-2118.05
