10.0,10.0,0.0,0.0;10.0,10.0,0.0,0.0::-1250.585,97.93370346821364
-1250.585
10.0,10.0,0.0,0.0;10.0,10.0,0.0,0.0::-1253.29,100.3794844577317
-1253.29
10.0,10.0,0.0,0.0;10.0,10.0,0.0,10.0::-2323.515,120.66814938085358
-2323.515
10.0,10.0,0.0,10.0;10.0,10.0,0.0,0.0::-1246.51,49.591228054969555
-1246.51
10.0,10.0,0.0,0.0;10.0,10.0,10.0,0.0::-1354.015,300.2558113925524
-1354.015
10.0,10.0,10.0,0.0;10.0,10.0,0.0,0.0::-1258.085,97.57794461352422
-1258.085
10.0,10.0,0.0,0.0;10.0,10.0,10.0,10.0::-2289.95,262.7042681419546
-2289.95
10.0,10.0,10.0,10.0;10.0,10.0,0.0,0.0::-1263.6,113.35806102787751
-1263.6
