0.0,0.0,10.0,0.0;0.0,0.0,10.0,0.0::-1986.465,511.7499206399547
-1986.465
0.0,0.0,10.0,0.0;0.0,0.0,10.0,0.0::-1961.21,511.8764752359695
-1961.21
0.0,0.0,10.0,0.0;0.0,0.0,10.0,10.0::-2385.64,174.46147253763507
-2385.64
0.0,0.0,10.0,10.0;0.0,0.0,10.0,0.0::-2005.485,369.0524587033665
-2005.485
0.0,0.0,10.0,0.0;0.0,10.0,0.0,0.0::-1806.965,159.4581332983677
-1806.965
0.0,10.0,0.0,0.0;0.0,0.0,10.0,0.0::-948.16,272.5052006843173
-948.16
0.0,0.0,10.0,0.0;0.0,10.0,0.0,10.0::-2311.1,555.9390883900861
-2311.1
0.0,10.0,0.0,10.0;0.0,0.0,10.0,0.0::-942.675,351.5392750106309
-942.675
0.0,0.0,10.0,0.0;0.0,10.0,10.0,0.0::-2274.17,443.8645470185696
-2274.17
0.0,10.0,10.0,0.0;0.0,0.0,10.0,0.0::-1122.155,285.2930834685622
-1122.155
0.0,0.0,10.0,0.0;0.0,10.0,10.0,10.0::-2563.6,291.4106638405672
-2563.6
0.0,10.0,10.0,10.0;0.0,0.0,10.0,0.0::-1064.875,253.3873159315596
-1064.875
0.0,0.0,10.0,0.0;10.0,0.0,0.0,0.0::-1792.795,182.86471905482477
-1792.795
10.0,0.0,0.0,0.0;0.0,0.0,10.0,0.0::-1037.055,341.828457672851
-1037.055
0.0,0.0,10.0,0.0;10.0,0.0,0.0,10.0::-2357.47,511.7041177282043
-2357.47
10.0,0.0,0.0,10.0;0.0,0.0,10.0,0.0::-946.43,301.6022796664507
-946.43
0.0,0.0,10.0,0.0;10.0,0.0,10.0,0.0::-2233.09,439.41285472776053
-2233.09
10.0,0.0,10.0,0.0;0.0,0.0,10.0,0.0::-1101.285,283.98396305953617
-1101.285
0.0,0.0,10.0,0.0;10.0,0.0,10.0,10.0::-2581.975,222.314005125633
-2581.975
10.0,0.0,10.0,10.0;0.0,0.0,10.0,0.0::-1135.35,267.5244988781401
-1135.35
0.0,0.0,10.0,0.0;10.0,10.0,0.0,0.0::-1828.115,129.78980805517818
-1828.115
10.0,10.0,0.0,0.0;0.0,0.0,10.0,0.0::-958.76,301.3904816015264
-958.76
0.0,0.0,10.0,0.0;10.0,10.0,0.0,10.0::-2292.98,566.7649994486251
-2292.98
10.0,10.0,0.0,10.0;0.0,0.0,10.0,0.0::-963.57,355.1871691094711
-963.57
0.0,0.0,10.0,0.0;10.0,10.0,10.0,0.0::-2272.53,426.68310735251754
-2272.53
10.0,10.0,10.0,0.0;0.0,0.0,10.0,0.0::-1132.195,259.74765537921604
-1132.195
0.0,0.0,10.0,0.0;10.0,10.0,10.0,10.0::-2622.055,57.191559473404844
-2622.055
10.0,10.0,10.0,10.0;0.0,0.0,10.0,0.0::-1035.295,283.3513463440751
-1035.295
