0.0,0.0,10.0,10.0;0.0,0.0,10.0,10.0::-2278.68,320.6289952577589
-2278.68
0.0,0.0,10.0,10.0;0.0,0.0,10.0,10.0::-2313.37,252.61237717103248
-2313.37
0.0,0.0,10.0,10.0;0.0,10.0,0.0,0.0::-1825.17,171.0262877454808
-1825.17
0.0,10.0,0.0,0.0;0.0,0.0,10.0,10.0::-1968.555,179.78089296418568
-1968.555
0.0,0.0,10.0,10.0;0.0,10.0,0.0,10.0::-2274.065,589.9782396622777
-2274.065
0.0,10.0,0.0,10.0;0.0,0.0,10.0,10.0::-1919.31,283.56993652360256
-1919.31
0.0,0.0,10.0,10.0;0.0,10.0,10.0,0.0::-2217.36,490.32011013214634
-2217.36
0.0,10.0,10.0,0.0;0.0,0.0,10.0,10.0::-2117.69,197.06266490636932
-2117.69
0.0,0.0,10.0,10.0;0.0,10.0,10.0,10.0::-2531.3,338.81148888430573
-2531.3
0.0,10.0,10.0,10.0;0.0,0.0,10.0,10.0::-2089.525,169.09724088523743
-2089.525
0.0,0.0,10.0,10.0;10.0,0.0,0.0,0.0::-1632.46,185.1781396385653
-1632.46
10.0,0.0,0.0,0.0;0.0,0.0,10.0,10.0::-2128.39,341.8055410609956
-2128.39
0.0,0.0,10.0,10.0;10.0,0.0,0.0,10.0::-2049.035,591.0022218866862
-2049.035
10.0,0.0,0.0,10.0;0.0,0.0,10.0,10.0::-2061.54,367.5728817527213
-2061.54
0.0,0.0,10.0,10.0;10.0,0.0,10.0,0.0::-2024.735,531.3575747789806
-2024.735
10.0,0.0,10.0,0.0;0.0,0.0,10.0,10.0::-2340.24,170.66318407905084
-2340.24
0.0,0.0,10.0,10.0;10.0,0.0,10.0,10.0::-2382.945,269.44474289731465
-2382.945
10.0,0.0,10.0,10.0;0.0,0.0,10.0,10.0::-2220.905,305.28150693253593
-2220.905
0.0,0.0,10.0,10.0;10.0,10.0,0.0,0.0::-1824.095,146.5331992246126
-1824.095
10.0,10.0,0.0,0.0;0.0,0.0,10.0,10.0::-1936.58,273.19986017565964
-1936.58
0.0,0.0,10.0,10.0;10.0,10.0,0.0,10.0::-2272.67,578.6389773425224
-2272.67
10.0,10.0,0.0,10.0;0.0,0.0,10.0,10.0::-1951.08,227.78784778824348
-1951.08
0.0,0.0,10.0,10.0;10.0,10.0,10.0,0.0::-2334.925,308.0516951341122
-2334.925
10.0,10.0,10.0,0.0;0.0,0.0,10.0,10.0::-2124.3,134.68713747050975
-2124.3
0.0,0.0,10.0,10.0;10.0,10.0,10.0,10.0::-2577.595,242.6299002081153
-2577.595
10.0,10.0,10.0,10.0;0.0,0.0,10.0,10.0::-2043.955,254.24694781845463
-2043.955
