0.0,10.0,0.0,0.0;0.0,10.0,0.0,0.0::-1251.82,49.52572664787465
-1251.82
0.0,10.0,0.0,0.0;0.0,10.0,0.0,0.0::-1257.13,52.24699130093522
-1257.13
0.0,10.0,0.0,0.0;0.0,10.0,0.0,10.0::-2322.905,122.17550276139646
-2322.905
0.0,10.0,0.0,10.0;0.0,10.0,0.0,0.0::-1248.12,55.41272958445559
-1248.12
0.0,10.0,0.0,0.0;0.0,10.0,10.0,0.0::-1303.14,250.59705784386213
-1303.14
0.0,10.0,10.0,0.0;0.0,10.0,0.0,0.0::-1254.085,52.84737718184318
-1254.085
0.0,10.0,0.0,0.0;0.0,10.0,10.0,10.0::-2343.415,151.78977328858488
-2343.415
0.0,10.0,10.0,10.0;0.0,10.0,0.0,0.0::-1244.835,45.846704080009935
-1244.835
0.0,10.0,0.0,0.0;10.0,0.0,0.0,0.0::-1241.685,58.523100353621054
-1241.685
10.0,0.0,0.0,0.0;0.0,10.0,0.0,0.0::-1253.59,50.82166762317034
-1253.59
0.0,10.0,0.0,0.0;10.0,0.0,0.0,10.0::-2339.56,48.886157549965
-2339.56
10.0,0.0,0.0,10.0;0.0,10.0,0.0,0.0::-1259.215,42.954874868866746
-1259.215
0.0,10.0,0.0,0.0;10.0,0.0,10.0,0.0::-1314.865,260.83773552728144
-1314.865
10.0,0.0,10.0,0.0;0.0,10.0,0.0,0.0::-1248.185,49.88309608474597
-1248.185
0.0,10.0,0.0,0.0;10.0,0.0,10.0,10.0::-2357.65,112.47134079399963
-2357.65
10.0,0.0,10.0,10.0;0.0,10.0,0.0,0.0::-1243.45,46.89906715490192
-1243.45
0.0,10.0,0.0,0.0;10.0,10.0,0.0,0.0::-1251.145,64.32632800805592
-1251.145
10.0,10.0,0.0,0.0;0.0,10.0,0.0,0.0::-1254.355,95.96781478704202
-1254.355
0.0,10.0,0.0,0.0;10.0,10.0,0.0,10.0::-2319.22,118.38051613335706
-2319.22
10.0,10.0,0.0,10.0;0.0,10.0,0.0,0.0::-1249.655,50.417987613549194
-1249.655
0.0,10.0,0.0,0.0;10.0,10.0,10.0,0.0::-1328.835,283.5640585035416
-1328.835
10.0,10.0,10.0,0.0;0.0,10.0,0.0,0.0::-1255.64,90.4724289493766
-1255.64
0.0,10.0,0.0,0.0;10.0,10.0,10.0,10.0::-2320.62,215.6319331638985
-2320.62
10.0,10.0,10.0,10.0;0.0,10.0,0.0,0.0::-1253.13,49.68896356335077
-1253.13
