0.0,10.0,0.0,10.0;0.0,10.0,0.0,10.0::-2305.065,164.0677703724897
-2305.065
0.0,10.0,0.0,10.0;0.0,10.0,0.0,10.0::-2317.535,157.1842430875309
-2317.535
0.0,10.0,0.0,10.0;0.0,10.0,10.0,0.0::-1331.835,264.164021537756
-1331.835
0.0,10.0,10.0,0.0;0.0,10.0,0.0,10.0::-2334.915,65.00704019565882
-2334.915
0.0,10.0,0.0,10.0;0.0,10.0,10.0,10.0::-2234.695,351.22092687509377
-2234.695
0.0,10.0,10.0,10.0;0.0,10.0,0.0,10.0::-2308.155,162.319756884367
-2308.155
0.0,10.0,0.0,10.0;10.0,0.0,0.0,0.0::-995.75,121.55775376338607
-995.75
10.0,0.0,0.0,0.0;0.0,10.0,0.0,10.0::-2352.675,377.10563092454606
-2352.675
0.0,10.0,0.0,10.0;10.0,0.0,0.0,10.0::-2039.195,200.8135067046039
-2039.195
10.0,0.0,0.0,10.0;0.0,10.0,0.0,10.0::-2314.905,392.27768031714476
-2314.905
0.0,10.0,0.0,10.0;10.0,0.0,10.0,0.0::-1065.555,280.21527345060974
-1065.555
10.0,0.0,10.0,0.0;0.0,10.0,0.0,10.0::-2274.445,438.13613691979333
-2274.445
0.0,10.0,0.0,10.0;10.0,0.0,10.0,10.0::-2081.69,212.76066107248303
-2081.69
10.0,0.0,10.0,10.0;0.0,10.0,0.0,10.0::-2332.91,398.2161308887423
-2332.91
0.0,10.0,0.0,10.0;10.0,10.0,0.0,0.0::-1248.33,54.30102301062108
-1248.33
10.0,10.0,0.0,0.0;0.0,10.0,0.0,10.0::-2325.245,120.06526339870328
-2325.245
0.0,10.0,0.0,10.0;10.0,10.0,0.0,10.0::-2318.49,158.5500233364852
-2318.49
10.0,10.0,0.0,10.0;0.0,10.0,0.0,10.0::-2316.16,117.40397948962375
-2316.16
0.0,10.0,0.0,10.0;10.0,10.0,10.0,0.0::-1314.705,230.05821105754956
-1314.705
10.0,10.0,10.0,0.0;0.0,10.0,0.0,10.0::-2337.17,55.62639751053452
-2337.17
0.0,10.0,0.0,10.0;10.0,10.0,10.0,10.0::-2333.415,188.26497357448096
-2333.415
10.0,10.0,10.0,10.0;0.0,10.0,0.0,10.0::-2320.735,159.13955283021255
-2320.735
