0.0,10.0,10.0,0.0;0.0,10.0,10.0,0.0::-1355.42,269.3393001401764
-1355.42
0.0,10.0,10.0,0.0;0.0,10.0,10.0,0.0::-1317.755,276.21664047446524
-1317.755
0.0,10.0,10.0,0.0;0.0,10.0,10.0,10.0::-2342.84,157.38244628928598
-2342.84
0.0,10.0,10.0,10.0;0.0,10.0,10.0,0.0::-1334.735,252.24485579492
-1334.735
0.0,10.0,10.0,0.0;10.0,0.0,0.0,0.0::-1236.85,53.72678568460987
-1236.85
10.0,0.0,0.0,0.0;0.0,10.0,10.0,0.0::-1311.95,295.23496998153865
-1311.95
0.0,10.0,10.0,0.0;10.0,0.0,0.0,10.0::-2307.305,119.84024563976826
-2307.305
10.0,0.0,0.0,10.0;0.0,10.0,10.0,0.0::-1370.07,317.6788159446582
-1370.07
0.0,10.0,10.0,0.0;10.0,0.0,10.0,0.0::-1385.095,261.15012631626274
-1385.095
10.0,0.0,10.0,0.0;0.0,10.0,10.0,0.0::-1258.205,253.6874070090985
-1258.205
0.0,10.0,10.0,0.0;10.0,0.0,10.0,10.0::-2341.42,156.67851990620795
-2341.42
10.0,0.0,10.0,10.0;0.0,10.0,10.0,0.0::-1347.98,273.6189313625795
-1347.98
0.0,10.0,10.0,0.0;10.0,10.0,0.0,0.0::-1243.87,52.38547604059735
-1243.87
10.0,10.0,0.0,0.0;0.0,10.0,10.0,0.0::-1343.105,242.7338284520722
-1343.105
0.0,10.0,10.0,0.0;10.0,10.0,0.0,10.0::-2305.215,169.22098355404978
-2305.215
10.0,10.0,0.0,10.0;0.0,10.0,10.0,0.0::-1303.21,278.6093517813068
-1303.21
0.0,10.0,10.0,0.0;10.0,10.0,10.0,0.0::-1323.27,274.92045595044397
-1323.27
10.0,10.0,10.0,0.0;0.0,10.0,10.0,0.0::-1322.58,273.2098892792865
-1322.58
0.0,10.0,10.0,0.0;10.0,10.0,10.0,10.0::-2333.115,188.7754731817669
-2333.115
10.0,10.0,10.0,10.0;0.0,10.0,10.0,0.0::-1338.585,257.9701635364059
-1338.585
