0.0,10.0,10.0,10.0;0.0,10.0,10.0,10.0::-2367.78,28.054439933814397
-2367.78
0.0,10.0,10.0,10.0;0.0,10.0,10.0,10.0::-2355.645,112.05891965836543
-2355.645
0.0,10.0,10.0,10.0;10.0,0.0,0.0,0.0::-1056.4,84.59222777536954
-1056.4
10.0,0.0,0.0,0.0;0.0,10.0,10.0,10.0::-2515.925,215.4213589108564
-2515.925
0.0,10.0,10.0,10.0;10.0,0.0,0.0,10.0::-2117.995,169.22571457967018
-2117.995
10.0,0.0,0.0,10.0;0.0,10.0,10.0,10.0::-2532.355,205.62469811527984
-2532.355
0.0,10.0,10.0,10.0;10.0,0.0,10.0,0.0::-1110.44,285.33739923115576
-1110.44
10.0,0.0,10.0,0.0;0.0,10.0,10.0,10.0::-2464.56,332.0808732823978
-2464.56
0.0,10.0,10.0,10.0;10.0,0.0,10.0,10.0::-2096.195,291.4491541847393
-2096.195
10.0,0.0,10.0,10.0;0.0,10.0,10.0,10.0::-2496.13,282.01165419180813
-2496.13
0.0,10.0,10.0,10.0;10.0,10.0,0.0,0.0::-1240.77,66.94596403070165
-1240.77
10.0,10.0,0.0,0.0;0.0,10.0,10.0,10.0::-2315.58,244.3786377734355
-2315.58
0.0,10.0,10.0,10.0;10.0,10.0,0.0,10.0::-2318.16,121.28214790314361
-2318.16
10.0,10.0,0.0,10.0;0.0,10.0,10.0,10.0::-2332.04,188.28365144111692
-2332.04
0.0,10.0,10.0,10.0;10.0,10.0,10.0,0.0::-1327.395,258.24033665366835
-1327.395
10.0,10.0,10.0,0.0;0.0,10.0,10.0,10.0::-2317.855,211.63466510711325
-2317.855
0.0,10.0,10.0,10.0;10.0,10.0,10.0,10.0::-2295.63,277.25593429176587
-2295.63
10.0,10.0,10.0,10.0;0.0,10.0,10.0,10.0::-2303.545,262.6845455579753
-2303.545
