10.0,0.0,0.0,0.0;10.0,0.0,0.0,0.0::-1259.435,87.96305062354305
-1259.435
10.0,0.0,0.0,0.0;10.0,0.0,0.0,0.0::-1250.04,64.09975350966647
-1250.04
10.0,0.0,0.0,0.0;10.0,0.0,0.0,10.0::-2389.095,366.7541253687544
-2389.095
10.0,0.0,0.0,10.0;10.0,0.0,0.0,0.0::-1016.455,117.50027861669096
-1016.455
10.0,0.0,0.0,0.0;10.0,0.0,10.0,0.0::-1346.265,315.71333876635623
-1346.265
10.0,0.0,10.0,0.0;10.0,0.0,0.0,0.0::-1232.71,66.90071673756567
-1232.71
10.0,0.0,0.0,0.0;10.0,0.0,10.0,10.0::-2523.515,224.14969836026998
-2523.515
10.0,0.0,10.0,10.0;10.0,0.0,0.0,0.0::-1057.485,73.00850823705413
-1057.485
10.0,0.0,0.0,0.0;10.0,10.0,0.0,0.0::-1241.135,57.38182878751773
-1241.135
10.0,10.0,0.0,0.0;10.0,0.0,0.0,0.0::-1261.94,91.38810863564251
-1261.94
10.0,0.0,0.0,0.0;10.0,10.0,0.0,10.0::-2313.63,396.60501522295453
-2313.63
10.0,10.0,0.0,10.0;10.0,0.0,0.0,0.0::-1012.995,154.09366461668697
-1012.995
10.0,0.0,0.0,0.0;10.0,10.0,10.0,0.0::-1329.13,291.17460071235615
-1329.13
10.0,10.0,10.0,0.0;10.0,0.0,0.0,0.0::-1259.87,120.12134739504047
-1259.87
10.0,0.0,0.0,0.0;10.0,10.0,10.0,10.0::-2516.855,212.16404378452066
-2516.855
10.0,10.0,10.0,10.0;10.0,0.0,0.0,0.0::-1057.72,109.85325029328902
-1057.72
