10.0,0.0,0.0,10.0;10.0,0.0,0.0,10.0::-2061.875,429.7655603640199
-2061.875
10.0,0.0,0.0,10.0;10.0,0.0,0.0,10.0::-2063.625,406.0783321909703
-2063.625
10.0,0.0,0.0,10.0;10.0,0.0,10.0,0.0::-1094.155,307.5526109058416
-1094.155
10.0,0.0,10.0,0.0;10.0,0.0,0.0,10.0::-2278.32,434.3317137856733
-2278.32
10.0,0.0,0.0,10.0;10.0,0.0,10.0,10.0::-2332.225,152.35263986882535
-2332.225
10.0,0.0,10.0,10.0;10.0,0.0,0.0,10.0::-2108.4,428.20498012050246
-2108.4
10.0,0.0,0.0,10.0;10.0,10.0,0.0,0.0::-1228.735,82.89687735373391
-1228.735
10.0,10.0,0.0,0.0;10.0,0.0,0.0,10.0::-2299.34,153.84186491329334
-2299.34
10.0,0.0,0.0,10.0;10.0,10.0,0.0,10.0::-2251.96,416.5859675985259
-2251.96
10.0,10.0,0.0,10.0;10.0,0.0,0.0,10.0::-1976.765,285.41230224886937
-1976.765
10.0,0.0,0.0,10.0;10.0,10.0,10.0,0.0::-1356.35,294.23034768697806
-1356.35
10.0,10.0,10.0,0.0;10.0,0.0,0.0,10.0::-2301.75,191.378113952458
-2301.75
10.0,0.0,0.0,10.0;10.0,10.0,10.0,10.0::-2514.535,246.99533654504495
-2514.535
10.0,10.0,10.0,10.0;10.0,0.0,0.0,10.0::-2106.815,200.7744213663683
-2106.815
