0.0,0.0,0.0,0.0;0.0,0.0,0.0,0.0::-1447.88,173.64711515023794
-1447.88
0.0,0.0,0.0,0.0;0.0,0.0,0.0,0.0::-1463.595,164.95977835520995
-1463.595
0.0,0.0,0.0,0.0;0.0,0.0,0.0,10.0::-1898.93,573.9045783926106
-1898.93
0.0,0.0,0.0,10.0;0.0,0.0,0.0,0.0::-1405.795,269.3487339398498
-1405.795
0.0,0.0,0.0,0.0;0.0,0.0,10.0,0.0::-1755.07,573.0870397243336
-1755.07
0.0,0.0,10.0,0.0;0.0,0.0,0.0,0.0::-1631.83,189.08863292117798
-1631.83
0.0,0.0,0.0,0.0;0.0,0.0,10.0,10.0::-2186.7,294.07607859191813
-2186.7
0.0,0.0,10.0,10.0;0.0,0.0,0.0,0.0::-1567.85,150.81406598855426
-1567.85
0.0,0.0,0.0,0.0;0.0,10.0,0.0,0.0::-1822.85,144.1093942114809
-1822.85
0.0,10.0,0.0,0.0;0.0,0.0,0.0,0.0::-896.275,99.29867509186617
-896.275
0.0,0.0,0.0,0.0;0.0,10.0,0.0,10.0::-2311.085,539.8829551625056
-2311.085
0.0,10.0,0.0,10.0;0.0,0.0,0.0,0.0::-867.915,205.73875491749237
-867.915
0.0,0.0,0.0,0.0;0.0,10.0,10.0,0.0::-2196.225,479.4258929959875
-2196.225
0.0,10.0,10.0,0.0;0.0,0.0,0.0,0.0::-1041.8,95.65620732602771
-1041.8
0.0,0.0,0.0,0.0;0.0,10.0,10.0,10.0::-2566.765,272.37291949641394
-2566.765
0.0,10.0,10.0,10.0;0.0,0.0,0.0,0.0::-985.435,78.72155533905564
-985.435
0.0,0.0,0.0,0.0;10.0,0.0,0.0,0.0::-1805.675,165.30563170987253
-1805.675
10.0,0.0,0.0,0.0;0.0,0.0,0.0,0.0::-895.075,116.42101131239156
-895.075
0.0,0.0,0.0,0.0;10.0,0.0,0.0,10.0::-2354.135,549.4443049800408
-2354.135
10.0,0.0,0.0,10.0;0.0,0.0,0.0,0.0::-876.54,211.65321495313975
-876.54
0.0,0.0,0.0,0.0;10.0,0.0,10.0,0.0::-2278.88,416.3825591928654
-2278.88
10.0,0.0,10.0,0.0;0.0,0.0,0.0,0.0::-1028.87,83.05217095296183
-1028.87
0.0,0.0,0.0,0.0;10.0,0.0,10.0,10.0::-2570.14,262.8800684722977
-2570.14
10.0,0.0,10.0,10.0;0.0,0.0,0.0,0.0::-997.385,76.63712726218277
-997.385
0.0,0.0,0.0,0.0;10.0,10.0,0.0,0.0::-1804.135,168.24694432589257
-1804.135
10.0,10.0,0.0,0.0;0.0,0.0,0.0,0.0::-904.015,130.59177721051196
-904.015
0.0,0.0,0.0,0.0;10.0,10.0,0.0,10.0::-2236.01,615.8463525101047
-2236.01
10.0,10.0,0.0,10.0;0.0,0.0,0.0,0.0::-831.59,246.10464623813994
-831.59
0.0,0.0,0.0,0.0;10.0,10.0,10.0,0.0::-2228.63,433.2001940211939
-2228.63
10.0,10.0,10.0,0.0;0.0,0.0,0.0,0.0::-1032.395,92.80725443089027
-1032.395
0.0,0.0,0.0,0.0;10.0,10.0,10.0,10.0::-2564.015,276.1951706221526
-2564.015
10.0,10.0,10.0,10.0;0.0,0.0,0.0,0.0::-975.56,74.6782525237435
-975.56
0.0,0.0,0.0,10.0;0.0,0.0,0.0,10.0::-1943.235,560.4276155535165
-1943.235
0.0,0.0,0.0,10.0;0.0,0.0,0.0,10.0::-1873.39,637.4617423030187
-1873.39
0.0,0.0,0.0,10.0;0.0,0.0,10.0,0.0::-1818.94,493.8674735189594
-1818.94
0.0,0.0,10.0,0.0;0.0,0.0,0.0,10.0::-2097.935,555.0732413609938
-2097.935
0.0,0.0,0.0,10.0;0.0,0.0,10.0,10.0::-2144.645,382.9600128929912
-2144.645
0.0,0.0,10.0,10.0;0.0,0.0,0.0,10.0::-1999.93,588.6299602466731
-1999.93
0.0,0.0,0.0,10.0;0.0,10.0,0.0,0.0::-1794.345,174.2912891541055
-1794.345
0.0,10.0,0.0,0.0;0.0,0.0,0.0,10.0::-1973.98,168.83328937149804
-1973.98
0.0,0.0,0.0,10.0;0.0,10.0,0.0,10.0::-2318.84,541.1986690670996
-2318.84
0.0,10.0,0.0,10.0;0.0,0.0,0.0,10.0::-1947.21,228.8621001826209
-1947.21
0.0,0.0,0.0,10.0;0.0,10.0,10.0,0.0::-2274.165,426.74704483452496
-2274.165
0.0,10.0,10.0,0.0;0.0,0.0,0.0,10.0::-2103.11,140.40264563034413
-2103.11
0.0,0.0,0.0,10.0;0.0,10.0,10.0,10.0::-2585.275,236.63790244802286
-2585.275
0.0,10.0,10.0,10.0;0.0,0.0,0.0,10.0::-2033.625,212.2961536980828
-2033.625
0.0,0.0,0.0,10.0;10.0,0.0,0.0,0.0::-1579.495,182.8984211932952
-1579.495
10.0,0.0,0.0,0.0;0.0,0.0,0.0,10.0::-1959.43,420.1018925213263
-1959.43
0.0,0.0,0.0,10.0;10.0,0.0,0.0,10.0::-1922.44,619.891640853464
-1922.44
10.0,0.0,0.0,10.0;0.0,0.0,0.0,10.0::-1972.91,412.87692706180616
-1972.91
0.0,0.0,0.0,10.0;10.0,0.0,10.0,0.0::-1921.715,491.2229801984023
-1921.715
10.0,0.0,10.0,0.0;0.0,0.0,0.0,10.0::-2141.51,414.2194646561168
-2141.51
0.0,0.0,0.0,10.0;10.0,0.0,10.0,10.0::-2277.9,333.0548002956871
-2277.9
10.0,0.0,10.0,10.0;0.0,0.0,0.0,10.0::-2046.475,405.2460633676779
-2046.475
0.0,0.0,0.0,10.0;10.0,10.0,0.0,0.0::-1810.97,172.61430734443766
-1810.97
10.0,10.0,0.0,0.0;0.0,0.0,0.0,10.0::-1954.155,164.45816633721782
-1954.155
0.0,0.0,0.0,10.0;10.0,10.0,0.0,10.0::-2364.025,518.2556915992338
-2364.025
10.0,10.0,0.0,10.0;0.0,0.0,0.0,10.0::-1947.05,260.0011009592075
-1947.05
0.0,0.0,0.0,10.0;10.0,10.0,10.0,0.0::-2268.895,400.4844522263006
-2268.895
10.0,10.0,10.0,0.0;0.0,0.0,0.0,10.0::-2106.53,137.27550436986198
-2106.53
0.0,0.0,0.0,10.0;10.0,10.0,10.0,10.0::-2510.125,368.8092350728219
-2510.125
10.0,10.0,10.0,10.0;0.0,0.0,0.0,10.0::-2085.7,94.58205432321718
-2085.7
0.0,0.0,10.0,0.0;0.0,0.0,10.0,0.0::-1986.465,511.7499206399547
-1986.465
0.0,0.0,10.0,0.0;0.0,0.0,10.0,0.0::-1961.21,511.8764752359695
-1961.21
0.0,0.0,10.0,0.0;0.0,0.0,10.0,10.0::-2385.64,174.46147253763507
-2385.64
0.0,0.0,10.0,10.0;0.0,0.0,10.0,0.0::-2005.485,369.0524587033665
-2005.485
0.0,0.0,10.0,0.0;0.0,10.0,0.0,0.0::-1806.965,159.4581332983677
-1806.965
0.0,10.0,0.0,0.0;0.0,0.0,10.0,0.0::-948.16,272.5052006843173
-948.16
0.0,0.0,10.0,0.0;0.0,10.0,0.0,10.0::-2311.1,555.9390883900861
-2311.1
0.0,10.0,0.0,10.0;0.0,0.0,10.0,0.0::-942.675,351.5392750106309
-942.675
0.0,0.0,10.0,0.0;0.0,10.0,10.0,0.0::-2274.17,443.8645470185696
-2274.17
0.0,10.0,10.0,0.0;0.0,0.0,10.0,0.0::-1122.155,285.2930834685622
-1122.155
0.0,0.0,10.0,0.0;0.0,10.0,10.0,10.0::-2563.6,291.4106638405672
-2563.6
0.0,10.0,10.0,10.0;0.0,0.0,10.0,0.0::-1064.875,253.3873159315596
-1064.875
0.0,0.0,10.0,0.0;10.0,0.0,0.0,0.0::-1792.795,182.86471905482477
-1792.795
10.0,0.0,0.0,0.0;0.0,0.0,10.0,0.0::-1037.055,341.828457672851
-1037.055
0.0,0.0,10.0,0.0;10.0,0.0,0.0,10.0::-2357.47,511.7041177282043
-2357.47
10.0,0.0,0.0,10.0;0.0,0.0,10.0,0.0::-946.43,301.6022796664507
-946.43
0.0,0.0,10.0,0.0;10.0,0.0,10.0,0.0::-2233.09,439.41285472776053
-2233.09
10.0,0.0,10.0,0.0;0.0,0.0,10.0,0.0::-1101.285,283.98396305953617
-1101.285
0.0,0.0,10.0,0.0;10.0,0.0,10.0,10.0::-2581.975,222.314005125633
-2581.975
10.0,0.0,10.0,10.0;0.0,0.0,10.0,0.0::-1135.35,267.5244988781401
-1135.35
0.0,0.0,10.0,0.0;10.0,10.0,0.0,0.0::-1828.115,129.78980805517818
-1828.115
10.0,10.0,0.0,0.0;0.0,0.0,10.0,0.0::-958.76,301.3904816015264
-958.76
0.0,0.0,10.0,0.0;10.0,10.0,0.0,10.0::-2292.98,566.7649994486251
-2292.98
10.0,10.0,0.0,10.0;0.0,0.0,10.0,0.0::-963.57,355.1871691094711
-963.57
0.0,0.0,10.0,0.0;10.0,10.0,10.0,0.0::-2272.53,426.68310735251754
-2272.53
10.0,10.0,10.0,0.0;0.0,0.0,10.0,0.0::-1132.195,259.74765537921604
-1132.195
0.0,0.0,10.0,0.0;10.0,10.0,10.0,10.0::-2622.055,57.191559473404844
-2622.055
10.0,10.0,10.0,10.0;0.0,0.0,10.0,0.0::-1035.295,283.3513463440751
-1035.295
0.0,0.0,10.0,10.0;0.0,0.0,10.0,10.0::-2278.68,320.6289952577589
-2278.68
0.0,0.0,10.0,10.0;0.0,0.0,10.0,10.0::-2313.37,252.61237717103248
-2313.37
0.0,0.0,10.0,10.0;0.0,10.0,0.0,0.0::-1825.17,171.0262877454808
-1825.17
0.0,10.0,0.0,0.0;0.0,0.0,10.0,10.0::-1968.555,179.78089296418568
-1968.555
0.0,0.0,10.0,10.0;0.0,10.0,0.0,10.0::-2274.065,589.9782396622777
-2274.065
0.0,10.0,0.0,10.0;0.0,0.0,10.0,10.0::-1919.31,283.56993652360256
-1919.31
0.0,0.0,10.0,10.0;0.0,10.0,10.0,0.0::-2217.36,490.32011013214634
-2217.36
0.0,10.0,10.0,0.0;0.0,0.0,10.0,10.0::-2117.69,197.06266490636932
-2117.69
0.0,0.0,10.0,10.0;0.0,10.0,10.0,10.0::-2531.3,338.81148888430573
-2531.3
0.0,10.0,10.0,10.0;0.0,0.0,10.0,10.0::-2089.525,169.09724088523743
-2089.525
0.0,0.0,10.0,10.0;10.0,0.0,0.0,0.0::-1632.46,185.1781396385653
-1632.46
10.0,0.0,0.0,0.0;0.0,0.0,10.0,10.0::-2128.39,341.8055410609956
-2128.39
0.0,0.0,10.0,10.0;10.0,0.0,0.0,10.0::-2049.035,591.0022218866862
-2049.035
10.0,0.0,0.0,10.0;0.0,0.0,10.0,10.0::-2061.54,367.5728817527213
-2061.54
0.0,0.0,10.0,10.0;10.0,0.0,10.0,0.0::-2024.735,531.3575747789806
-2024.735
10.0,0.0,10.0,0.0;0.0,0.0,10.0,10.0::-2340.24,170.66318407905084
-2340.24
0.0,0.0,10.0,10.0;10.0,0.0,10.0,10.0::-2382.945,269.44474289731465
-2382.945
10.0,0.0,10.0,10.0;0.0,0.0,10.0,10.0::-2220.905,305.28150693253593
-2220.905
0.0,0.0,10.0,10.0;10.0,10.0,0.0,0.0::-1824.095,146.5331992246126
-1824.095
10.0,10.0,0.0,0.0;0.0,0.0,10.0,10.0::-1936.58,273.19986017565964
-1936.58
0.0,0.0,10.0,10.0;10.0,10.0,0.0,10.0::-2272.67,578.6389773425224
-2272.67
10.0,10.0,0.0,10.0;0.0,0.0,10.0,10.0::-1951.08,227.78784778824348
-1951.08
0.0,0.0,10.0,10.0;10.0,10.0,10.0,0.0::-2334.925,308.0516951341122
-2334.925
10.0,10.0,10.0,0.0;0.0,0.0,10.0,10.0::-2124.3,134.68713747050975
-2124.3
0.0,0.0,10.0,10.0;10.0,10.0,10.0,10.0::-2577.595,242.6299002081153
-2577.595
10.0,10.0,10.0,10.0;0.0,0.0,10.0,10.0::-2043.955,254.24694781845463
-2043.955
0.0,10.0,0.0,0.0;0.0,10.0,0.0,0.0::-1251.82,49.52572664787465
-1251.82
0.0,10.0,0.0,0.0;0.0,10.0,0.0,0.0::-1257.13,52.24699130093522
-1257.13
0.0,10.0,0.0,0.0;0.0,10.0,0.0,10.0::-2322.905,122.17550276139646
-2322.905
0.0,10.0,0.0,10.0;0.0,10.0,0.0,0.0::-1248.12,55.41272958445559
-1248.12
0.0,10.0,0.0,0.0;0.0,10.0,10.0,0.0::-1303.14,250.59705784386213
-1303.14
0.0,10.0,10.0,0.0;0.0,10.0,0.0,0.0::-1254.085,52.84737718184318
-1254.085
0.0,10.0,0.0,0.0;0.0,10.0,10.0,10.0::-2343.415,151.78977328858488
-2343.415
0.0,10.0,10.0,10.0;0.0,10.0,0.0,0.0::-1244.835,45.846704080009935
-1244.835
0.0,10.0,0.0,0.0;10.0,0.0,0.0,0.0::-1241.685,58.523100353621054
-1241.685
10.0,0.0,0.0,0.0;0.0,10.0,0.0,0.0::-1253.59,50.82166762317034
-1253.59
0.0,10.0,0.0,0.0;10.0,0.0,0.0,10.0::-2339.56,48.886157549965
-2339.56
10.0,0.0,0.0,10.0;0.0,10.0,0.0,0.0::-1259.215,42.954874868866746
-1259.215
0.0,10.0,0.0,0.0;10.0,0.0,10.0,0.0::-1314.865,260.83773552728144
-1314.865
10.0,0.0,10.0,0.0;0.0,10.0,0.0,0.0::-1248.185,49.88309608474597
-1248.185
0.0,10.0,0.0,0.0;10.0,0.0,10.0,10.0::-2357.65,112.47134079399963
-2357.65
10.0,0.0,10.0,10.0;0.0,10.0,0.0,0.0::-1243.45,46.89906715490192
-1243.45
0.0,10.0,0.0,0.0;10.0,10.0,0.0,0.0::-1251.145,64.32632800805592
-1251.145
10.0,10.0,0.0,0.0;0.0,10.0,0.0,0.0::-1254.355,95.96781478704202
-1254.355
0.0,10.0,0.0,0.0;10.0,10.0,0.0,10.0::-2319.22,118.38051613335706
-2319.22
10.0,10.0,0.0,10.0;0.0,10.0,0.0,0.0::-1249.655,50.417987613549194
-1249.655
0.0,10.0,0.0,0.0;10.0,10.0,10.0,0.0::-1328.835,283.5640585035416
-1328.835
10.0,10.0,10.0,0.0;0.0,10.0,0.0,0.0::-1255.64,90.4724289493766
-1255.64
0.0,10.0,0.0,0.0;10.0,10.0,10.0,10.0::-2320.62,215.6319331638985
-2320.62
10.0,10.0,10.0,10.0;0.0,10.0,0.0,0.0::-1253.13,49.68896356335077
-1253.13
0.0,10.0,0.0,10.0;0.0,10.0,0.0,10.0::-2305.065,164.0677703724897
-2305.065
0.0,10.0,0.0,10.0;0.0,10.0,0.0,10.0::-2317.535,157.1842430875309
-2317.535
0.0,10.0,0.0,10.0;0.0,10.0,10.0,0.0::-1331.835,264.164021537756
-1331.835
0.0,10.0,10.0,0.0;0.0,10.0,0.0,10.0::-2334.915,65.00704019565882
-2334.915
0.0,10.0,0.0,10.0;0.0,10.0,10.0,10.0::-2234.695,351.22092687509377
-2234.695
0.0,10.0,10.0,10.0;0.0,10.0,0.0,10.0::-2308.155,162.319756884367
-2308.155
0.0,10.0,0.0,10.0;10.0,0.0,0.0,0.0::-995.75,121.55775376338607
-995.75
10.0,0.0,0.0,0.0;0.0,10.0,0.0,10.0::-2352.675,377.10563092454606
-2352.675
0.0,10.0,0.0,10.0;10.0,0.0,0.0,10.0::-2039.195,200.8135067046039
-2039.195
10.0,0.0,0.0,10.0;0.0,10.0,0.0,10.0::-2314.905,392.27768031714476
-2314.905
0.0,10.0,0.0,10.0;10.0,0.0,10.0,0.0::-1065.555,280.21527345060974
-1065.555
10.0,0.0,10.0,0.0;0.0,10.0,0.0,10.0::-2274.445,438.13613691979333
-2274.445
0.0,10.0,0.0,10.0;10.0,0.0,10.0,10.0::-2081.69,212.76066107248303
-2081.69
10.0,0.0,10.0,10.0;0.0,10.0,0.0,10.0::-2332.91,398.2161308887423
-2332.91
0.0,10.0,0.0,10.0;10.0,10.0,0.0,0.0::-1248.33,54.30102301062108
-1248.33
10.0,10.0,0.0,0.0;0.0,10.0,0.0,10.0::-2325.245,120.06526339870328
-2325.245
0.0,10.0,0.0,10.0;10.0,10.0,0.0,10.0::-2318.49,158.5500233364852
-2318.49
10.0,10.0,0.0,10.0;0.0,10.0,0.0,10.0::-2316.16,117.40397948962375
-2316.16
0.0,10.0,0.0,10.0;10.0,10.0,10.0,0.0::-1314.705,230.05821105754956
-1314.705
10.0,10.0,10.0,0.0;0.0,10.0,0.0,10.0::-2337.17,55.62639751053452
-2337.17
0.0,10.0,0.0,10.0;10.0,10.0,10.0,10.0::-2333.415,188.26497357448096
-2333.415
10.0,10.0,10.0,10.0;0.0,10.0,0.0,10.0::-2320.735,159.13955283021255
-2320.735
0.0,10.0,10.0,0.0;0.0,10.0,10.0,0.0::-1355.42,269.3393001401764
-1355.42
0.0,10.0,10.0,0.0;0.0,10.0,10.0,0.0::-1317.755,276.21664047446524
-1317.755
0.0,10.0,10.0,0.0;0.0,10.0,10.0,10.0::-2342.84,157.38244628928598
-2342.84
0.0,10.0,10.0,10.0;0.0,10.0,10.0,0.0::-1334.735,252.24485579492
-1334.735
0.0,10.0,10.0,0.0;10.0,0.0,0.0,0.0::-1236.85,53.72678568460987
-1236.85
10.0,0.0,0.0,0.0;0.0,10.0,10.0,0.0::-1311.95,295.23496998153865
-1311.95
0.0,10.0,10.0,0.0;10.0,0.0,0.0,10.0::-2307.305,119.84024563976826
-2307.305
10.0,0.0,0.0,10.0;0.0,10.0,10.0,0.0::-1370.07,317.6788159446582
-1370.07
0.0,10.0,10.0,0.0;10.0,0.0,10.0,0.0::-1385.095,261.15012631626274
-1385.095
10.0,0.0,10.0,0.0;0.0,10.0,10.0,0.0::-1258.205,253.6874070090985
-1258.205
0.0,10.0,10.0,0.0;10.0,0.0,10.0,10.0::-2341.42,156.67851990620795
-2341.42
10.0,0.0,10.0,10.0;0.0,10.0,10.0,0.0::-1347.98,273.6189313625795
-1347.98
0.0,10.0,10.0,0.0;10.0,10.0,0.0,0.0::-1243.87,52.38547604059735
-1243.87
10.0,10.0,0.0,0.0;0.0,10.0,10.0,0.0::-1343.105,242.7338284520722
-1343.105
0.0,10.0,10.0,0.0;10.0,10.0,0.0,10.0::-2305.215,169.22098355404978
-2305.215
10.0,10.0,0.0,10.0;0.0,10.0,10.0,0.0::-1303.21,278.6093517813068
-1303.21
0.0,10.0,10.0,0.0;10.0,10.0,10.0,0.0::-1323.27,274.92045595044397
-1323.27
10.0,10.0,10.0,0.0;0.0,10.0,10.0,0.0::-1322.58,273.2098892792865
-1322.58
0.0,10.0,10.0,0.0;10.0,10.0,10.0,10.0::-2333.115,188.7754731817669
-2333.115
10.0,10.0,10.0,10.0;0.0,10.0,10.0,0.0::-1338.585,257.9701635364059
-1338.585
0.0,10.0,10.0,10.0;0.0,10.0,10.0,10.0::-2367.78,28.054439933814397
-2367.78
0.0,10.0,10.0,10.0;0.0,10.0,10.0,10.0::-2355.645,112.05891965836543
-2355.645
0.0,10.0,10.0,10.0;10.0,0.0,0.0,0.0::-1056.4,84.59222777536954
-1056.4
10.0,0.0,0.0,0.0;0.0,10.0,10.0,10.0::-2515.925,215.4213589108564
-2515.925
0.0,10.0,10.0,10.0;10.0,0.0,0.0,10.0::-2117.995,169.22571457967018
-2117.995
10.0,0.0,0.0,10.0;0.0,10.0,10.0,10.0::-2532.355,205.62469811527984
-2532.355
0.0,10.0,10.0,10.0;10.0,0.0,10.0,0.0::-1110.44,285.33739923115576
-1110.44
10.0,0.0,10.0,0.0;0.0,10.0,10.0,10.0::-2464.56,332.0808732823978
-2464.56
0.0,10.0,10.0,10.0;10.0,0.0,10.0,10.0::-2096.195,291.4491541847393
-2096.195
10.0,0.0,10.0,10.0;0.0,10.0,10.0,10.0::-2496.13,282.01165419180813
-2496.13
0.0,10.0,10.0,10.0;10.0,10.0,0.0,0.0::-1240.77,66.94596403070165
-1240.77
10.0,10.0,0.0,0.0;0.0,10.0,10.0,10.0::-2315.58,244.3786377734355
-2315.58
0.0,10.0,10.0,10.0;10.0,10.0,0.0,10.0::-2318.16,121.28214790314361
-2318.16
10.0,10.0,0.0,10.0;0.0,10.0,10.0,10.0::-2332.04,188.28365144111692
-2332.04
0.0,10.0,10.0,10.0;10.0,10.0,10.0,0.0::-1327.395,258.24033665366835
-1327.395
10.0,10.0,10.0,0.0;0.0,10.0,10.0,10.0::-2317.855,211.63466510711325
-2317.855
0.0,10.0,10.0,10.0;10.0,10.0,10.0,10.0::-2295.63,277.25593429176587
-2295.63
10.0,10.0,10.0,10.0;0.0,10.0,10.0,10.0::-2303.545,262.6845455579753
-2303.545
10.0,0.0,0.0,0.0;10.0,0.0,0.0,0.0::-1259.435,87.96305062354305
-1259.435
10.0,0.0,0.0,0.0;10.0,0.0,0.0,0.0::-1250.04,64.09975350966647
-1250.04
10.0,0.0,0.0,0.0;10.0,0.0,0.0,10.0::-2389.095,366.7541253687544
-2389.095
10.0,0.0,0.0,10.0;10.0,0.0,0.0,0.0::-1016.455,117.50027861669096
-1016.455
10.0,0.0,0.0,0.0;10.0,0.0,10.0,0.0::-1346.265,315.71333876635623
-1346.265
10.0,0.0,10.0,0.0;10.0,0.0,0.0,0.0::-1232.71,66.90071673756567
-1232.71
10.0,0.0,0.0,0.0;10.0,0.0,10.0,10.0::-2523.515,224.14969836026998
-2523.515
10.0,0.0,10.0,10.0;10.0,0.0,0.0,0.0::-1057.485,73.00850823705413
-1057.485
10.0,0.0,0.0,0.0;10.0,10.0,0.0,0.0::-1241.135,57.38182878751773
-1241.135
10.0,10.0,0.0,0.0;10.0,0.0,0.0,0.0::-1261.94,91.38810863564251
-1261.94
10.0,0.0,0.0,0.0;10.0,10.0,0.0,10.0::-2313.63,396.60501522295453
-2313.63
10.0,10.0,0.0,10.0;10.0,0.0,0.0,0.0::-1012.995,154.09366461668697
-1012.995
10.0,0.0,0.0,0.0;10.0,10.0,10.0,0.0::-1329.13,291.17460071235615
-1329.13
10.0,10.0,10.0,0.0;10.0,0.0,0.0,0.0::-1259.87,120.12134739504047
-1259.87
10.0,0.0,0.0,0.0;10.0,10.0,10.0,10.0::-2516.855,212.16404378452066
-2516.855
10.0,10.0,10.0,10.0;10.0,0.0,0.0,0.0::-1057.72,109.85325029328902
-1057.72
10.0,0.0,0.0,10.0;10.0,0.0,0.0,10.0::-2061.875,429.7655603640199
-2061.875
10.0,0.0,0.0,10.0;10.0,0.0,0.0,10.0::-2063.625,406.0783321909703
-2063.625
10.0,0.0,0.0,10.0;10.0,0.0,10.0,0.0::-1094.155,307.5526109058416
-1094.155
10.0,0.0,10.0,0.0;10.0,0.0,0.0,10.0::-2278.32,434.3317137856733
-2278.32
10.0,0.0,0.0,10.0;10.0,0.0,10.0,10.0::-2332.225,152.35263986882535
-2332.225
10.0,0.0,10.0,10.0;10.0,0.0,0.0,10.0::-2108.4,428.20498012050246
-2108.4
10.0,0.0,0.0,10.0;10.0,10.0,0.0,0.0::-1228.735,82.89687735373391
-1228.735
10.0,10.0,0.0,0.0;10.0,0.0,0.0,10.0::-2299.34,153.84186491329334
-2299.34
10.0,0.0,0.0,10.0;10.0,10.0,0.0,10.0::-2251.96,416.5859675985259
-2251.96
10.0,10.0,0.0,10.0;10.0,0.0,0.0,10.0::-1976.765,285.41230224886937
-1976.765
10.0,0.0,0.0,10.0;10.0,10.0,10.0,0.0::-1356.35,294.23034768697806
-1356.35
10.0,10.0,10.0,0.0;10.0,0.0,0.0,10.0::-2301.75,191.378113952458
-2301.75
10.0,0.0,0.0,10.0;10.0,10.0,10.0,10.0::-2514.535,246.99533654504495
-2514.535
10.0,10.0,10.0,10.0;10.0,0.0,0.0,10.0::-2106.815,200.7744213663683
-2106.815
10.0,0.0,10.0,0.0;10.0,0.0,10.0,0.0::-1338.055,273.76113580090214
-1338.055
10.0,0.0,10.0,0.0;10.0,0.0,10.0,0.0::-1345.02,256.96654373672845
-1345.02
10.0,0.0,10.0,0.0;10.0,0.0,10.0,10.0::-2542.05,158.60158416611105
-2542.05
10.0,0.0,10.0,10.0;10.0,0.0,10.0,0.0::-1162.125,242.28838576167863
-1162.125
10.0,0.0,10.0,0.0;10.0,10.0,0.0,0.0::-1257.455,49.72117732918238
-1257.455
10.0,10.0,0.0,0.0;10.0,0.0,10.0,0.0::-1331.145,279.098211164099
-1331.145
10.0,0.0,10.0,0.0;10.0,10.0,0.0,10.0::-2327.155,399.77427190228235
-2327.155
10.0,10.0,0.0,10.0;10.0,0.0,10.0,0.0::-1008.645,280.9098191146049
-1008.645
10.0,0.0,10.0,0.0;10.0,10.0,10.0,0.0::-1343.735,267.5679021762513
-1343.735
10.0,10.0,10.0,0.0;10.0,0.0,10.0,0.0::-1310.765,321.5800013604702
-1310.765
10.0,0.0,10.0,0.0;10.0,10.0,10.0,10.0::-2497.15,264.6593612551802
-2497.15
10.0,10.0,10.0,10.0;10.0,0.0,10.0,0.0::-1140.35,284.57244683911347
-1140.35
10.0,0.0,10.0,10.0;10.0,0.0,10.0,10.0::-2289.875,296.3495771466529
-2289.875
10.0,0.0,10.0,10.0;10.0,0.0,10.0,10.0::-2323.375,255.50928921469762
-2323.375
10.0,0.0,10.0,10.0;10.0,10.0,0.0,0.0::-1253.405,58.00683989841199
-1253.405
10.0,10.0,0.0,0.0;10.0,0.0,10.0,10.0::-2308.07,241.04750589873365
-2308.07
10.0,0.0,10.0,10.0;10.0,10.0,0.0,10.0::-2423.505,338.7918350182012
-2423.505
10.0,10.0,0.0,10.0;10.0,0.0,10.0,10.0::-2058.745,289.14177746392863
-2058.745
10.0,0.0,10.0,10.0;10.0,10.0,10.0,0.0::-1283.485,249.61569917575298
-1283.485
10.0,10.0,10.0,0.0;10.0,0.0,10.0,10.0::-2352.715,113.59333728260648
-2352.715
10.0,0.0,10.0,10.0;10.0,10.0,10.0,10.0::-2483.25,296.9001305152963
-2483.25
10.0,10.0,10.0,10.0;10.0,0.0,10.0,10.0::-2118.05,215.0935784722547
-2118.05
10.0,10.0,0.0,0.0;10.0,10.0,0.0,0.0::-1250.585,97.93370346821364
-1250.585
10.0,10.0,0.0,0.0;10.0,10.0,0.0,0.0::-1253.29,100.3794844577317
-1253.29
10.0,10.0,0.0,0.0;10.0,10.0,0.0,10.0::-2323.515,120.66814938085358
-2323.515
10.0,10.0,0.0,10.0;10.0,10.0,0.0,0.0::-1246.51,49.591228054969555
-1246.51
10.0,10.0,0.0,0.0;10.0,10.0,10.0,0.0::-1354.015,300.2558113925524
-1354.015
10.0,10.0,10.0,0.0;10.0,10.0,0.0,0.0::-1258.085,97.57794461352422
-1258.085
10.0,10.0,0.0,0.0;10.0,10.0,10.0,10.0::-2289.95,262.7042681419546
-2289.95
10.0,10.0,10.0,10.0;10.0,10.0,0.0,0.0::-1263.6,113.35806102787751
-1263.6
10.0,10.0,0.0,10.0;10.0,10.0,0.0,10.0::-2317.3,66.8386489989138
-2317.3
10.0,10.0,0.0,10.0;10.0,10.0,0.0,10.0::-2306.525,168.37193018730886
-2306.525
10.0,10.0,0.0,10.0;10.0,10.0,10.0,0.0::-1372.135,352.1388778237927
-1372.135
10.0,10.0,10.0,0.0;10.0,10.0,0.0,10.0::-2295.99,220.7790295748217
-2295.99
10.0,10.0,0.0,10.0;10.0,10.0,10.0,10.0::-2336.35,161.8734768268106
-2336.35
10.0,10.0,10.0,10.0;10.0,10.0,0.0,10.0::-2313.975,165.55325993468082
-2313.975
10.0,10.0,10.0,0.0;10.0,10.0,10.0,0.0::-1336.715,259.4832581786347
-1336.715
10.0,10.0,10.0,0.0;10.0,10.0,10.0,0.0::-1365.635,296.00772671503023
-1365.635
10.0,10.0,10.0,0.0;10.0,10.0,10.0,10.0::-2324.35,217.2726800589526
-2324.35
10.0,10.0,10.0,10.0;10.0,10.0,10.0,0.0::-1290.125,245.28969989585784
-1290.125
10.0,10.0,10.0,10.0;10.0,10.0,10.0,10.0::-2303.055,242.30074179622315
-2303.055
10.0,10.0,10.0,10.0;10.0,10.0,10.0,10.0::-2338.595,134.61559521467044
-2338.595
