3.0,0.0;3.0,0.0::-2000.0,0.0
-2000.0
3.0,0.0;3.0,0.0::-2000.0,0.0
-2000.0
3.0,0.0;3.0,1.0::-500.0,0.0
-500.0
3.0,1.0;3.0,0.0::-1500.0,0.0
-1500.0
3.0,0.0;3.0,2.0::-2000.0,0.0
-2000.0
3.0,2.0;3.0,0.0::-2000.0,0.0
-2000.0
3.0,0.0;3.0,3.0::-500.0,0.0
-500.0
3.0,3.0;3.0,0.0::-1500.0,0.0
-1500.0
3.0,0.0;3.0,4.0::-505.0,0.0
-505.0
3.0,4.0;3.0,0.0::-1515.0,0.0
-1515.0
3.0,0.0;4.0,0.0::-1507.5,0.0
-1507.5
4.0,0.0;3.0,0.0::-502.5,0.0
-502.5
3.0,0.0;4.0,1.0::-7.5,0.0
-7.5
4.0,1.0;3.0,0.0::-2.5,0.0
-2.5
3.0,0.0;4.0,2.0::-1507.5,0.0
-1507.5
4.0,2.0;3.0,0.0::-502.5,0.0
-502.5
3.0,0.0;4.0,3.0::-7.5,0.0
-7.5
4.0,3.0;3.0,0.0::-2.5,0.0
-2.5
3.0,0.0;4.0,4.0::-12.5,0.0
-12.5
4.0,4.0;3.0,0.0::-17.5,0.0
-17.5
