0.0,0.0;0.0,0.0::-4000.0,0.0
-4000.0
0.0,0.0;0.0,0.0::-4000.0,0.0
-4000.0
0.0,0.0;0.0,1.0::-4000.0,0.0
-4000.0
0.0,1.0;0.0,0.0::-4000.0,0.0
-4000.0
0.0,0.0;0.0,2.0::-1500.0,0.0
-1500.0
0.0,2.0;0.0,0.0::-3500.0,0.0
-3500.0
0.0,0.0;0.0,3.0::-1500.0,0.0
-1500.0
0.0,3.0;0.0,0.0::-3500.0,0.0
-3500.0
0.0,0.0;0.0,4.0::-1512.5,0.0
-1512.5
0.0,4.0;0.0,0.0::-3502.5,0.0
-3502.5
0.0,0.0;1.0,0.0::-4000.0,0.0
-4000.0
1.0,0.0;0.0,0.0::-4000.0,0.0
-4000.0
0.0,0.0;1.0,1.0::-4000.0,0.0
-4000.0
1.0,1.0;0.0,0.0::-4000.0,0.0
-4000.0
0.0,0.0;1.0,2.0::-1500.0,0.0
-1500.0
1.0,2.0;0.0,0.0::-3500.0,0.0
-3500.0
0.0,0.0;1.0,3.0::-1500.0,0.0
-1500.0
1.0,3.0;0.0,0.0::-3500.0,0.0
-3500.0
0.0,0.0;1.0,4.0::-1512.5,0.0
-1512.5
1.0,4.0;0.0,0.0::-3502.5,0.0
-3502.5
0.0,0.0;2.0,0.0::-2000.0,0.0
-2000.0
2.0,0.0;0.0,0.0::-5000.0,0.0
-5000.0
0.0,0.0;2.0,1.0::-2000.0,0.0
-2000.0
2.0,1.0;0.0,0.0::-5000.0,0.0
-5000.0
0.0,0.0;2.0,2.0::500.0,0.0
500.0
2.0,2.0;0.0,0.0::-4500.0,0.0
-4500.0
0.0,0.0;2.0,3.0::500.0,0.0
500.0
2.0,3.0;0.0,0.0::-4500.0,0.0
-4500.0
0.0,0.0;2.0,4.0::487.5,0.0
487.5
2.0,4.0;0.0,0.0::-4502.5,0.0
-4502.5
0.0,0.0;3.0,0.0::-2000.0,0.0
-2000.0
3.0,0.0;0.0,0.0::-5000.0,0.0
-5000.0
0.0,0.0;3.0,1.0::-2000.0,0.0
-2000.0
3.0,1.0;0.0,0.0::-5000.0,0.0
-5000.0
0.0,0.0;3.0,2.0::500.0,0.0
500.0
3.0,2.0;0.0,0.0::-4500.0,0.0
-4500.0
0.0,0.0;3.0,3.0::500.0,0.0
500.0
3.0,3.0;0.0,0.0::-4500.0,0.0
-4500.0
0.0,0.0;3.0,4.0::487.5,0.0
487.5
3.0,4.0;0.0,0.0::-4502.5,0.0
-4502.5
0.0,0.0;4.0,0.0::-1525.0,0.0
-1525.0
4.0,0.0;0.0,0.0::-2515.0,0.0
-2515.0
0.0,0.0;4.0,1.0::-1525.0,0.0
-1525.0
4.0,1.0;0.0,0.0::-2515.0,0.0
-2515.0
0.0,0.0;4.0,2.0::975.0,0.0
975.0
4.0,2.0;0.0,0.0::-2015.0,0.0
-2015.0
0.0,0.0;4.0,3.0::975.0,0.0
975.0
4.0,3.0;0.0,0.0::-2015.0,0.0
-2015.0
0.0,0.0;4.0,4.0::962.5,0.0
962.5
4.0,4.0;0.0,0.0::-2017.5,0.0
-2017.5
