2.0,0.0;2.0,0.0::-3000.0,0.0
-3000.0
2.0,0.0;2.0,0.0::-3000.0,0.0
-3000.0
2.0,0.0;2.0,1.0::-1250.0,0.0
-1250.0
2.0,1.0;2.0,0.0::-3750.0,0.0
-3750.0
2.0,0.0;2.0,2.0::-1250.0,0.0
-1250.0
2.0,2.0;2.0,0.0::-3750.0,0.0
-3750.0
2.0,0.0;2.0,3.0::500.0,0.0
500.0
2.0,3.0;2.0,0.0::-4500.0,0.0
-4500.0
2.0,0.0;2.0,4.0::-3000.0,0.0
-3000.0
2.0,4.0;2.0,0.0::-3000.0,0.0
-3000.0
2.0,0.0;3.0,0.0::-3000.0,0.0
-3000.0
3.0,0.0;2.0,0.0::-3000.0,0.0
-3000.0
2.0,0.0;3.0,1.0::-1250.0,0.0
-1250.0
3.0,1.0;2.0,0.0::-3750.0,0.0
-3750.0
2.0,0.0;3.0,2.0::-1250.0,0.0
-1250.0
3.0,2.0;2.0,0.0::-3750.0,0.0
-3750.0
2.0,0.0;3.0,3.0::500.0,0.0
500.0
3.0,3.0;2.0,0.0::-4500.0,0.0
-4500.0
2.0,0.0;3.0,4.0::-3000.0,0.0
-3000.0
3.0,4.0;2.0,0.0::-3000.0,0.0
-3000.0
2.0,0.0;4.0,0.0::-2525.0,0.0
-2525.0
4.0,0.0;2.0,0.0::-515.0,0.0
-515.0
2.0,0.0;4.0,1.0::-775.0,0.0
-775.0
4.0,1.0;2.0,0.0::-1265.0,0.0
-1265.0
2.0,0.0;4.0,2.0::-775.0,0.0
-775.0
4.0,2.0;2.0,0.0::-1265.0,0.0
-1265.0
2.0,0.0;4.0,3.0::975.0,0.0
975.0
4.0,3.0;2.0,0.0::-2015.0,0.0
-2015.0
2.0,0.0;4.0,4.0::-2525.0,0.0
-2525.0
4.0,4.0;2.0,0.0::-515.0,0.0
-515.0
