2.0,3.0;2.0,3.0::-1000.0,0.0
-1000.0
2.0,3.0;2.0,3.0::-1000.0,0.0
-1000.0
2.0,3.0;2.0,4.0::-4500.0,0.0
-4500.0
2.0,4.0;2.0,3.0::500.0,0.0
500.0
2.0,3.0;3.0,0.0::-2500.0,0.0
-2500.0
3.0,0.0;2.0,3.0::-500.0,0.0
-500.0
2.0,3.0;3.0,1.0::-750.0,0.0
-750.0
3.0,1.0;2.0,3.0::-1250.0,0.0
-1250.0
2.0,3.0;3.0,2.0::-750.0,0.0
-750.0
3.0,2.0;2.0,3.0::-1250.0,0.0
-1250.0
2.0,3.0;3.0,3.0::1000.0,0.0
1000.0
3.0,3.0;2.0,3.0::-2000.0,0.0
-2000.0
2.0,3.0;3.0,4.0::-2500.0,0.0
-2500.0
3.0,4.0;2.0,3.0::-500.0,0.0
-500.0
2.0,3.0;4.0,0.0::-4500.0,0.0
-4500.0
4.0,0.0;2.0,3.0::500.0,0.0
500.0
2.0,3.0;4.0,1.0::-2750.0,0.0
-2750.0
4.0,1.0;2.0,3.0::-250.0,0.0
-250.0
2.0,3.0;4.0,2.0::-2750.0,0.0
-2750.0
4.0,2.0;2.0,3.0::-250.0,0.0
-250.0
2.0,3.0;4.0,3.0::-1000.0,0.0
-1000.0
4.0,3.0;2.0,3.0::-1000.0,0.0
-1000.0
2.0,3.0;4.0,4.0::-4500.0,0.0
-4500.0
4.0,4.0;2.0,3.0::500.0,0.0
500.0
