2.0,4.0;2.0,4.0::-3000.0,0.0
-3000.0
2.0,4.0;2.0,4.0::-3000.0,0.0
-3000.0
2.0,4.0;3.0,0.0::-2512.5,0.0
-2512.5
3.0,0.0;2.0,4.0::-507.5,0.0
-507.5
2.0,4.0;3.0,1.0::-762.5,0.0
-762.5
3.0,1.0;2.0,4.0::-1257.5,0.0
-1257.5
2.0,4.0;3.0,2.0::-762.5,0.0
-762.5
3.0,2.0;2.0,4.0::-1257.5,0.0
-1257.5
2.0,4.0;3.0,3.0::987.5,0.0
987.5
3.0,3.0;2.0,4.0::-2007.5,0.0
-2007.5
2.0,4.0;3.0,4.0::-2512.5,0.0
-2512.5
3.0,4.0;2.0,4.0::-507.5,0.0
-507.5
2.0,4.0;4.0,0.0::-4502.5,0.0
-4502.5
4.0,0.0;2.0,4.0::487.5,0.0
487.5
2.0,4.0;4.0,1.0::-2752.5,0.0
-2752.5
4.0,1.0;2.0,4.0::-262.5,0.0
-262.5
2.0,4.0;4.0,2.0::-2752.5,0.0
-2752.5
4.0,2.0;2.0,4.0::-262.5,0.0
-262.5
2.0,4.0;4.0,3.0::-1002.5,0.0
-1002.5
4.0,3.0;2.0,4.0::-1012.5,0.0
-1012.5
2.0,4.0;4.0,4.0::-4502.5,0.0
-4502.5
4.0,4.0;2.0,4.0::487.5,0.0
487.5
