1.0,4.0;1.0,4.0::-20.0,0.0
-20.0
1.0,4.0;1.0,4.0::-20.0,0.0
-20.0
1.0,4.0;2.0,0.0::-2000.0,0.0
-2000.0
2.0,0.0;1.0,4.0::-5000.0,0.0
-5000.0
1.0,4.0;2.0,1.0::-1250.0,0.0
-1250.0
2.0,1.0;1.0,4.0::-3750.0,0.0
-3750.0
1.0,4.0;2.0,2.0::-1250.0,0.0
-1250.0
2.0,2.0;1.0,4.0::-3750.0,0.0
-3750.0
1.0,4.0;2.0,3.0::-500.0,0.0
-500.0
2.0,3.0;1.0,4.0::-2500.0,0.0
-2500.0
1.0,4.0;2.0,4.0::-507.5,0.0
-507.5
2.0,4.0;1.0,4.0::-2512.5,0.0
-2512.5
1.0,4.0;3.0,0.0::-1512.5,0.0
-1512.5
3.0,0.0;1.0,4.0::-2507.5,0.0
-2507.5
1.0,4.0;3.0,1.0::-762.5,0.0
-762.5
3.0,1.0;1.0,4.0::-1257.5,0.0
-1257.5
1.0,4.0;3.0,2.0::-762.5,0.0
-762.5
3.0,2.0;1.0,4.0::-1257.5,0.0
-1257.5
1.0,4.0;3.0,3.0::-12.5,0.0
-12.5
3.0,3.0;1.0,4.0::-7.5,0.0
-7.5
1.0,4.0;3.0,4.0::-20.0,0.0
-20.0
3.0,4.0;1.0,4.0::-20.0,0.0
-20.0
1.0,4.0;4.0,0.0::-3502.5,0.0
-3502.5
4.0,0.0;1.0,4.0::-1512.5,0.0
-1512.5
1.0,4.0;4.0,1.0::-2752.5,0.0
-2752.5
4.0,1.0;1.0,4.0::-262.5,0.0
-262.5
1.0,4.0;4.0,2.0::-2752.5,0.0
-2752.5
4.0,2.0;1.0,4.0::-262.5,0.0
-262.5
1.0,4.0;4.0,3.0::-2002.5,0.0
-2002.5
4.0,3.0;1.0,4.0::987.5,0.0
987.5
1.0,4.0;4.0,4.0::-2010.0,0.0
-2010.0
4.0,4.0;1.0,4.0::975.0,0.0
975.0
