0.0,0.0;0.0,0.0::-4000.0,0.0
-4000.0
0.0,0.0;0.0,0.0::-4000.0,0.0
-4000.0
0.0,0.0;0.0,1.0::-4000.0,0.0
-4000.0
0.0,1.0;0.0,0.0::-4000.0,0.0
-4000.0
0.0,0.0;0.0,2.0::-1500.0,0.0
-1500.0
0.0,2.0;0.0,0.0::-3500.0,0.0
-3500.0
0.0,0.0;0.0,3.0::-1500.0,0.0
-1500.0
0.0,3.0;0.0,0.0::-3500.0,0.0
-3500.0
0.0,0.0;0.0,4.0::-1512.5,0.0
-1512.5
0.0,4.0;0.0,0.0::-3502.5,0.0
-3502.5
0.0,0.0;1.0,0.0::-4000.0,0.0
-4000.0
1.0,0.0;0.0,0.0::-4000.0,0.0
-4000.0
0.0,0.0;1.0,1.0::-4000.0,0.0
-4000.0
1.0,1.0;0.0,0.0::-4000.0,0.0
-4000.0
0.0,0.0;1.0,2.0::-1500.0,0.0
-1500.0
1.0,2.0;0.0,0.0::-3500.0,0.0
-3500.0
0.0,0.0;1.0,3.0::-1500.0,0.0
-1500.0
1.0,3.0;0.0,0.0::-3500.0,0.0
-3500.0
0.0,0.0;1.0,4.0::-1512.5,0.0
-1512.5
1.0,4.0;0.0,0.0::-3502.5,0.0
-3502.5
0.0,0.0;2.0,0.0::-2000.0,0.0
-2000.0
2.0,0.0;0.0,0.0::-5000.0,0.0
-5000.0
0.0,0.0;2.0,1.0::-2000.0,0.0
-2000.0
2.0,1.0;0.0,0.0::-5000.0,0.0
-5000.0
0.0,0.0;2.0,2.0::500.0,0.0
500.0
2.0,2.0;0.0,0.0::-4500.0,0.0
-4500.0
0.0,0.0;2.0,3.0::500.0,0.0
500.0
2.0,3.0;0.0,0.0::-4500.0,0.0
-4500.0
0.0,0.0;2.0,4.0::487.5,0.0
487.5
2.0,4.0;0.0,0.0::-4502.5,0.0
-4502.5
0.0,0.0;3.0,0.0::-2000.0,0.0
-2000.0
3.0,0.0;0.0,0.0::-5000.0,0.0
-5000.0
0.0,0.0;3.0,1.0::-2000.0,0.0
-2000.0
3.0,1.0;0.0,0.0::-5000.0,0.0
-5000.0
0.0,0.0;3.0,2.0::500.0,0.0
500.0
3.0,2.0;0.0,0.0::-4500.0,0.0
-4500.0
0.0,0.0;3.0,3.0::500.0,0.0
500.0
3.0,3.0;0.0,0.0::-4500.0,0.0
-4500.0
0.0,0.0;3.0,4.0::487.5,0.0
487.5
3.0,4.0;0.0,0.0::-4502.5,0.0
-4502.5
0.0,0.0;4.0,0.0::-1525.0,0.0
-1525.0
4.0,0.0;0.0,0.0::-2515.0,0.0
-2515.0
0.0,0.0;4.0,1.0::-1525.0,0.0
-1525.0
4.0,1.0;0.0,0.0::-2515.0,0.0
-2515.0
0.0,0.0;4.0,2.0::975.0,0.0
975.0
4.0,2.0;0.0,0.0::-2015.0,0.0
-2015.0
0.0,0.0;4.0,3.0::975.0,0.0
975.0
4.0,3.0;0.0,0.0::-2015.0,0.0
-2015.0
0.0,0.0;4.0,4.0::962.5,0.0
962.5
4.0,4.0;0.0,0.0::-2017.5,0.0
-2017.5
0.0,1.0;0.0,1.0::-4000.0,0.0
-4000.0
0.0,1.0;0.0,1.0::-4000.0,0.0
-4000.0
0.0,1.0;0.0,2.0::-1500.0,0.0
-1500.0
0.0,2.0;0.0,1.0::-3500.0,0.0
-3500.0
0.0,1.0;0.0,3.0::-1500.0,0.0
-1500.0
0.0,3.0;0.0,1.0::-3500.0,0.0
-3500.0
0.0,1.0;0.0,4.0::-1512.5,0.0
-1512.5
0.0,4.0;0.0,1.0::-3502.5,0.0
-3502.5
0.0,1.0;1.0,0.0::-2750.0,0.0
-2750.0
1.0,0.0;0.0,1.0::-3250.0,0.0
-3250.0
0.0,1.0;1.0,1.0::-2750.0,0.0
-2750.0
1.0,1.0;0.0,1.0::-3250.0,0.0
-3250.0
0.0,1.0;1.0,2.0::-250.0,0.0
-250.0
1.0,2.0;0.0,1.0::-2750.0,0.0
-2750.0
0.0,1.0;1.0,3.0::-250.0,0.0
-250.0
1.0,3.0;0.0,1.0::-2750.0,0.0
-2750.0
0.0,1.0;1.0,4.0::-262.5,0.0
-262.5
1.0,4.0;0.0,1.0::-2752.5,0.0
-2752.5
0.0,1.0;2.0,0.0::-2750.0,0.0
-2750.0
2.0,0.0;0.0,1.0::-3250.0,0.0
-3250.0
0.0,1.0;2.0,1.0::-2750.0,0.0
-2750.0
2.0,1.0;0.0,1.0::-3250.0,0.0
-3250.0
0.0,1.0;2.0,2.0::-250.0,0.0
-250.0
2.0,2.0;0.0,1.0::-2750.0,0.0
-2750.0
0.0,1.0;2.0,3.0::-250.0,0.0
-250.0
2.0,3.0;0.0,1.0::-2750.0,0.0
-2750.0
0.0,1.0;2.0,4.0::-262.5,0.0
-262.5
2.0,4.0;0.0,1.0::-2752.5,0.0
-2752.5
0.0,1.0;3.0,0.0::-1500.0,0.0
-1500.0
3.0,0.0;0.0,1.0::-2500.0,0.0
-2500.0
0.0,1.0;3.0,1.0::-1500.0,0.0
-1500.0
3.0,1.0;0.0,1.0::-2500.0,0.0
-2500.0
0.0,1.0;3.0,2.0::1000.0,0.0
1000.0
3.0,2.0;0.0,1.0::-2000.0,0.0
-2000.0
0.0,1.0;3.0,3.0::1000.0,0.0
1000.0
3.0,3.0;0.0,1.0::-2000.0,0.0
-2000.0
0.0,1.0;3.0,4.0::987.5,0.0
987.5
3.0,4.0;0.0,1.0::-2002.5,0.0
-2002.5
0.0,1.0;4.0,0.0::-1525.0,0.0
-1525.0
4.0,0.0;0.0,1.0::-2515.0,0.0
-2515.0
0.0,1.0;4.0,1.0::-1525.0,0.0
-1525.0
4.0,1.0;0.0,1.0::-2515.0,0.0
-2515.0
0.0,1.0;4.0,2.0::975.0,0.0
975.0
4.0,2.0;0.0,1.0::-2015.0,0.0
-2015.0
0.0,1.0;4.0,3.0::975.0,0.0
975.0
4.0,3.0;0.0,1.0::-2015.0,0.0
-2015.0
0.0,1.0;4.0,4.0::962.5,0.0
962.5
4.0,4.0;0.0,1.0::-2017.5,0.0
-2017.5
0.0,2.0;0.0,2.0::-1000.0,0.0
-1000.0
0.0,2.0;0.0,2.0::-1000.0,0.0
-1000.0
0.0,2.0;0.0,3.0::-1000.0,0.0
-1000.0
0.0,3.0;0.0,2.0::-1000.0,0.0
-1000.0
0.0,2.0;0.0,4.0::-1012.5,0.0
-1012.5
0.0,4.0;0.0,2.0::-1002.5,0.0
-1002.5
0.0,2.0;1.0,0.0::-2750.0,0.0
-2750.0
1.0,0.0;0.0,2.0::-3250.0,0.0
-3250.0
0.0,2.0;1.0,1.0::-2750.0,0.0
-2750.0
1.0,1.0;0.0,2.0::-3250.0,0.0
-3250.0
0.0,2.0;1.0,2.0::-250.0,0.0
-250.0
1.0,2.0;0.0,2.0::-2750.0,0.0
-2750.0
0.0,2.0;1.0,3.0::-250.0,0.0
-250.0
1.0,3.0;0.0,2.0::-2750.0,0.0
-2750.0
0.0,2.0;1.0,4.0::-262.5,0.0
-262.5
1.0,4.0;0.0,2.0::-2752.5,0.0
-2752.5
0.0,2.0;2.0,0.0::-2750.0,0.0
-2750.0
2.0,0.0;0.0,2.0::-3250.0,0.0
-3250.0
0.0,2.0;2.0,1.0::-2750.0,0.0
-2750.0
2.0,1.0;0.0,2.0::-3250.0,0.0
-3250.0
0.0,2.0;2.0,2.0::-250.0,0.0
-250.0
2.0,2.0;0.0,2.0::-2750.0,0.0
-2750.0
0.0,2.0;2.0,3.0::-250.0,0.0
-250.0
2.0,3.0;0.0,2.0::-2750.0,0.0
-2750.0
0.0,2.0;2.0,4.0::-262.5,0.0
-262.5
2.0,4.0;0.0,2.0::-2752.5,0.0
-2752.5
0.0,2.0;3.0,0.0::-2000.0,0.0
-2000.0
3.0,0.0;0.0,2.0::-5000.0,0.0
-5000.0
0.0,2.0;3.0,1.0::-2000.0,0.0
-2000.0
3.0,1.0;0.0,2.0::-5000.0,0.0
-5000.0
0.0,2.0;3.0,2.0::500.0,0.0
500.0
3.0,2.0;0.0,2.0::-4500.0,0.0
-4500.0
0.0,2.0;3.0,3.0::500.0,0.0
500.0
3.0,3.0;0.0,2.0::-4500.0,0.0
-4500.0
0.0,2.0;3.0,4.0::487.5,0.0
487.5
3.0,4.0;0.0,2.0::-4502.5,0.0
-4502.5
0.0,2.0;4.0,0.0::-3500.0,0.0
-3500.0
4.0,0.0;0.0,2.0::-1500.0,0.0
-1500.0
0.0,2.0;4.0,1.0::-3500.0,0.0
-3500.0
4.0,1.0;0.0,2.0::-1500.0,0.0
-1500.0
0.0,2.0;4.0,2.0::-1000.0,0.0
-1000.0
4.0,2.0;0.0,2.0::-1000.0,0.0
-1000.0
0.0,2.0;4.0,3.0::-1000.0,0.0
-1000.0
4.0,3.0;0.0,2.0::-1000.0,0.0
-1000.0
0.0,2.0;4.0,4.0::-1012.5,0.0
-1012.5
4.0,4.0;0.0,2.0::-1002.5,0.0
-1002.5
0.0,3.0;0.0,3.0::-1000.0,0.0
-1000.0
0.0,3.0;0.0,3.0::-1000.0,0.0
-1000.0
0.0,3.0;0.0,4.0::-1012.5,0.0
-1012.5
0.0,4.0;0.0,3.0::-1002.5,0.0
-1002.5
0.0,3.0;1.0,0.0::-1500.0,0.0
-1500.0
1.0,0.0;0.0,3.0::-2500.0,0.0
-2500.0
0.0,3.0;1.0,1.0::-1500.0,0.0
-1500.0
1.0,1.0;0.0,3.0::-2500.0,0.0
-2500.0
0.0,3.0;1.0,2.0::1000.0,0.0
1000.0
1.0,2.0;0.0,3.0::-2000.0,0.0
-2000.0
0.0,3.0;1.0,3.0::1000.0,0.0
1000.0
1.0,3.0;0.0,3.0::-2000.0,0.0
-2000.0
0.0,3.0;1.0,4.0::987.5,0.0
987.5
1.0,4.0;0.0,3.0::-2002.5,0.0
-2002.5
0.0,3.0;2.0,0.0::-3500.0,0.0
-3500.0
2.0,0.0;0.0,3.0::-1500.0,0.0
-1500.0
0.0,3.0;2.0,1.0::-3500.0,0.0
-3500.0
2.0,1.0;0.0,3.0::-1500.0,0.0
-1500.0
0.0,3.0;2.0,2.0::-1000.0,0.0
-1000.0
2.0,2.0;0.0,3.0::-1000.0,0.0
-1000.0
0.0,3.0;2.0,3.0::-1000.0,0.0
-1000.0
2.0,3.0;0.0,3.0::-1000.0,0.0
-1000.0
0.0,3.0;2.0,4.0::-1012.5,0.0
-1012.5
2.0,4.0;0.0,3.0::-1002.5,0.0
-1002.5
0.0,3.0;3.0,0.0::-1500.0,0.0
-1500.0
3.0,0.0;0.0,3.0::-2500.0,0.0
-2500.0
0.0,3.0;3.0,1.0::-1500.0,0.0
-1500.0
3.0,1.0;0.0,3.0::-2500.0,0.0
-2500.0
0.0,3.0;3.0,2.0::1000.0,0.0
1000.0
3.0,2.0;0.0,3.0::-2000.0,0.0
-2000.0
0.0,3.0;3.0,3.0::1000.0,0.0
1000.0
3.0,3.0;0.0,3.0::-2000.0,0.0
-2000.0
0.0,3.0;3.0,4.0::987.5,0.0
987.5
3.0,4.0;0.0,3.0::-2002.5,0.0
-2002.5
0.0,3.0;4.0,0.0::-3500.0,0.0
-3500.0
4.0,0.0;0.0,3.0::-1500.0,0.0
-1500.0
0.0,3.0;4.0,1.0::-3500.0,0.0
-3500.0
4.0,1.0;0.0,3.0::-1500.0,0.0
-1500.0
0.0,3.0;4.0,2.0::-1000.0,0.0
-1000.0
4.0,2.0;0.0,3.0::-1000.0,0.0
-1000.0
0.0,3.0;4.0,3.0::-1000.0,0.0
-1000.0
4.0,3.0;0.0,3.0::-1000.0,0.0
-1000.0
0.0,3.0;4.0,4.0::-1012.5,0.0
-1012.5
4.0,4.0;0.0,3.0::-1002.5,0.0
-1002.5
0.0,4.0;0.0,4.0::-1015.0,0.0
-1015.0
0.0,4.0;0.0,4.0::-1015.0,0.0
-1015.0
0.0,4.0;1.0,0.0::-1512.5,0.0
-1512.5
1.0,0.0;0.0,4.0::-2507.5,0.0
-2507.5
0.0,4.0;1.0,1.0::-1512.5,0.0
-1512.5
1.0,1.0;0.0,4.0::-2507.5,0.0
-2507.5
0.0,4.0;1.0,2.0::987.5,0.0
987.5
1.0,2.0;0.0,4.0::-2007.5,0.0
-2007.5
0.0,4.0;1.0,3.0::987.5,0.0
987.5
1.0,3.0;0.0,4.0::-2007.5,0.0
-2007.5
0.0,4.0;1.0,4.0::975.0,0.0
975.0
1.0,4.0;0.0,4.0::-2010.0,0.0
-2010.0
0.0,4.0;2.0,0.0::-2000.0,0.0
-2000.0
2.0,0.0;0.0,4.0::-5000.0,0.0
-5000.0
0.0,4.0;2.0,1.0::-2000.0,0.0
-2000.0
2.0,1.0;0.0,4.0::-5000.0,0.0
-5000.0
0.0,4.0;2.0,2.0::500.0,0.0
500.0
2.0,2.0;0.0,4.0::-4500.0,0.0
-4500.0
0.0,4.0;2.0,3.0::500.0,0.0
500.0
2.0,3.0;0.0,4.0::-4500.0,0.0
-4500.0
0.0,4.0;2.0,4.0::487.5,0.0
487.5
2.0,4.0;0.0,4.0::-4502.5,0.0
-4502.5
0.0,4.0;3.0,0.0::-1512.5,0.0
-1512.5
3.0,0.0;0.0,4.0::-2507.5,0.0
-2507.5
0.0,4.0;3.0,1.0::-1512.5,0.0
-1512.5
3.0,1.0;0.0,4.0::-2507.5,0.0
-2507.5
0.0,4.0;3.0,2.0::987.5,0.0
987.5
3.0,2.0;0.0,4.0::-2007.5,0.0
-2007.5
0.0,4.0;3.0,3.0::987.5,0.0
987.5
3.0,3.0;0.0,4.0::-2007.5,0.0
-2007.5
0.0,4.0;3.0,4.0::975.0,0.0
975.0
3.0,4.0;0.0,4.0::-2010.0,0.0
-2010.0
0.0,4.0;4.0,0.0::-3502.5,0.0
-3502.5
4.0,0.0;0.0,4.0::-1512.5,0.0
-1512.5
0.0,4.0;4.0,1.0::-3502.5,0.0
-3502.5
4.0,1.0;0.0,4.0::-1512.5,0.0
-1512.5
0.0,4.0;4.0,2.0::-1002.5,0.0
-1002.5
4.0,2.0;0.0,4.0::-1012.5,0.0
-1012.5
0.0,4.0;4.0,3.0::-1002.5,0.0
-1002.5
4.0,3.0;0.0,4.0::-1012.5,0.0
-1012.5
0.0,4.0;4.0,4.0::-1015.0,0.0
-1015.0
4.0,4.0;0.0,4.0::-1015.0,0.0
-1015.0
1.0,0.0;1.0,0.0::-4000.0,0.0
-4000.0
1.0,0.0;1.0,0.0::-4000.0,0.0
-4000.0
1.0,0.0;1.0,1.0::-3250.0,0.0
-3250.0
1.0,1.0;1.0,0.0::-2750.0,0.0
-2750.0
1.0,0.0;1.0,2.0::-3250.0,0.0
-3250.0
1.0,2.0;1.0,0.0::-2750.0,0.0
-2750.0
1.0,0.0;1.0,3.0::-2500.0,0.0
-2500.0
1.0,3.0;1.0,0.0::-1500.0,0.0
-1500.0
1.0,0.0;1.0,4.0::-2507.5,0.0
-2507.5
1.0,4.0;1.0,0.0::-1512.5,0.0
-1512.5
1.0,0.0;2.0,0.0::-2000.0,0.0
-2000.0
2.0,0.0;1.0,0.0::-5000.0,0.0
-5000.0
1.0,0.0;2.0,1.0::-1250.0,0.0
-1250.0
2.0,1.0;1.0,0.0::-3750.0,0.0
-3750.0
1.0,0.0;2.0,2.0::-1250.0,0.0
-1250.0
2.0,2.0;1.0,0.0::-3750.0,0.0
-3750.0
1.0,0.0;2.0,3.0::-500.0,0.0
-500.0
2.0,3.0;1.0,0.0::-2500.0,0.0
-2500.0
1.0,0.0;2.0,4.0::-507.5,0.0
-507.5
2.0,4.0;1.0,0.0::-2512.5,0.0
-2512.5
1.0,0.0;3.0,0.0::-2000.0,0.0
-2000.0
3.0,0.0;1.0,0.0::-5000.0,0.0
-5000.0
1.0,0.0;3.0,1.0::-1250.0,0.0
-1250.0
3.0,1.0;1.0,0.0::-3750.0,0.0
-3750.0
1.0,0.0;3.0,2.0::-1250.0,0.0
-1250.0
3.0,2.0;1.0,0.0::-3750.0,0.0
-3750.0
1.0,0.0;3.0,3.0::-500.0,0.0
-500.0
3.0,3.0;1.0,0.0::-2500.0,0.0
-2500.0
1.0,0.0;3.0,4.0::-507.5,0.0
-507.5
3.0,4.0;1.0,0.0::-2512.5,0.0
-2512.5
1.0,0.0;4.0,0.0::-1525.0,0.0
-1525.0
4.0,0.0;1.0,0.0::-2515.0,0.0
-2515.0
1.0,0.0;4.0,1.0::-775.0,0.0
-775.0
4.0,1.0;1.0,0.0::-1265.0,0.0
-1265.0
1.0,0.0;4.0,2.0::-775.0,0.0
-775.0
4.0,2.0;1.0,0.0::-1265.0,0.0
-1265.0
1.0,0.0;4.0,3.0::-25.0,0.0
-25.0
4.0,3.0;1.0,0.0::-15.0,0.0
-15.0
1.0,0.0;4.0,4.0::-32.5,0.0
-32.5
4.0,4.0;1.0,0.0::-27.5,0.0
-27.5
1.0,1.0;1.0,1.0::-2000.0,0.0
-2000.0
1.0,1.0;1.0,1.0::-2000.0,0.0
-2000.0
1.0,1.0;1.0,2.0::-2000.0,0.0
-2000.0
1.0,2.0;1.0,1.0::-2000.0,0.0
-2000.0
1.0,1.0;1.0,3.0::-1250.0,0.0
-1250.0
1.0,3.0;1.0,1.0::-750.0,0.0
-750.0
1.0,1.0;1.0,4.0::-1257.5,0.0
-1257.5
1.0,4.0;1.0,1.0::-762.5,0.0
-762.5
1.0,1.0;2.0,0.0::-2750.0,0.0
-2750.0
2.0,0.0;1.0,1.0::-3250.0,0.0
-3250.0
1.0,1.0;2.0,1.0::-2000.0,0.0
-2000.0
2.0,1.0;1.0,1.0::-2000.0,0.0
-2000.0
1.0,1.0;2.0,2.0::-2000.0,0.0
-2000.0
2.0,2.0;1.0,1.0::-2000.0,0.0
-2000.0
1.0,1.0;2.0,3.0::-1250.0,0.0
-1250.0
2.0,3.0;1.0,1.0::-750.0,0.0
-750.0
1.0,1.0;2.0,4.0::-1257.5,0.0
-1257.5
2.0,4.0;1.0,1.0::-762.5,0.0
-762.5
1.0,1.0;3.0,0.0::-1500.0,0.0
-1500.0
3.0,0.0;1.0,1.0::-2500.0,0.0
-2500.0
1.0,1.0;3.0,1.0::-750.0,0.0
-750.0
3.0,1.0;1.0,1.0::-1250.0,0.0
-1250.0
1.0,1.0;3.0,2.0::-750.0,0.0
-750.0
3.0,2.0;1.0,1.0::-1250.0,0.0
-1250.0
1.0,1.0;3.0,3.0::0.0,0.0
0.0
3.0,3.0;1.0,1.0::0.0,0.0
0.0
1.0,1.0;3.0,4.0::-7.5,0.0
-7.5
3.0,4.0;1.0,1.0::-12.5,0.0
-12.5
1.0,1.0;4.0,0.0::-1525.0,0.0
-1525.0
4.0,0.0;1.0,1.0::-2515.0,0.0
-2515.0
1.0,1.0;4.0,1.0::-775.0,0.0
-775.0
4.0,1.0;1.0,1.0::-1265.0,0.0
-1265.0
1.0,1.0;4.0,2.0::-775.0,0.0
-775.0
4.0,2.0;1.0,1.0::-1265.0,0.0
-1265.0
1.0,1.0;4.0,3.0::-25.0,0.0
-25.0
4.0,3.0;1.0,1.0::-15.0,0.0
-15.0
1.0,1.0;4.0,4.0::-32.5,0.0
-32.5
4.0,4.0;1.0,1.0::-27.5,0.0
-27.5
1.0,2.0;1.0,2.0::-2000.0,0.0
-2000.0
1.0,2.0;1.0,2.0::-2000.0,0.0
-2000.0
1.0,2.0;1.0,3.0::-1250.0,0.0
-1250.0
1.0,3.0;1.0,2.0::-750.0,0.0
-750.0
1.0,2.0;1.0,4.0::-1257.5,0.0
-1257.5
1.0,4.0;1.0,2.0::-762.5,0.0
-762.5
1.0,2.0;2.0,0.0::-2750.0,0.0
-2750.0
2.0,0.0;1.0,2.0::-3250.0,0.0
-3250.0
1.0,2.0;2.0,1.0::-2000.0,0.0
-2000.0
2.0,1.0;1.0,2.0::-2000.0,0.0
-2000.0
1.0,2.0;2.0,2.0::-2000.0,0.0
-2000.0
2.0,2.0;1.0,2.0::-2000.0,0.0
-2000.0
1.0,2.0;2.0,3.0::-1250.0,0.0
-1250.0
2.0,3.0;1.0,2.0::-750.0,0.0
-750.0
1.0,2.0;2.0,4.0::-1257.5,0.0
-1257.5
2.0,4.0;1.0,2.0::-762.5,0.0
-762.5
1.0,2.0;3.0,0.0::-2000.0,0.0
-2000.0
3.0,0.0;1.0,2.0::-5000.0,0.0
-5000.0
1.0,2.0;3.0,1.0::-1250.0,0.0
-1250.0
3.0,1.0;1.0,2.0::-3750.0,0.0
-3750.0
1.0,2.0;3.0,2.0::-1250.0,0.0
-1250.0
3.0,2.0;1.0,2.0::-3750.0,0.0
-3750.0
1.0,2.0;3.0,3.0::-500.0,0.0
-500.0
3.0,3.0;1.0,2.0::-2500.0,0.0
-2500.0
1.0,2.0;3.0,4.0::-507.5,0.0
-507.5
3.0,4.0;1.0,2.0::-2512.5,0.0
-2512.5
1.0,2.0;4.0,0.0::-3500.0,0.0
-3500.0
4.0,0.0;1.0,2.0::-1500.0,0.0
-1500.0
1.0,2.0;4.0,1.0::-2750.0,0.0
-2750.0
4.0,1.0;1.0,2.0::-250.0,0.0
-250.0
1.0,2.0;4.0,2.0::-2750.0,0.0
-2750.0
4.0,2.0;1.0,2.0::-250.0,0.0
-250.0
1.0,2.0;4.0,3.0::-2000.0,0.0
-2000.0
4.0,3.0;1.0,2.0::1000.0,0.0
1000.0
1.0,2.0;4.0,4.0::-2007.5,0.0
-2007.5
4.0,4.0;1.0,2.0::987.5,0.0
987.5
1.0,3.0;1.0,3.0::0.0,0.0
0.0
1.0,3.0;1.0,3.0::0.0,0.0
0.0
1.0,3.0;1.0,4.0::-7.5,0.0
-7.5
1.0,4.0;1.0,3.0::-12.5,0.0
-12.5
1.0,3.0;2.0,0.0::-3500.0,0.0
-3500.0
2.0,0.0;1.0,3.0::-1500.0,0.0
-1500.0
1.0,3.0;2.0,1.0::-2750.0,0.0
-2750.0
2.0,1.0;1.0,3.0::-250.0,0.0
-250.0
1.0,3.0;2.0,2.0::-2750.0,0.0
-2750.0
2.0,2.0;1.0,3.0::-250.0,0.0
-250.0
1.0,3.0;2.0,3.0::-2000.0,0.0
-2000.0
2.0,3.0;1.0,3.0::1000.0,0.0
1000.0
1.0,3.0;2.0,4.0::-2007.5,0.0
-2007.5
2.0,4.0;1.0,3.0::987.5,0.0
987.5
1.0,3.0;3.0,0.0::-1500.0,0.0
-1500.0
3.0,0.0;1.0,3.0::-2500.0,0.0
-2500.0
1.0,3.0;3.0,1.0::-750.0,0.0
-750.0
3.0,1.0;1.0,3.0::-1250.0,0.0
-1250.0
1.0,3.0;3.0,2.0::-750.0,0.0
-750.0
3.0,2.0;1.0,3.0::-1250.0,0.0
-1250.0
1.0,3.0;3.0,3.0::0.0,0.0
0.0
3.0,3.0;1.0,3.0::0.0,0.0
0.0
1.0,3.0;3.0,4.0::-7.5,0.0
-7.5
3.0,4.0;1.0,3.0::-12.5,0.0
-12.5
1.0,3.0;4.0,0.0::-3500.0,0.0
-3500.0
4.0,0.0;1.0,3.0::-1500.0,0.0
-1500.0
1.0,3.0;4.0,1.0::-2750.0,0.0
-2750.0
4.0,1.0;1.0,3.0::-250.0,0.0
-250.0
1.0,3.0;4.0,2.0::-2750.0,0.0
-2750.0
4.0,2.0;1.0,3.0::-250.0,0.0
-250.0
1.0,3.0;4.0,3.0::-2000.0,0.0
-2000.0
4.0,3.0;1.0,3.0::1000.0,0.0
1000.0
1.0,3.0;4.0,4.0::-2007.5,0.0
-2007.5
4.0,4.0;1.0,3.0::987.5,0.0
987.5
1.0,4.0;1.0,4.0::-20.0,0.0
-20.0
1.0,4.0;1.0,4.0::-20.0,0.0
-20.0
1.0,4.0;2.0,0.0::-2000.0,0.0
-2000.0
2.0,0.0;1.0,4.0::-5000.0,0.0
-5000.0
1.0,4.0;2.0,1.0::-1250.0,0.0
-1250.0
2.0,1.0;1.0,4.0::-3750.0,0.0
-3750.0
1.0,4.0;2.0,2.0::-1250.0,0.0
-1250.0
2.0,2.0;1.0,4.0::-3750.0,0.0
-3750.0
1.0,4.0;2.0,3.0::-500.0,0.0
-500.0
2.0,3.0;1.0,4.0::-2500.0,0.0
-2500.0
1.0,4.0;2.0,4.0::-507.5,0.0
-507.5
2.0,4.0;1.0,4.0::-2512.5,0.0
-2512.5
1.0,4.0;3.0,0.0::-1512.5,0.0
-1512.5
3.0,0.0;1.0,4.0::-2507.5,0.0
-2507.5
1.0,4.0;3.0,1.0::-762.5,0.0
-762.5
3.0,1.0;1.0,4.0::-1257.5,0.0
-1257.5
1.0,4.0;3.0,2.0::-762.5,0.0
-762.5
3.0,2.0;1.0,4.0::-1257.5,0.0
-1257.5
1.0,4.0;3.0,3.0::-12.5,0.0
-12.5
3.0,3.0;1.0,4.0::-7.5,0.0
-7.5
1.0,4.0;3.0,4.0::-20.0,0.0
-20.0
3.0,4.0;1.0,4.0::-20.0,0.0
-20.0
1.0,4.0;4.0,0.0::-3502.5,0.0
-3502.5
4.0,0.0;1.0,4.0::-1512.5,0.0
-1512.5
1.0,4.0;4.0,1.0::-2752.5,0.0
-2752.5
4.0,1.0;1.0,4.0::-262.5,0.0
-262.5
1.0,4.0;4.0,2.0::-2752.5,0.0
-2752.5
4.0,2.0;1.0,4.0::-262.5,0.0
-262.5
1.0,4.0;4.0,3.0::-2002.5,0.0
-2002.5
4.0,3.0;1.0,4.0::987.5,0.0
987.5
1.0,4.0;4.0,4.0::-2010.0,0.0
-2010.0
4.0,4.0;1.0,4.0::975.0,0.0
975.0
2.0,0.0;2.0,0.0::-3000.0,0.0
-3000.0
2.0,0.0;2.0,0.0::-3000.0,0.0
-3000.0
2.0,0.0;2.0,1.0::-1250.0,0.0
-1250.0
2.0,1.0;2.0,0.0::-3750.0,0.0
-3750.0
2.0,0.0;2.0,2.0::-1250.0,0.0
-1250.0
2.0,2.0;2.0,0.0::-3750.0,0.0
-3750.0
2.0,0.0;2.0,3.0::500.0,0.0
500.0
2.0,3.0;2.0,0.0::-4500.0,0.0
-4500.0
2.0,0.0;2.0,4.0::-3000.0,0.0
-3000.0
2.0,4.0;2.0,0.0::-3000.0,0.0
-3000.0
2.0,0.0;3.0,0.0::-3000.0,0.0
-3000.0
3.0,0.0;2.0,0.0::-3000.0,0.0
-3000.0
2.0,0.0;3.0,1.0::-1250.0,0.0
-1250.0
3.0,1.0;2.0,0.0::-3750.0,0.0
-3750.0
2.0,0.0;3.0,2.0::-1250.0,0.0
-1250.0
3.0,2.0;2.0,0.0::-3750.0,0.0
-3750.0
2.0,0.0;3.0,3.0::500.0,0.0
500.0
3.0,3.0;2.0,0.0::-4500.0,0.0
-4500.0
2.0,0.0;3.0,4.0::-3000.0,0.0
-3000.0
3.0,4.0;2.0,0.0::-3000.0,0.0
-3000.0
2.0,0.0;4.0,0.0::-2525.0,0.0
-2525.0
4.0,0.0;2.0,0.0::-515.0,0.0
-515.0
2.0,0.0;4.0,1.0::-775.0,0.0
-775.0
4.0,1.0;2.0,0.0::-1265.0,0.0
-1265.0
2.0,0.0;4.0,2.0::-775.0,0.0
-775.0
4.0,2.0;2.0,0.0::-1265.0,0.0
-1265.0
2.0,0.0;4.0,3.0::975.0,0.0
975.0
4.0,3.0;2.0,0.0::-2015.0,0.0
-2015.0
2.0,0.0;4.0,4.0::-2525.0,0.0
-2525.0
4.0,4.0;2.0,0.0::-515.0,0.0
-515.0
2.0,1.0;2.0,1.0::-2000.0,0.0
-2000.0
2.0,1.0;2.0,1.0::-2000.0,0.0
-2000.0
2.0,1.0;2.0,2.0::-2000.0,0.0
-2000.0
2.0,2.0;2.0,1.0::-2000.0,0.0
-2000.0
2.0,1.0;2.0,3.0::-250.0,0.0
-250.0
2.0,3.0;2.0,1.0::-2750.0,0.0
-2750.0
2.0,1.0;2.0,4.0::-3750.0,0.0
-3750.0
2.0,4.0;2.0,1.0::-1250.0,0.0
-1250.0
2.0,1.0;3.0,0.0::-2500.0,0.0
-2500.0
3.0,0.0;2.0,1.0::-500.0,0.0
-500.0
2.0,1.0;3.0,1.0::-750.0,0.0
-750.0
3.0,1.0;2.0,1.0::-1250.0,0.0
-1250.0
2.0,1.0;3.0,2.0::-750.0,0.0
-750.0
3.0,2.0;2.0,1.0::-1250.0,0.0
-1250.0
2.0,1.0;3.0,3.0::1000.0,0.0
1000.0
3.0,3.0;2.0,1.0::-2000.0,0.0
-2000.0
2.0,1.0;3.0,4.0::-2500.0,0.0
-2500.0
3.0,4.0;2.0,1.0::-500.0,0.0
-500.0
2.0,1.0;4.0,0.0::-2525.0,0.0
-2525.0
4.0,0.0;2.0,1.0::-515.0,0.0
-515.0
2.0,1.0;4.0,1.0::-775.0,0.0
-775.0
4.0,1.0;2.0,1.0::-1265.0,0.0
-1265.0
2.0,1.0;4.0,2.0::-775.0,0.0
-775.0
4.0,2.0;2.0,1.0::-1265.0,0.0
-1265.0
2.0,1.0;4.0,3.0::975.0,0.0
975.0
4.0,3.0;2.0,1.0::-2015.0,0.0
-2015.0
2.0,1.0;4.0,4.0::-2525.0,0.0
-2525.0
4.0,4.0;2.0,1.0::-515.0,0.0
-515.0
2.0,2.0;2.0,2.0::-2000.0,0.0
-2000.0
2.0,2.0;2.0,2.0::-2000.0,0.0
-2000.0
2.0,2.0;2.0,3.0::-250.0,0.0
-250.0
2.0,3.0;2.0,2.0::-2750.0,0.0
-2750.0
2.0,2.0;2.0,4.0::-3750.0,0.0
-3750.0
2.0,4.0;2.0,2.0::-1250.0,0.0
-1250.0
2.0,2.0;3.0,0.0::-3000.0,0.0
-3000.0
3.0,0.0;2.0,2.0::-3000.0,0.0
-3000.0
2.0,2.0;3.0,1.0::-1250.0,0.0
-1250.0
3.0,1.0;2.0,2.0::-3750.0,0.0
-3750.0
2.0,2.0;3.0,2.0::-1250.0,0.0
-1250.0
3.0,2.0;2.0,2.0::-3750.0,0.0
-3750.0
2.0,2.0;3.0,3.0::500.0,0.0
500.0
3.0,3.0;2.0,2.0::-4500.0,0.0
-4500.0
2.0,2.0;3.0,4.0::-3000.0,0.0
-3000.0
3.0,4.0;2.0,2.0::-3000.0,0.0
-3000.0
2.0,2.0;4.0,0.0::-4500.0,0.0
-4500.0
4.0,0.0;2.0,2.0::500.0,0.0
500.0
2.0,2.0;4.0,1.0::-2750.0,0.0
-2750.0
4.0,1.0;2.0,2.0::-250.0,0.0
-250.0
2.0,2.0;4.0,2.0::-2750.0,0.0
-2750.0
4.0,2.0;2.0,2.0::-250.0,0.0
-250.0
2.0,2.0;4.0,3.0::-1000.0,0.0
-1000.0
4.0,3.0;2.0,2.0::-1000.0,0.0
-1000.0
2.0,2.0;4.0,4.0::-4500.0,0.0
-4500.0
4.0,4.0;2.0,2.0::500.0,0.0
500.0
2.0,3.0;2.0,3.0::-1000.0,0.0
-1000.0
2.0,3.0;2.0,3.0::-1000.0,0.0
-1000.0
2.0,3.0;2.0,4.0::-4500.0,0.0
-4500.0
2.0,4.0;2.0,3.0::500.0,0.0
500.0
2.0,3.0;3.0,0.0::-2500.0,0.0
-2500.0
3.0,0.0;2.0,3.0::-500.0,0.0
-500.0
2.0,3.0;3.0,1.0::-750.0,0.0
-750.0
3.0,1.0;2.0,3.0::-1250.0,0.0
-1250.0
2.0,3.0;3.0,2.0::-750.0,0.0
-750.0
3.0,2.0;2.0,3.0::-1250.0,0.0
-1250.0
2.0,3.0;3.0,3.0::1000.0,0.0
1000.0
3.0,3.0;2.0,3.0::-2000.0,0.0
-2000.0
2.0,3.0;3.0,4.0::-2500.0,0.0
-2500.0
3.0,4.0;2.0,3.0::-500.0,0.0
-500.0
2.0,3.0;4.0,0.0::-4500.0,0.0
-4500.0
4.0,0.0;2.0,3.0::500.0,0.0
500.0
2.0,3.0;4.0,1.0::-2750.0,0.0
-2750.0
4.0,1.0;2.0,3.0::-250.0,0.0
-250.0
2.0,3.0;4.0,2.0::-2750.0,0.0
-2750.0
4.0,2.0;2.0,3.0::-250.0,0.0
-250.0
2.0,3.0;4.0,3.0::-1000.0,0.0
-1000.0
4.0,3.0;2.0,3.0::-1000.0,0.0
-1000.0
2.0,3.0;4.0,4.0::-4500.0,0.0
-4500.0
4.0,4.0;2.0,3.0::500.0,0.0
500.0
2.0,4.0;2.0,4.0::-3000.0,0.0
-3000.0
2.0,4.0;2.0,4.0::-3000.0,0.0
-3000.0
2.0,4.0;3.0,0.0::-2512.5,0.0
-2512.5
3.0,0.0;2.0,4.0::-507.5,0.0
-507.5
2.0,4.0;3.0,1.0::-762.5,0.0
-762.5
3.0,1.0;2.0,4.0::-1257.5,0.0
-1257.5
2.0,4.0;3.0,2.0::-762.5,0.0
-762.5
3.0,2.0;2.0,4.0::-1257.5,0.0
-1257.5
2.0,4.0;3.0,3.0::987.5,0.0
987.5
3.0,3.0;2.0,4.0::-2007.5,0.0
-2007.5
2.0,4.0;3.0,4.0::-2512.5,0.0
-2512.5
3.0,4.0;2.0,4.0::-507.5,0.0
-507.5
2.0,4.0;4.0,0.0::-4502.5,0.0
-4502.5
4.0,0.0;2.0,4.0::487.5,0.0
487.5
2.0,4.0;4.0,1.0::-2752.5,0.0
-2752.5
4.0,1.0;2.0,4.0::-262.5,0.0
-262.5
2.0,4.0;4.0,2.0::-2752.5,0.0
-2752.5
4.0,2.0;2.0,4.0::-262.5,0.0
-262.5
2.0,4.0;4.0,3.0::-1002.5,0.0
-1002.5
4.0,3.0;2.0,4.0::-1012.5,0.0
-1012.5
2.0,4.0;4.0,4.0::-4502.5,0.0
-4502.5
4.0,4.0;2.0,4.0::487.5,0.0
487.5
3.0,0.0;3.0,0.0::-3000.0,0.0
-3000.0
3.0,0.0;3.0,0.0::-3000.0,0.0
-3000.0
3.0,0.0;3.0,1.0::-500.0,0.0
-500.0
3.0,1.0;3.0,0.0::-2500.0,0.0
-2500.0
3.0,0.0;3.0,2.0::-3000.0,0.0
-3000.0
3.0,2.0;3.0,0.0::-3000.0,0.0
-3000.0
3.0,0.0;3.0,3.0::-500.0,0.0
-500.0
3.0,3.0;3.0,0.0::-2500.0,0.0
-2500.0
3.0,0.0;3.0,4.0::-507.5,0.0
-507.5
3.0,4.0;3.0,0.0::-2512.5,0.0
-2512.5
3.0,0.0;4.0,0.0::-2525.0,0.0
-2525.0
4.0,0.0;3.0,0.0::-515.0,0.0
-515.0
3.0,0.0;4.0,1.0::-25.0,0.0
-25.0
4.0,1.0;3.0,0.0::-15.0,0.0
-15.0
3.0,0.0;4.0,2.0::-2525.0,0.0
-2525.0
4.0,2.0;3.0,0.0::-515.0,0.0
-515.0
3.0,0.0;4.0,3.0::-25.0,0.0
-25.0
4.0,3.0;3.0,0.0::-15.0,0.0
-15.0
3.0,0.0;4.0,4.0::-32.5,0.0
-32.5
4.0,4.0;3.0,0.0::-27.5,0.0
-27.5
3.0,1.0;3.0,1.0::0.0,0.0
0.0
3.0,1.0;3.0,1.0::0.0,0.0
0.0
3.0,1.0;3.0,2.0::-2500.0,0.0
-2500.0
3.0,2.0;3.0,1.0::-500.0,0.0
-500.0
3.0,1.0;3.0,3.0::0.0,0.0
0.0
3.0,3.0;3.0,1.0::0.0,0.0
0.0
3.0,1.0;3.0,4.0::-7.5,0.0
-7.5
3.0,4.0;3.0,1.0::-12.5,0.0
-12.5
3.0,1.0;4.0,0.0::-2525.0,0.0
-2525.0
4.0,0.0;3.0,1.0::-515.0,0.0
-515.0
3.0,1.0;4.0,1.0::-25.0,0.0
-25.0
4.0,1.0;3.0,1.0::-15.0,0.0
-15.0
3.0,1.0;4.0,2.0::-2525.0,0.0
-2525.0
4.0,2.0;3.0,1.0::-515.0,0.0
-515.0
3.0,1.0;4.0,3.0::-25.0,0.0
-25.0
4.0,3.0;3.0,1.0::-15.0,0.0
-15.0
3.0,1.0;4.0,4.0::-32.5,0.0
-32.5
4.0,4.0;3.0,1.0::-27.5,0.0
-27.5
3.0,2.0;3.0,2.0::-3000.0,0.0
-3000.0
3.0,2.0;3.0,2.0::-3000.0,0.0
-3000.0
3.0,2.0;3.0,3.0::-500.0,0.0
-500.0
3.0,3.0;3.0,2.0::-2500.0,0.0
-2500.0
3.0,2.0;3.0,4.0::-507.5,0.0
-507.5
3.0,4.0;3.0,2.0::-2512.5,0.0
-2512.5
3.0,2.0;4.0,0.0::-4500.0,0.0
-4500.0
4.0,0.0;3.0,2.0::500.0,0.0
500.0
3.0,2.0;4.0,1.0::-2000.0,0.0
-2000.0
4.0,1.0;3.0,2.0::1000.0,0.0
1000.0
3.0,2.0;4.0,2.0::-4500.0,0.0
-4500.0
4.0,2.0;3.0,2.0::500.0,0.0
500.0
3.0,2.0;4.0,3.0::-2000.0,0.0
-2000.0
4.0,3.0;3.0,2.0::1000.0,0.0
1000.0
3.0,2.0;4.0,4.0::-2007.5,0.0
-2007.5
4.0,4.0;3.0,2.0::987.5,0.0
987.5
3.0,3.0;3.0,3.0::0.0,0.0
0.0
3.0,3.0;3.0,3.0::0.0,0.0
0.0
3.0,3.0;3.0,4.0::-7.5,0.0
-7.5
3.0,4.0;3.0,3.0::-12.5,0.0
-12.5
3.0,3.0;4.0,0.0::-4500.0,0.0
-4500.0
4.0,0.0;3.0,3.0::500.0,0.0
500.0
3.0,3.0;4.0,1.0::-2000.0,0.0
-2000.0
4.0,1.0;3.0,3.0::1000.0,0.0
1000.0
3.0,3.0;4.0,2.0::-4500.0,0.0
-4500.0
4.0,2.0;3.0,3.0::500.0,0.0
500.0
3.0,3.0;4.0,3.0::-2000.0,0.0
-2000.0
4.0,3.0;3.0,3.0::1000.0,0.0
1000.0
3.0,3.0;4.0,4.0::-2007.5,0.0
-2007.5
4.0,4.0;3.0,3.0::987.5,0.0
987.5
3.0,4.0;3.0,4.0::-20.0,0.0
-20.0
3.0,4.0;3.0,4.0::-20.0,0.0
-20.0
3.0,4.0;4.0,0.0::-4502.5,0.0
-4502.5
4.0,0.0;3.0,4.0::487.5,0.0
487.5
3.0,4.0;4.0,1.0::-2002.5,0.0
-2002.5
4.0,1.0;3.0,4.0::987.5,0.0
987.5
3.0,4.0;4.0,2.0::-4502.5,0.0
-4502.5
4.0,2.0;3.0,4.0::487.5,0.0
487.5
3.0,4.0;4.0,3.0::-2002.5,0.0
-2002.5
4.0,3.0;3.0,4.0::987.5,0.0
987.5
3.0,4.0;4.0,4.0::-2010.0,0.0
-2010.0
4.0,4.0;3.0,4.0::975.0,0.0
975.0
4.0,0.0;4.0,0.0::-40.0,0.0
-40.0
4.0,0.0;4.0,0.0::-40.0,0.0
-40.0
4.0,0.0;4.0,1.0::-40.0,0.0
-40.0
4.0,1.0;4.0,0.0::-40.0,0.0
-40.0
4.0,0.0;4.0,2.0::975.0,0.0
975.0
4.0,2.0;4.0,0.0::-2015.0,0.0
-2015.0
4.0,0.0;4.0,3.0::975.0,0.0
975.0
4.0,3.0;4.0,0.0::-2015.0,0.0
-2015.0
4.0,0.0;4.0,4.0::962.5,0.0
962.5
4.0,4.0;4.0,0.0::-2017.5,0.0
-2017.5
4.0,1.0;4.0,1.0::-40.0,0.0
-40.0
4.0,1.0;4.0,1.0::-40.0,0.0
-40.0
4.0,1.0;4.0,2.0::975.0,0.0
975.0
4.0,2.0;4.0,1.0::-2015.0,0.0
-2015.0
4.0,1.0;4.0,3.0::975.0,0.0
975.0
4.0,3.0;4.0,1.0::-2015.0,0.0
-2015.0
4.0,1.0;4.0,4.0::962.5,0.0
962.5
4.0,4.0;4.0,1.0::-2017.5,0.0
-2017.5
4.0,2.0;4.0,2.0::-1000.0,0.0
-1000.0
4.0,2.0;4.0,2.0::-1000.0,0.0
-1000.0
4.0,2.0;4.0,3.0::-1000.0,0.0
-1000.0
4.0,3.0;4.0,2.0::-1000.0,0.0
-1000.0
4.0,2.0;4.0,4.0::-1012.5,0.0
-1012.5
4.0,4.0;4.0,2.0::-1002.5,0.0
-1002.5
4.0,3.0;4.0,3.0::-1000.0,0.0
-1000.0
4.0,3.0;4.0,3.0::-1000.0,0.0
-1000.0
4.0,3.0;4.0,4.0::-1012.5,0.0
-1012.5
4.0,4.0;4.0,3.0::-1002.5,0.0
-1002.5
4.0,4.0;4.0,4.0::-1015.0,0.0
-1015.0
4.0,4.0;4.0,4.0::-1015.0,0.0
-1015.0
