1.0,1.0;1.0,1.0::-1500.0,0.0
-1500.0
1.0,1.0;1.0,1.0::-1500.0,0.0
-1500.0
1.0,1.0;1.0,2.0::-1500.0,0.0
-1500.0
1.0,2.0;1.0,1.0::-1500.0,0.0
-1500.0
1.0,1.0;1.0,3.0::-750.0,0.0
-750.0
1.0,3.0;1.0,1.0::-750.0,0.0
-750.0
1.0,1.0;1.0,4.0::-757.5,0.0
-757.5
1.0,4.0;1.0,1.0::-757.5,0.0
-757.5
1.0,1.0;2.0,0.0::-2250.0,0.0
-2250.0
2.0,0.0;1.0,1.0::-2250.0,0.0
-2250.0
1.0,1.0;2.0,1.0::-1500.0,0.0
-1500.0
2.0,1.0;1.0,1.0::-1500.0,0.0
-1500.0
1.0,1.0;2.0,2.0::-1500.0,0.0
-1500.0
2.0,2.0;1.0,1.0::-1500.0,0.0
-1500.0
1.0,1.0;2.0,3.0::-750.0,0.0
-750.0
2.0,3.0;1.0,1.0::-750.0,0.0
-750.0
1.0,1.0;2.0,4.0::-757.5,0.0
-757.5
2.0,4.0;1.0,1.0::-757.5,0.0
-757.5
1.0,1.0;3.0,0.0::-1500.0,0.0
-1500.0
3.0,0.0;1.0,1.0::-1500.0,0.0
-1500.0
1.0,1.0;3.0,1.0::-750.0,0.0
-750.0
3.0,1.0;1.0,1.0::-750.0,0.0
-750.0
1.0,1.0;3.0,2.0::-750.0,0.0
-750.0
3.0,2.0;1.0,1.0::-750.0,0.0
-750.0
1.0,1.0;3.0,3.0::0.0,0.0
0.0
3.0,3.0;1.0,1.0::0.0,0.0
0.0
1.0,1.0;3.0,4.0::-7.5,0.0
-7.5
3.0,4.0;1.0,1.0::-7.5,0.0
-7.5
1.0,1.0;4.0,0.0::-1575.0,0.0
-1575.0
4.0,0.0;1.0,1.0::-1575.0,0.0
-1575.0
1.0,1.0;4.0,1.0::-825.0,0.0
-825.0
4.0,1.0;1.0,1.0::-825.0,0.0
-825.0
1.0,1.0;4.0,2.0::-825.0,0.0
-825.0
4.0,2.0;1.0,1.0::-825.0,0.0
-825.0
1.0,1.0;4.0,3.0::-75.0,0.0
-75.0
4.0,3.0;1.0,1.0::-75.0,0.0
-75.0
1.0,1.0;4.0,4.0::-82.5,0.0
-82.5
4.0,4.0;1.0,1.0::-82.5,0.0
-82.5
