0.0,0.0;0.0,0.0::-2000.0,0.0
-2000.0
0.0,0.0;0.0,0.0::-2000.0,0.0
-2000.0
0.0,0.0;0.0,1.0::-2000.0,0.0
-2000.0
0.0,1.0;0.0,0.0::-2000.0,0.0
-2000.0
0.0,0.0;0.0,2.0::500.0,0.0
500.0
0.0,2.0;0.0,0.0::-1500.0,0.0
-1500.0
0.0,0.0;0.0,3.0::500.0,0.0
500.0
0.0,3.0;0.0,0.0::-1500.0,0.0
-1500.0
0.0,0.0;0.0,4.0::475.0,0.0
475.0
0.0,4.0;0.0,0.0::-1505.0,0.0
-1505.0
0.0,0.0;1.0,0.0::-2000.0,0.0
-2000.0
1.0,0.0;0.0,0.0::-2000.0,0.0
-2000.0
0.0,0.0;1.0,1.0::-2000.0,0.0
-2000.0
1.0,1.0;0.0,0.0::-2000.0,0.0
-2000.0
0.0,0.0;1.0,2.0::500.0,0.0
500.0
1.0,2.0;0.0,0.0::-1500.0,0.0
-1500.0
0.0,0.0;1.0,3.0::500.0,0.0
500.0
1.0,3.0;0.0,0.0::-1500.0,0.0
-1500.0
0.0,0.0;1.0,4.0::475.0,0.0
475.0
1.0,4.0;0.0,0.0::-1505.0,0.0
-1505.0
0.0,0.0;2.0,0.0::-2000.0,0.0
-2000.0
2.0,0.0;0.0,0.0::-3000.0,0.0
-3000.0
0.0,0.0;2.0,1.0::-2000.0,0.0
-2000.0
2.0,1.0;0.0,0.0::-3000.0,0.0
-3000.0
0.0,0.0;2.0,2.0::500.0,0.0
500.0
2.0,2.0;0.0,0.0::-2500.0,0.0
-2500.0
0.0,0.0;2.0,3.0::500.0,0.0
500.0
2.0,3.0;0.0,0.0::-2500.0,0.0
-2500.0
0.0,0.0;2.0,4.0::475.0,0.0
475.0
2.0,4.0;0.0,0.0::-2505.0,0.0
-2505.0
0.0,0.0;3.0,0.0::-2000.0,0.0
-2000.0
3.0,0.0;0.0,0.0::-3000.0,0.0
-3000.0
0.0,0.0;3.0,1.0::-2000.0,0.0
-2000.0
3.0,1.0;0.0,0.0::-3000.0,0.0
-3000.0
0.0,0.0;3.0,2.0::500.0,0.0
500.0
3.0,2.0;0.0,0.0::-2500.0,0.0
-2500.0
0.0,0.0;3.0,3.0::500.0,0.0
500.0
3.0,3.0;0.0,0.0::-2500.0,0.0
-2500.0
0.0,0.0;3.0,4.0::475.0,0.0
475.0
3.0,4.0;0.0,0.0::-2505.0,0.0
-2505.0
0.0,0.0;4.0,0.0::-1502.5,0.0
-1502.5
4.0,0.0;0.0,0.0::-507.5,0.0
-507.5
0.0,0.0;4.0,1.0::-1502.5,0.0
-1502.5
4.0,1.0;0.0,0.0::-507.5,0.0
-507.5
0.0,0.0;4.0,2.0::997.5,0.0
997.5
4.0,2.0;0.0,0.0::-7.5,0.0
-7.5
0.0,0.0;4.0,3.0::997.5,0.0
997.5
4.0,3.0;0.0,0.0::-7.5,0.0
-7.5
0.0,0.0;4.0,4.0::972.5,0.0
972.5
4.0,4.0;0.0,0.0::-12.5,0.0
-12.5
