0.0,1.0;0.0,1.0::-2000.0,0.0
-2000.0
0.0,1.0;0.0,1.0::-2000.0,0.0
-2000.0
0.0,1.0;0.0,2.0::500.0,0.0
500.0
0.0,2.0;0.0,1.0::-1500.0,0.0
-1500.0
0.0,1.0;0.0,3.0::500.0,0.0
500.0
0.0,3.0;0.0,1.0::-1500.0,0.0
-1500.0
0.0,1.0;0.0,4.0::475.0,0.0
475.0
0.0,4.0;0.0,1.0::-1505.0,0.0
-1505.0
0.0,1.0;1.0,0.0::-1750.0,0.0
-1750.0
1.0,0.0;0.0,1.0::-1250.0,0.0
-1250.0
0.0,1.0;1.0,1.0::-1750.0,0.0
-1750.0
1.0,1.0;0.0,1.0::-1250.0,0.0
-1250.0
0.0,1.0;1.0,2.0::750.0,0.0
750.0
1.0,2.0;0.0,1.0::-750.0,0.0
-750.0
0.0,1.0;1.0,3.0::750.0,0.0
750.0
1.0,3.0;0.0,1.0::-750.0,0.0
-750.0
0.0,1.0;1.0,4.0::725.0,0.0
725.0
1.0,4.0;0.0,1.0::-755.0,0.0
-755.0
0.0,1.0;2.0,0.0::-1750.0,0.0
-1750.0
2.0,0.0;0.0,1.0::-1250.0,0.0
-1250.0
0.0,1.0;2.0,1.0::-1750.0,0.0
-1750.0
2.0,1.0;0.0,1.0::-1250.0,0.0
-1250.0
0.0,1.0;2.0,2.0::750.0,0.0
750.0
2.0,2.0;0.0,1.0::-750.0,0.0
-750.0
0.0,1.0;2.0,3.0::750.0,0.0
750.0
2.0,3.0;0.0,1.0::-750.0,0.0
-750.0
0.0,1.0;2.0,4.0::725.0,0.0
725.0
2.0,4.0;0.0,1.0::-755.0,0.0
-755.0
0.0,1.0;3.0,0.0::-1500.0,0.0
-1500.0
3.0,0.0;0.0,1.0::-500.0,0.0
-500.0
0.0,1.0;3.0,1.0::-1500.0,0.0
-1500.0
3.0,1.0;0.0,1.0::-500.0,0.0
-500.0
0.0,1.0;3.0,2.0::1000.0,0.0
1000.0
3.0,2.0;0.0,1.0::0.0,0.0
0.0
0.0,1.0;3.0,3.0::1000.0,0.0
1000.0
3.0,3.0;0.0,1.0::0.0,0.0
0.0
0.0,1.0;3.0,4.0::975.0,0.0
975.0
3.0,4.0;0.0,1.0::-5.0,0.0
-5.0
0.0,1.0;4.0,0.0::-1502.5,0.0
-1502.5
4.0,0.0;0.0,1.0::-507.5,0.0
-507.5
0.0,1.0;4.0,1.0::-1502.5,0.0
-1502.5
4.0,1.0;0.0,1.0::-507.5,0.0
-507.5
0.0,1.0;4.0,2.0::997.5,0.0
997.5
4.0,2.0;0.0,1.0::-7.5,0.0
-7.5
0.0,1.0;4.0,3.0::997.5,0.0
997.5
4.0,3.0;0.0,1.0::-7.5,0.0
-7.5
0.0,1.0;4.0,4.0::972.5,0.0
972.5
4.0,4.0;0.0,1.0::-12.5,0.0
-12.5
