2.0,1.0;2.0,1.0::-1000.0,0.0
-1000.0
2.0,1.0;2.0,1.0::-1000.0,0.0
-1000.0
2.0,1.0;2.0,2.0::-1000.0,0.0
-1000.0
2.0,2.0;2.0,1.0::-1000.0,0.0
-1000.0
2.0,1.0;2.0,3.0::750.0,0.0
750.0
2.0,3.0;2.0,1.0::-750.0,0.0
-750.0
2.0,1.0;2.0,4.0::750.0,0.0
750.0
2.0,4.0;2.0,1.0::-750.0,0.0
-750.0
2.0,1.0;3.0,0.0::-2500.0,0.0
-2500.0
3.0,0.0;2.0,1.0::-500.0,0.0
-500.0
2.0,1.0;3.0,1.0::-750.0,0.0
-750.0
3.0,1.0;2.0,1.0::-250.0,0.0
-250.0
2.0,1.0;3.0,2.0::-750.0,0.0
-750.0
3.0,2.0;2.0,1.0::-250.0,0.0
-250.0
2.0,1.0;3.0,3.0::1000.0,0.0
1000.0
3.0,3.0;2.0,1.0::0.0,0.0
0.0
2.0,1.0;3.0,4.0::1000.0,0.0
1000.0
3.0,4.0;2.0,1.0::0.0,0.0
0.0
2.0,1.0;4.0,0.0::-2502.5,0.0
-2502.5
4.0,0.0;2.0,1.0::-507.5,0.0
-507.5
2.0,1.0;4.0,1.0::-752.5,0.0
-752.5
4.0,1.0;2.0,1.0::-257.5,0.0
-257.5
2.0,1.0;4.0,2.0::-752.5,0.0
-752.5
4.0,2.0;2.0,1.0::-257.5,0.0
-257.5
2.0,1.0;4.0,3.0::997.5,0.0
997.5
4.0,3.0;2.0,1.0::-7.5,0.0
-7.5
2.0,1.0;4.0,4.0::997.5,0.0
997.5
4.0,4.0;2.0,1.0::-7.5,0.0
-7.5
