0.0,4.0;0.0,4.0::970.0,0.0
970.0
0.0,4.0;0.0,4.0::970.0,0.0
970.0
0.0,4.0;1.0,0.0::-1505.0,0.0
-1505.0
1.0,0.0;0.0,4.0::-515.0,0.0
-515.0
0.0,4.0;1.0,1.0::-1505.0,0.0
-1505.0
1.0,1.0;0.0,4.0::-515.0,0.0
-515.0
0.0,4.0;1.0,2.0::995.0,0.0
995.0
1.0,2.0;0.0,4.0::-15.0,0.0
-15.0
0.0,4.0;1.0,3.0::995.0,0.0
995.0
1.0,3.0;0.0,4.0::-15.0,0.0
-15.0
0.0,4.0;1.0,4.0::970.0,0.0
970.0
1.0,4.0;0.0,4.0::-20.0,0.0
-20.0
0.0,4.0;2.0,0.0::-1500.0,0.0
-1500.0
2.0,0.0;0.0,4.0::500.0,0.0
500.0
0.0,4.0;2.0,1.0::-1500.0,0.0
-1500.0
2.0,1.0;0.0,4.0::500.0,0.0
500.0
0.0,4.0;2.0,2.0::1000.0,0.0
1000.0
2.0,2.0;0.0,4.0::1000.0,0.0
1000.0
0.0,4.0;2.0,3.0::1000.0,0.0
1000.0
2.0,3.0;0.0,4.0::1000.0,0.0
1000.0
0.0,4.0;2.0,4.0::975.0,0.0
975.0
2.0,4.0;0.0,4.0::995.0,0.0
995.0
0.0,4.0;3.0,0.0::-1505.0,0.0
-1505.0
3.0,0.0;0.0,4.0::-515.0,0.0
-515.0
0.0,4.0;3.0,1.0::-1505.0,0.0
-1505.0
3.0,1.0;0.0,4.0::-515.0,0.0
-515.0
0.0,4.0;3.0,2.0::995.0,0.0
995.0
3.0,2.0;0.0,4.0::-15.0,0.0
-15.0
0.0,4.0;3.0,3.0::995.0,0.0
995.0
3.0,3.0;0.0,4.0::-15.0,0.0
-15.0
0.0,4.0;3.0,4.0::970.0,0.0
970.0
3.0,4.0;0.0,4.0::-20.0,0.0
-20.0
0.0,4.0;4.0,0.0::-1502.5,0.0
-1502.5
4.0,0.0;0.0,4.0::-507.5,0.0
-507.5
0.0,4.0;4.0,1.0::-1502.5,0.0
-1502.5
4.0,1.0;0.0,4.0::-507.5,0.0
-507.5
0.0,4.0;4.0,2.0::997.5,0.0
997.5
4.0,2.0;0.0,4.0::-7.5,0.0
-7.5
0.0,4.0;4.0,3.0::997.5,0.0
997.5
4.0,3.0;0.0,4.0::-7.5,0.0
-7.5
0.0,4.0;4.0,4.0::972.5,0.0
972.5
4.0,4.0;0.0,4.0::-12.5,0.0
-12.5
