1.0,0.0;1.0,0.0::-2000.0,0.0
-2000.0
1.0,0.0;1.0,0.0::-2000.0,0.0
-2000.0
1.0,0.0;1.0,1.0::-1250.0,0.0
-1250.0
1.0,1.0;1.0,0.0::-1750.0,0.0
-1750.0
1.0,0.0;1.0,2.0::-1250.0,0.0
-1250.0
1.0,2.0;1.0,0.0::-1750.0,0.0
-1750.0
1.0,0.0;1.0,3.0::-500.0,0.0
-500.0
1.0,3.0;1.0,0.0::-1500.0,0.0
-1500.0
1.0,0.0;1.0,4.0::-515.0,0.0
-515.0
1.0,4.0;1.0,0.0::-1505.0,0.0
-1505.0
1.0,0.0;2.0,0.0::-2000.0,0.0
-2000.0
2.0,0.0;1.0,0.0::-3000.0,0.0
-3000.0
1.0,0.0;2.0,1.0::-1250.0,0.0
-1250.0
2.0,1.0;1.0,0.0::-2750.0,0.0
-2750.0
1.0,0.0;2.0,2.0::-1250.0,0.0
-1250.0
2.0,2.0;1.0,0.0::-2750.0,0.0
-2750.0
1.0,0.0;2.0,3.0::-500.0,0.0
-500.0
2.0,3.0;1.0,0.0::-2500.0,0.0
-2500.0
1.0,0.0;2.0,4.0::-515.0,0.0
-515.0
2.0,4.0;1.0,0.0::-2505.0,0.0
-2505.0
1.0,0.0;3.0,0.0::-2000.0,0.0
-2000.0
3.0,0.0;1.0,0.0::-3000.0,0.0
-3000.0
1.0,0.0;3.0,1.0::-1250.0,0.0
-1250.0
3.0,1.0;1.0,0.0::-2750.0,0.0
-2750.0
1.0,0.0;3.0,2.0::-1250.0,0.0
-1250.0
3.0,2.0;1.0,0.0::-2750.0,0.0
-2750.0
1.0,0.0;3.0,3.0::-500.0,0.0
-500.0
3.0,3.0;1.0,0.0::-2500.0,0.0
-2500.0
1.0,0.0;3.0,4.0::-515.0,0.0
-515.0
3.0,4.0;1.0,0.0::-2505.0,0.0
-2505.0
1.0,0.0;4.0,0.0::-1502.5,0.0
-1502.5
4.0,0.0;1.0,0.0::-507.5,0.0
-507.5
1.0,0.0;4.0,1.0::-752.5,0.0
-752.5
4.0,1.0;1.0,0.0::-257.5,0.0
-257.5
1.0,0.0;4.0,2.0::-752.5,0.0
-752.5
4.0,2.0;1.0,0.0::-257.5,0.0
-257.5
1.0,0.0;4.0,3.0::-2.5,0.0
-2.5
4.0,3.0;1.0,0.0::-7.5,0.0
-7.5
1.0,0.0;4.0,4.0::-17.5,0.0
-17.5
4.0,4.0;1.0,0.0::-12.5,0.0
-12.5
