1.0,1.0;1.0,1.0::-1000.0,0.0
-1000.0
1.0,1.0;1.0,1.0::-1000.0,0.0
-1000.0
1.0,1.0;1.0,2.0::-1000.0,0.0
-1000.0
1.0,2.0;1.0,1.0::-1000.0,0.0
-1000.0
1.0,1.0;1.0,3.0::-250.0,0.0
-250.0
1.0,3.0;1.0,1.0::-750.0,0.0
-750.0
1.0,1.0;1.0,4.0::-265.0,0.0
-265.0
1.0,4.0;1.0,1.0::-755.0,0.0
-755.0
1.0,1.0;2.0,0.0::-1750.0,0.0
-1750.0
2.0,0.0;1.0,1.0::-1250.0,0.0
-1250.0
1.0,1.0;2.0,1.0::-1000.0,0.0
-1000.0
2.0,1.0;1.0,1.0::-1000.0,0.0
-1000.0
1.0,1.0;2.0,2.0::-1000.0,0.0
-1000.0
2.0,2.0;1.0,1.0::-1000.0,0.0
-1000.0
1.0,1.0;2.0,3.0::-250.0,0.0
-250.0
2.0,3.0;1.0,1.0::-750.0,0.0
-750.0
1.0,1.0;2.0,4.0::-265.0,0.0
-265.0
2.0,4.0;1.0,1.0::-755.0,0.0
-755.0
1.0,1.0;3.0,0.0::-1500.0,0.0
-1500.0
3.0,0.0;1.0,1.0::-500.0,0.0
-500.0
1.0,1.0;3.0,1.0::-750.0,0.0
-750.0
3.0,1.0;1.0,1.0::-250.0,0.0
-250.0
1.0,1.0;3.0,2.0::-750.0,0.0
-750.0
3.0,2.0;1.0,1.0::-250.0,0.0
-250.0
1.0,1.0;3.0,3.0::0.0,0.0
0.0
3.0,3.0;1.0,1.0::0.0,0.0
0.0
1.0,1.0;3.0,4.0::-15.0,0.0
-15.0
3.0,4.0;1.0,1.0::-5.0,0.0
-5.0
1.0,1.0;4.0,0.0::-1502.5,0.0
-1502.5
4.0,0.0;1.0,1.0::-507.5,0.0
-507.5
1.0,1.0;4.0,1.0::-752.5,0.0
-752.5
4.0,1.0;1.0,1.0::-257.5,0.0
-257.5
1.0,1.0;4.0,2.0::-752.5,0.0
-752.5
4.0,2.0;1.0,1.0::-257.5,0.0
-257.5
1.0,1.0;4.0,3.0::-2.5,0.0
-2.5
4.0,3.0;1.0,1.0::-7.5,0.0
-7.5
1.0,1.0;4.0,4.0::-17.5,0.0
-17.5
4.0,4.0;1.0,1.0::-12.5,0.0
-12.5
