1.0,4.0;1.0,4.0::-20.0,0.0
-20.0
1.0,4.0;1.0,4.0::-20.0,0.0
-20.0
1.0,4.0;2.0,0.0::-1500.0,0.0
-1500.0
2.0,0.0;1.0,4.0::500.0,0.0
500.0
1.0,4.0;2.0,1.0::-750.0,0.0
-750.0
2.0,1.0;1.0,4.0::750.0,0.0
750.0
1.0,4.0;2.0,2.0::-750.0,0.0
-750.0
2.0,2.0;1.0,4.0::750.0,0.0
750.0
1.0,4.0;2.0,3.0::0.0,0.0
0.0
2.0,3.0;1.0,4.0::1000.0,0.0
1000.0
1.0,4.0;2.0,4.0::-15.0,0.0
-15.0
2.0,4.0;1.0,4.0::995.0,0.0
995.0
1.0,4.0;3.0,0.0::-1505.0,0.0
-1505.0
3.0,0.0;1.0,4.0::-515.0,0.0
-515.0
1.0,4.0;3.0,1.0::-755.0,0.0
-755.0
3.0,1.0;1.0,4.0::-265.0,0.0
-265.0
1.0,4.0;3.0,2.0::-755.0,0.0
-755.0
3.0,2.0;1.0,4.0::-265.0,0.0
-265.0
1.0,4.0;3.0,3.0::-5.0,0.0
-5.0
3.0,3.0;1.0,4.0::-15.0,0.0
-15.0
1.0,4.0;3.0,4.0::-20.0,0.0
-20.0
3.0,4.0;1.0,4.0::-20.0,0.0
-20.0
1.0,4.0;4.0,0.0::-1502.5,0.0
-1502.5
4.0,0.0;1.0,4.0::-507.5,0.0
-507.5
1.0,4.0;4.0,1.0::-752.5,0.0
-752.5
4.0,1.0;1.0,4.0::-257.5,0.0
-257.5
1.0,4.0;4.0,2.0::-752.5,0.0
-752.5
4.0,2.0;1.0,4.0::-257.5,0.0
-257.5
1.0,4.0;4.0,3.0::-2.5,0.0
-2.5
4.0,3.0;1.0,4.0::-7.5,0.0
-7.5
1.0,4.0;4.0,4.0::-17.5,0.0
-17.5
4.0,4.0;1.0,4.0::-12.5,0.0
-12.5
