2.0,4.0;2.0,4.0::0.0,0.0
0.0
2.0,4.0;2.0,4.0::0.0,0.0
0.0
2.0,4.0;3.0,0.0::-2515.0,0.0
-2515.0
3.0,0.0;2.0,4.0::-2007.5,0.0
-2007.5
2.0,4.0;3.0,1.0::-765.0,0.0
-765.0
3.0,1.0;2.0,4.0::-1507.5,0.0
-1507.5
2.0,4.0;3.0,2.0::-765.0,0.0
-765.0
3.0,2.0;2.0,4.0::-1507.5,0.0
-1507.5
2.0,4.0;3.0,3.0::985.0,0.0
985.0
3.0,3.0;2.0,4.0::-1007.5,0.0
-1007.5
2.0,4.0;3.0,4.0::985.0,0.0
985.0
3.0,4.0;2.0,4.0::-1007.5,0.0
-1007.5
2.0,4.0;4.0,0.0::-3510.0,0.0
-3510.0
4.0,0.0;2.0,4.0::-1012.5,0.0
-1012.5
2.0,4.0;4.0,1.0::-1760.0,0.0
-1760.0
4.0,1.0;2.0,4.0::-512.5,0.0
-512.5
2.0,4.0;4.0,2.0::-1760.0,0.0
-1760.0
4.0,2.0;2.0,4.0::-512.5,0.0
-512.5
2.0,4.0;4.0,3.0::-10.0,0.0
-10.0
4.0,3.0;2.0,4.0::-12.5,0.0
-12.5
2.0,4.0;4.0,4.0::-10.0,0.0
-10.0
4.0,4.0;2.0,4.0::-12.5,0.0
-12.5
