3.0,0.0;3.0,0.0::-4500.0,0.0
-4500.0
3.0,0.0;3.0,0.0::-4500.0,0.0
-4500.0
3.0,0.0;3.0,1.0::-2000.0,0.0
-2000.0
3.0,1.0;3.0,0.0::-2500.0,0.0
-2500.0
3.0,0.0;3.0,2.0::-4500.0,0.0
-4500.0
3.0,2.0;3.0,0.0::-4500.0,0.0
-4500.0
3.0,0.0;3.0,3.0::-2000.0,0.0
-2000.0
3.0,3.0;3.0,0.0::-2500.0,0.0
-2500.0
3.0,0.0;3.0,4.0::-2007.5,0.0
-2007.5
3.0,4.0;3.0,0.0::-2515.0,0.0
-2515.0
3.0,0.0;4.0,0.0::-2530.0,0.0
-2530.0
4.0,0.0;3.0,0.0::-2015.0,0.0
-2015.0
3.0,0.0;4.0,1.0::-30.0,0.0
-30.0
4.0,1.0;3.0,0.0::-15.0,0.0
-15.0
3.0,0.0;4.0,2.0::-2530.0,0.0
-2530.0
4.0,2.0;3.0,0.0::-2015.0,0.0
-2015.0
3.0,0.0;4.0,3.0::-30.0,0.0
-30.0
4.0,3.0;3.0,0.0::-15.0,0.0
-15.0
3.0,0.0;4.0,4.0::-37.5,0.0
-37.5
4.0,4.0;3.0,0.0::-30.0,0.0
-30.0
