3.0,2.0;3.0,2.0::-4500.0,0.0
-4500.0
3.0,2.0;3.0,2.0::-4500.0,0.0
-4500.0
3.0,2.0;3.0,3.0::-2000.0,0.0
-2000.0
3.0,3.0;3.0,2.0::-2500.0,0.0
-2500.0
3.0,2.0;3.0,4.0::-2007.5,0.0
-2007.5
3.0,4.0;3.0,2.0::-2515.0,0.0
-2515.0
3.0,2.0;4.0,0.0::-3500.0,0.0
-3500.0
4.0,0.0;3.0,2.0::-1000.0,0.0
-1000.0
3.0,2.0;4.0,1.0::-1000.0,0.0
-1000.0
4.0,1.0;3.0,2.0::1000.0,0.0
1000.0
3.0,2.0;4.0,2.0::-3500.0,0.0
-3500.0
4.0,2.0;3.0,2.0::-1000.0,0.0
-1000.0
3.0,2.0;4.0,3.0::-1000.0,0.0
-1000.0
4.0,3.0;3.0,2.0::1000.0,0.0
1000.0
3.0,2.0;4.0,4.0::-1007.5,0.0
-1007.5
4.0,4.0;3.0,2.0::985.0,0.0
985.0
