0.0,4.0;0.0,4.0::-22.5,0.0
-22.5
0.0,4.0;0.0,4.0::-22.5,0.0
-22.5
0.0,4.0;1.0,0.0::-1515.0,0.0
-1515.0
1.0,0.0;0.0,4.0::-3007.5,0.0
-3007.5
0.0,4.0;1.0,1.0::-1515.0,0.0
-1515.0
1.0,1.0;0.0,4.0::-3007.5,0.0
-3007.5
0.0,4.0;1.0,2.0::985.0,0.0
985.0
1.0,2.0;0.0,4.0::-1007.5,0.0
-1007.5
0.0,4.0;1.0,3.0::985.0,0.0
985.0
1.0,3.0;0.0,4.0::-1007.5,0.0
-1007.5
0.0,4.0;1.0,4.0::972.5,0.0
972.5
1.0,4.0;0.0,4.0::-1017.5,0.0
-1017.5
0.0,4.0;2.0,0.0::-2500.0,0.0
-2500.0
2.0,0.0;0.0,4.0::-2000.0,0.0
-2000.0
0.0,4.0;2.0,1.0::-2500.0,0.0
-2500.0
2.0,1.0;0.0,4.0::-2000.0,0.0
-2000.0
0.0,4.0;2.0,2.0::0.0,0.0
0.0
2.0,2.0;0.0,4.0::0.0,0.0
0.0
0.0,4.0;2.0,3.0::0.0,0.0
0.0
2.0,3.0;0.0,4.0::0.0,0.0
0.0
0.0,4.0;2.0,4.0::-12.5,0.0
-12.5
2.0,4.0;0.0,4.0::-10.0,0.0
-10.0
0.0,4.0;3.0,0.0::-1515.0,0.0
-1515.0
3.0,0.0;0.0,4.0::-3007.5,0.0
-3007.5
0.0,4.0;3.0,1.0::-1515.0,0.0
-1515.0
3.0,1.0;0.0,4.0::-3007.5,0.0
-3007.5
0.0,4.0;3.0,2.0::985.0,0.0
985.0
3.0,2.0;0.0,4.0::-1007.5,0.0
-1007.5
0.0,4.0;3.0,3.0::985.0,0.0
985.0
3.0,3.0;0.0,4.0::-1007.5,0.0
-1007.5
0.0,4.0;3.0,4.0::972.5,0.0
972.5
3.0,4.0;0.0,4.0::-1017.5,0.0
-1017.5
0.0,4.0;4.0,0.0::-2510.0,0.0
-2510.0
4.0,0.0;0.0,4.0::-2012.5,0.0
-2012.5
0.0,4.0;4.0,1.0::-2510.0,0.0
-2510.0
4.0,1.0;0.0,4.0::-2012.5,0.0
-2012.5
0.0,4.0;4.0,2.0::-10.0,0.0
-10.0
4.0,2.0;0.0,4.0::-12.5,0.0
-12.5
0.0,4.0;4.0,3.0::-10.0,0.0
-10.0
4.0,3.0;0.0,4.0::-12.5,0.0
-12.5
0.0,4.0;4.0,4.0::-22.5,0.0
-22.5
4.0,4.0;0.0,4.0::-22.5,0.0
-22.5
