1.0,0.0;1.0,0.0::-4500.0,0.0
-4500.0
1.0,0.0;1.0,0.0::-4500.0,0.0
-4500.0
1.0,0.0;1.0,1.0::-3750.0,0.0
-3750.0
1.0,1.0;1.0,0.0::-3000.0,0.0
-3000.0
1.0,0.0;1.0,2.0::-3750.0,0.0
-3750.0
1.0,2.0;1.0,0.0::-3000.0,0.0
-3000.0
1.0,0.0;1.0,3.0::-3000.0,0.0
-3000.0
1.0,3.0;1.0,0.0::-1500.0,0.0
-1500.0
1.0,0.0;1.0,4.0::-3007.5,0.0
-3007.5
1.0,4.0;1.0,0.0::-1515.0,0.0
-1515.0
1.0,0.0;2.0,0.0::-3500.0,0.0
-3500.0
2.0,0.0;1.0,0.0::-5500.0,0.0
-5500.0
1.0,0.0;2.0,1.0::-2750.0,0.0
-2750.0
2.0,1.0;1.0,0.0::-4000.0,0.0
-4000.0
1.0,0.0;2.0,2.0::-2750.0,0.0
-2750.0
2.0,2.0;1.0,0.0::-4000.0,0.0
-4000.0
1.0,0.0;2.0,3.0::-2000.0,0.0
-2000.0
2.0,3.0;1.0,0.0::-2500.0,0.0
-2500.0
1.0,0.0;2.0,4.0::-2007.5,0.0
-2007.5
2.0,4.0;1.0,0.0::-2515.0,0.0
-2515.0
1.0,0.0;3.0,0.0::-3500.0,0.0
-3500.0
3.0,0.0;1.0,0.0::-5500.0,0.0
-5500.0
1.0,0.0;3.0,1.0::-2750.0,0.0
-2750.0
3.0,1.0;1.0,0.0::-4000.0,0.0
-4000.0
1.0,0.0;3.0,2.0::-2750.0,0.0
-2750.0
3.0,2.0;1.0,0.0::-4000.0,0.0
-4000.0
1.0,0.0;3.0,3.0::-2000.0,0.0
-2000.0
3.0,3.0;1.0,0.0::-2500.0,0.0
-2500.0
1.0,0.0;3.0,4.0::-2007.5,0.0
-2007.5
3.0,4.0;1.0,0.0::-2515.0,0.0
-2515.0
1.0,0.0;4.0,0.0::-1530.0,0.0
-1530.0
4.0,0.0;1.0,0.0::-3015.0,0.0
-3015.0
1.0,0.0;4.0,1.0::-780.0,0.0
-780.0
4.0,1.0;1.0,0.0::-1515.0,0.0
-1515.0
1.0,0.0;4.0,2.0::-780.0,0.0
-780.0
4.0,2.0;1.0,0.0::-1515.0,0.0
-1515.0
1.0,0.0;4.0,3.0::-30.0,0.0
-30.0
4.0,3.0;1.0,0.0::-15.0,0.0
-15.0
1.0,0.0;4.0,4.0::-37.5,0.0
-37.5
4.0,4.0;1.0,0.0::-30.0,0.0
-30.0
