1.0,4.0;1.0,4.0::-22.5,0.0
-22.5
1.0,4.0;1.0,4.0::-22.5,0.0
-22.5
1.0,4.0;2.0,0.0::-2500.0,0.0
-2500.0
2.0,0.0;1.0,4.0::-2000.0,0.0
-2000.0
1.0,4.0;2.0,1.0::-1750.0,0.0
-1750.0
2.0,1.0;1.0,4.0::-500.0,0.0
-500.0
1.0,4.0;2.0,2.0::-1750.0,0.0
-1750.0
2.0,2.0;1.0,4.0::-500.0,0.0
-500.0
1.0,4.0;2.0,3.0::-1000.0,0.0
-1000.0
2.0,3.0;1.0,4.0::1000.0,0.0
1000.0
1.0,4.0;2.0,4.0::-1007.5,0.0
-1007.5
2.0,4.0;1.0,4.0::985.0,0.0
985.0
1.0,4.0;3.0,0.0::-1515.0,0.0
-1515.0
3.0,0.0;1.0,4.0::-3007.5,0.0
-3007.5
1.0,4.0;3.0,1.0::-765.0,0.0
-765.0
3.0,1.0;1.0,4.0::-1507.5,0.0
-1507.5
1.0,4.0;3.0,2.0::-765.0,0.0
-765.0
3.0,2.0;1.0,4.0::-1507.5,0.0
-1507.5
1.0,4.0;3.0,3.0::-15.0,0.0
-15.0
3.0,3.0;1.0,4.0::-7.5,0.0
-7.5
1.0,4.0;3.0,4.0::-22.5,0.0
-22.5
3.0,4.0;1.0,4.0::-22.5,0.0
-22.5
1.0,4.0;4.0,0.0::-2510.0,0.0
-2510.0
4.0,0.0;1.0,4.0::-2012.5,0.0
-2012.5
1.0,4.0;4.0,1.0::-1760.0,0.0
-1760.0
4.0,1.0;1.0,4.0::-512.5,0.0
-512.5
1.0,4.0;4.0,2.0::-1760.0,0.0
-1760.0
4.0,2.0;1.0,4.0::-512.5,0.0
-512.5
1.0,4.0;4.0,3.0::-1010.0,0.0
-1010.0
4.0,3.0;1.0,4.0::987.5,0.0
987.5
1.0,4.0;4.0,4.0::-1017.5,0.0
-1017.5
4.0,4.0;1.0,4.0::972.5,0.0
972.5
