0.0,1.0;0.0,1.0::-5000.0,0.0
-5000.0
0.0,1.0;0.0,1.0::-5000.0,0.0
-5000.0
0.0,1.0;0.0,2.0::-2500.0,0.0
-2500.0
0.0,2.0;0.0,1.0::-2500.0,0.0
-2500.0
0.0,1.0;0.0,3.0::-2500.0,0.0
-2500.0
0.0,3.0;0.0,1.0::-2500.0,0.0
-2500.0
0.0,1.0;0.0,4.0::-2525.0,0.0
-2525.0
0.0,4.0;0.0,1.0::-2525.0,0.0
-2525.0
0.0,1.0;1.0,0.0::-3250.0,0.0
-3250.0
1.0,0.0;0.0,1.0::-4250.0,0.0
-4250.0
0.0,1.0;1.0,1.0::-3250.0,0.0
-3250.0
1.0,1.0;0.0,1.0::-4250.0,0.0
-4250.0
0.0,1.0;1.0,2.0::-750.0,0.0
-750.0
1.0,2.0;0.0,1.0::-1750.0,0.0
-1750.0
0.0,1.0;1.0,3.0::-750.0,0.0
-750.0
1.0,3.0;0.0,1.0::-1750.0,0.0
-1750.0
0.0,1.0;1.0,4.0::-775.0,0.0
-775.0
1.0,4.0;0.0,1.0::-1775.0,0.0
-1775.0
0.0,1.0;2.0,0.0::-3250.0,0.0
-3250.0
2.0,0.0;0.0,1.0::-4250.0,0.0
-4250.0
0.0,1.0;2.0,1.0::-3250.0,0.0
-3250.0
2.0,1.0;0.0,1.0::-4250.0,0.0
-4250.0
0.0,1.0;2.0,2.0::-750.0,0.0
-750.0
2.0,2.0;0.0,1.0::-1750.0,0.0
-1750.0
0.0,1.0;2.0,3.0::-750.0,0.0
-750.0
2.0,3.0;0.0,1.0::-1750.0,0.0
-1750.0
0.0,1.0;2.0,4.0::-775.0,0.0
-775.0
2.0,4.0;0.0,1.0::-1775.0,0.0
-1775.0
0.0,1.0;3.0,0.0::-1500.0,0.0
-1500.0
3.0,0.0;0.0,1.0::-3500.0,0.0
-3500.0
0.0,1.0;3.0,1.0::-1500.0,0.0
-1500.0
3.0,1.0;0.0,1.0::-3500.0,0.0
-3500.0
0.0,1.0;3.0,2.0::1000.0,0.0
1000.0
3.0,2.0;0.0,1.0::-1000.0,0.0
-1000.0
0.0,1.0;3.0,3.0::1000.0,0.0
1000.0
3.0,3.0;0.0,1.0::-1000.0,0.0
-1000.0
0.0,1.0;3.0,4.0::975.0,0.0
975.0
3.0,4.0;0.0,1.0::-1025.0,0.0
-1025.0
0.0,1.0;4.0,0.0::-1517.5,0.0
-1517.5
4.0,0.0;0.0,1.0::-3507.5,0.0
-3507.5
0.0,1.0;4.0,1.0::-1517.5,0.0
-1517.5
4.0,1.0;0.0,1.0::-3507.5,0.0
-3507.5
0.0,1.0;4.0,2.0::982.5,0.0
982.5
4.0,2.0;0.0,1.0::-1007.5,0.0
-1007.5
0.0,1.0;4.0,3.0::982.5,0.0
982.5
4.0,3.0;0.0,1.0::-1007.5,0.0
-1007.5
0.0,1.0;4.0,4.0::957.5,0.0
957.5
4.0,4.0;0.0,1.0::-1032.5,0.0
-1032.5
