2.0,0.0;2.0,0.0::-5000.0,0.0
-5000.0
2.0,0.0;2.0,0.0::-5000.0,0.0
-5000.0
2.0,0.0;2.0,1.0::-3250.0,0.0
-3250.0
2.0,1.0;2.0,0.0::-4250.0,0.0
-4250.0
2.0,0.0;2.0,2.0::-3250.0,0.0
-3250.0
2.0,2.0;2.0,0.0::-4250.0,0.0
-4250.0
2.0,0.0;2.0,3.0::-1500.0,0.0
-1500.0
2.0,3.0;2.0,0.0::-3500.0,0.0
-3500.0
2.0,0.0;2.0,4.0::-1500.0,0.0
-1500.0
2.0,4.0;2.0,0.0::-3500.0,0.0
-3500.0
2.0,0.0;3.0,0.0::-5000.0,0.0
-5000.0
3.0,0.0;2.0,0.0::-5000.0,0.0
-5000.0
2.0,0.0;3.0,1.0::-3250.0,0.0
-3250.0
3.0,1.0;2.0,0.0::-4250.0,0.0
-4250.0
2.0,0.0;3.0,2.0::-3250.0,0.0
-3250.0
3.0,2.0;2.0,0.0::-4250.0,0.0
-4250.0
2.0,0.0;3.0,3.0::-1500.0,0.0
-1500.0
3.0,3.0;2.0,0.0::-3500.0,0.0
-3500.0
2.0,0.0;3.0,4.0::-1500.0,0.0
-1500.0
3.0,4.0;2.0,0.0::-3500.0,0.0
-3500.0
2.0,0.0;4.0,0.0::-2517.5,0.0
-2517.5
4.0,0.0;2.0,0.0::-2507.5,0.0
-2507.5
2.0,0.0;4.0,1.0::-767.5,0.0
-767.5
4.0,1.0;2.0,0.0::-1757.5,0.0
-1757.5
2.0,0.0;4.0,2.0::-767.5,0.0
-767.5
4.0,2.0;2.0,0.0::-1757.5,0.0
-1757.5
2.0,0.0;4.0,3.0::982.5,0.0
982.5
4.0,3.0;2.0,0.0::-1007.5,0.0
-1007.5
2.0,0.0;4.0,4.0::982.5,0.0
982.5
4.0,4.0;2.0,0.0::-1007.5,0.0
-1007.5
