2.0,3.0;2.0,3.0::0.0,0.0
0.0
2.0,3.0;2.0,3.0::0.0,0.0
0.0
2.0,3.0;2.0,4.0::0.0,0.0
0.0
2.0,4.0;2.0,3.0::0.0,0.0
0.0
2.0,3.0;3.0,0.0::-2500.0,0.0
-2500.0
3.0,0.0;2.0,3.0::-2500.0,0.0
-2500.0
2.0,3.0;3.0,1.0::-750.0,0.0
-750.0
3.0,1.0;2.0,3.0::-1750.0,0.0
-1750.0
2.0,3.0;3.0,2.0::-750.0,0.0
-750.0
3.0,2.0;2.0,3.0::-1750.0,0.0
-1750.0
2.0,3.0;3.0,3.0::1000.0,0.0
1000.0
3.0,3.0;2.0,3.0::-1000.0,0.0
-1000.0
2.0,3.0;3.0,4.0::1000.0,0.0
1000.0
3.0,4.0;2.0,3.0::-1000.0,0.0
-1000.0
2.0,3.0;4.0,0.0::-3500.0,0.0
-3500.0
4.0,0.0;2.0,3.0::-1500.0,0.0
-1500.0
2.0,3.0;4.0,1.0::-1750.0,0.0
-1750.0
4.0,1.0;2.0,3.0::-750.0,0.0
-750.0
2.0,3.0;4.0,2.0::-1750.0,0.0
-1750.0
4.0,2.0;2.0,3.0::-750.0,0.0
-750.0
2.0,3.0;4.0,3.0::0.0,0.0
0.0
4.0,3.0;2.0,3.0::0.0,0.0
0.0
2.0,3.0;4.0,4.0::0.0,0.0
0.0
4.0,4.0;2.0,3.0::0.0,0.0
0.0
