2.0,4.0;2.0,4.0::0.0,0.0
0.0
2.0,4.0;2.0,4.0::0.0,0.0
0.0
2.0,4.0;3.0,0.0::-2535.0,0.0
-2535.0
3.0,0.0;2.0,4.0::-2515.0,0.0
-2515.0
2.0,4.0;3.0,1.0::-785.0,0.0
-785.0
3.0,1.0;2.0,4.0::-1765.0,0.0
-1765.0
2.0,4.0;3.0,2.0::-785.0,0.0
-785.0
3.0,2.0;2.0,4.0::-1765.0,0.0
-1765.0
2.0,4.0;3.0,3.0::965.0,0.0
965.0
3.0,3.0;2.0,4.0::-1015.0,0.0
-1015.0
2.0,4.0;3.0,4.0::965.0,0.0
965.0
3.0,4.0;2.0,4.0::-1015.0,0.0
-1015.0
2.0,4.0;4.0,0.0::-2517.5,0.0
-2517.5
4.0,0.0;2.0,4.0::-2507.5,0.0
-2507.5
2.0,4.0;4.0,1.0::-767.5,0.0
-767.5
4.0,1.0;2.0,4.0::-1757.5,0.0
-1757.5
2.0,4.0;4.0,2.0::-767.5,0.0
-767.5
4.0,2.0;2.0,4.0::-1757.5,0.0
-1757.5
2.0,4.0;4.0,3.0::982.5,0.0
982.5
4.0,3.0;2.0,4.0::-1007.5,0.0
-1007.5
2.0,4.0;4.0,4.0::982.5,0.0
982.5
4.0,4.0;2.0,4.0::-1007.5,0.0
-1007.5
