3.0,0.0;3.0,0.0::-5000.0,0.0
-5000.0
3.0,0.0;3.0,0.0::-5000.0,0.0
-5000.0
3.0,0.0;3.0,1.0::-2500.0,0.0
-2500.0
3.0,1.0;3.0,0.0::-2500.0,0.0
-2500.0
3.0,0.0;3.0,2.0::-5000.0,0.0
-5000.0
3.0,2.0;3.0,0.0::-5000.0,0.0
-5000.0
3.0,0.0;3.0,3.0::-2500.0,0.0
-2500.0
3.0,3.0;3.0,0.0::-2500.0,0.0
-2500.0
3.0,0.0;3.0,4.0::-2515.0,0.0
-2515.0
3.0,4.0;3.0,0.0::-2535.0,0.0
-2535.0
3.0,0.0;4.0,0.0::-2517.5,0.0
-2517.5
4.0,0.0;3.0,0.0::-2507.5,0.0
-2507.5
3.0,0.0;4.0,1.0::-17.5,0.0
-17.5
4.0,1.0;3.0,0.0::-7.5,0.0
-7.5
3.0,0.0;4.0,2.0::-2517.5,0.0
-2517.5
4.0,2.0;3.0,0.0::-2507.5,0.0
-2507.5
3.0,0.0;4.0,3.0::-17.5,0.0
-17.5
4.0,3.0;3.0,0.0::-7.5,0.0
-7.5
3.0,0.0;4.0,4.0::-32.5,0.0
-32.5
4.0,4.0;3.0,0.0::-42.5,0.0
-42.5
