0.0,4.0;0.0,4.0::-50.0,0.0
-50.0
0.0,4.0;0.0,4.0::-50.0,0.0
-50.0
0.0,4.0;1.0,0.0::-1535.0,0.0
-1535.0
1.0,0.0;0.0,4.0::-3515.0,0.0
-3515.0
0.0,4.0;1.0,1.0::-1535.0,0.0
-1535.0
1.0,1.0;0.0,4.0::-3515.0,0.0
-3515.0
0.0,4.0;1.0,2.0::965.0,0.0
965.0
1.0,2.0;0.0,4.0::-1015.0,0.0
-1015.0
0.0,4.0;1.0,3.0::965.0,0.0
965.0
1.0,3.0;0.0,4.0::-1015.0,0.0
-1015.0
0.0,4.0;1.0,4.0::940.0,0.0
940.0
1.0,4.0;0.0,4.0::-1040.0,0.0
-1040.0
0.0,4.0;2.0,0.0::-2500.0,0.0
-2500.0
2.0,0.0;0.0,4.0::-2500.0,0.0
-2500.0
0.0,4.0;2.0,1.0::-2500.0,0.0
-2500.0
2.0,1.0;0.0,4.0::-2500.0,0.0
-2500.0
0.0,4.0;2.0,2.0::0.0,0.0
0.0
2.0,2.0;0.0,4.0::0.0,0.0
0.0
0.0,4.0;2.0,3.0::0.0,0.0
0.0
2.0,3.0;0.0,4.0::0.0,0.0
0.0
0.0,4.0;2.0,4.0::-25.0,0.0
-25.0
2.0,4.0;0.0,4.0::-25.0,0.0
-25.0
0.0,4.0;3.0,0.0::-1535.0,0.0
-1535.0
3.0,0.0;0.0,4.0::-3515.0,0.0
-3515.0
0.0,4.0;3.0,1.0::-1535.0,0.0
-1535.0
3.0,1.0;0.0,4.0::-3515.0,0.0
-3515.0
0.0,4.0;3.0,2.0::965.0,0.0
965.0
3.0,2.0;0.0,4.0::-1015.0,0.0
-1015.0
0.0,4.0;3.0,3.0::965.0,0.0
965.0
3.0,3.0;0.0,4.0::-1015.0,0.0
-1015.0
0.0,4.0;3.0,4.0::940.0,0.0
940.0
3.0,4.0;0.0,4.0::-1040.0,0.0
-1040.0
0.0,4.0;4.0,0.0::-1517.5,0.0
-1517.5
4.0,0.0;0.0,4.0::-3507.5,0.0
-3507.5
0.0,4.0;4.0,1.0::-1517.5,0.0
-1517.5
4.0,1.0;0.0,4.0::-3507.5,0.0
-3507.5
0.0,4.0;4.0,2.0::982.5,0.0
982.5
4.0,2.0;0.0,4.0::-1007.5,0.0
-1007.5
0.0,4.0;4.0,3.0::982.5,0.0
982.5
4.0,3.0;0.0,4.0::-1007.5,0.0
-1007.5
0.0,4.0;4.0,4.0::957.5,0.0
957.5
4.0,4.0;0.0,4.0::-1032.5,0.0
-1032.5
