1.0,0.0;1.0,0.0::-5000.0,0.0
-5000.0
1.0,0.0;1.0,0.0::-5000.0,0.0
-5000.0
1.0,0.0;1.0,1.0::-4250.0,0.0
-4250.0
1.0,1.0;1.0,0.0::-3250.0,0.0
-3250.0
1.0,0.0;1.0,2.0::-4250.0,0.0
-4250.0
1.0,2.0;1.0,0.0::-3250.0,0.0
-3250.0
1.0,0.0;1.0,3.0::-3500.0,0.0
-3500.0
1.0,3.0;1.0,0.0::-1500.0,0.0
-1500.0
1.0,0.0;1.0,4.0::-3515.0,0.0
-3515.0
1.0,4.0;1.0,0.0::-1535.0,0.0
-1535.0
1.0,0.0;2.0,0.0::-4000.0,0.0
-4000.0
2.0,0.0;1.0,0.0::-6000.0,0.0
-6000.0
1.0,0.0;2.0,1.0::-3250.0,0.0
-3250.0
2.0,1.0;1.0,0.0::-4250.0,0.0
-4250.0
1.0,0.0;2.0,2.0::-3250.0,0.0
-3250.0
2.0,2.0;1.0,0.0::-4250.0,0.0
-4250.0
1.0,0.0;2.0,3.0::-2500.0,0.0
-2500.0
2.0,3.0;1.0,0.0::-2500.0,0.0
-2500.0
1.0,0.0;2.0,4.0::-2515.0,0.0
-2515.0
2.0,4.0;1.0,0.0::-2535.0,0.0
-2535.0
1.0,0.0;3.0,0.0::-4000.0,0.0
-4000.0
3.0,0.0;1.0,0.0::-6000.0,0.0
-6000.0
1.0,0.0;3.0,1.0::-3250.0,0.0
-3250.0
3.0,1.0;1.0,0.0::-4250.0,0.0
-4250.0
1.0,0.0;3.0,2.0::-3250.0,0.0
-3250.0
3.0,2.0;1.0,0.0::-4250.0,0.0
-4250.0
1.0,0.0;3.0,3.0::-2500.0,0.0
-2500.0
3.0,3.0;1.0,0.0::-2500.0,0.0
-2500.0
1.0,0.0;3.0,4.0::-2515.0,0.0
-2515.0
3.0,4.0;1.0,0.0::-2535.0,0.0
-2535.0
1.0,0.0;4.0,0.0::-1517.5,0.0
-1517.5
4.0,0.0;1.0,0.0::-3507.5,0.0
-3507.5
1.0,0.0;4.0,1.0::-767.5,0.0
-767.5
4.0,1.0;1.0,0.0::-1757.5,0.0
-1757.5
1.0,0.0;4.0,2.0::-767.5,0.0
-767.5
4.0,2.0;1.0,0.0::-1757.5,0.0
-1757.5
1.0,0.0;4.0,3.0::-17.5,0.0
-17.5
4.0,3.0;1.0,0.0::-7.5,0.0
-7.5
1.0,0.0;4.0,4.0::-32.5,0.0
-32.5
4.0,4.0;1.0,0.0::-42.5,0.0
-42.5
