0.0,0.0;0.0,0.0::-3500.0,0.0
-3500.0
0.0,0.0;0.0,0.0::-3500.0,0.0
-3500.0
0.0,0.0;0.0,1.0::-3500.0,0.0
-3500.0
0.0,1.0;0.0,0.0::-3500.0,0.0
-3500.0
0.0,0.0;0.0,2.0::-1000.0,0.0
-1000.0
0.0,2.0;0.0,0.0::-3000.0,0.0
-3000.0
0.0,0.0;0.0,3.0::-1000.0,0.0
-1000.0
0.0,3.0;0.0,0.0::-3000.0,0.0
-3000.0
0.0,0.0;0.0,4.0::-1012.5,0.0
-1012.5
0.0,4.0;0.0,0.0::-3002.5,0.0
-3002.5
0.0,0.0;1.0,0.0::-3500.0,0.0
-3500.0
1.0,0.0;0.0,0.0::-3500.0,0.0
-3500.0
0.0,0.0;1.0,1.0::-3500.0,0.0
-3500.0
1.0,1.0;0.0,0.0::-3500.0,0.0
-3500.0
0.0,0.0;1.0,2.0::-1000.0,0.0
-1000.0
1.0,2.0;0.0,0.0::-3000.0,0.0
-3000.0
0.0,0.0;1.0,3.0::-1000.0,0.0
-1000.0
1.0,3.0;0.0,0.0::-3000.0,0.0
-3000.0
0.0,0.0;1.0,4.0::-1012.5,0.0
-1012.5
1.0,4.0;0.0,0.0::-3002.5,0.0
-3002.5
0.0,0.0;2.0,0.0::-2000.0,0.0
-2000.0
2.0,0.0;0.0,0.0::-4500.0,0.0
-4500.0
0.0,0.0;2.0,1.0::-2000.0,0.0
-2000.0
2.0,1.0;0.0,0.0::-4500.0,0.0
-4500.0
0.0,0.0;2.0,2.0::500.0,0.0
500.0
2.0,2.0;0.0,0.0::-4000.0,0.0
-4000.0
0.0,0.0;2.0,3.0::500.0,0.0
500.0
2.0,3.0;0.0,0.0::-4000.0,0.0
-4000.0
0.0,0.0;2.0,4.0::487.5,0.0
487.5
2.0,4.0;0.0,0.0::-4002.5,0.0
-4002.5
0.0,0.0;3.0,0.0::-2000.0,0.0
-2000.0
3.0,0.0;0.0,0.0::-4500.0,0.0
-4500.0
0.0,0.0;3.0,1.0::-2000.0,0.0
-2000.0
3.0,1.0;0.0,0.0::-4500.0,0.0
-4500.0
0.0,0.0;3.0,2.0::500.0,0.0
500.0
3.0,2.0;0.0,0.0::-4000.0,0.0
-4000.0
0.0,0.0;3.0,3.0::500.0,0.0
500.0
3.0,3.0;0.0,0.0::-4000.0,0.0
-4000.0
0.0,0.0;3.0,4.0::487.5,0.0
487.5
3.0,4.0;0.0,0.0::-4002.5,0.0
-4002.5
0.0,0.0;4.0,0.0::-1520.0,0.0
-1520.0
4.0,0.0;0.0,0.0::-2015.0,0.0
-2015.0
0.0,0.0;4.0,1.0::-1520.0,0.0
-1520.0
4.0,1.0;0.0,0.0::-2015.0,0.0
-2015.0
0.0,0.0;4.0,2.0::980.0,0.0
980.0
4.0,2.0;0.0,0.0::-1515.0,0.0
-1515.0
0.0,0.0;4.0,3.0::980.0,0.0
980.0
4.0,3.0;0.0,0.0::-1515.0,0.0
-1515.0
0.0,0.0;4.0,4.0::967.5,0.0
967.5
4.0,4.0;0.0,0.0::-1517.5,0.0
-1517.5
