2.0,0.0;2.0,0.0::-3000.0,0.0
-3000.0
2.0,0.0;2.0,0.0::-3000.0,0.0
-3000.0
2.0,0.0;2.0,1.0::-1250.0,0.0
-1250.0
2.0,1.0;2.0,0.0::-3500.0,0.0
-3500.0
2.0,0.0;2.0,2.0::-1250.0,0.0
-1250.0
2.0,2.0;2.0,0.0::-3500.0,0.0
-3500.0
2.0,0.0;2.0,3.0::500.0,0.0
500.0
2.0,3.0;2.0,0.0::-4000.0,0.0
-4000.0
2.0,0.0;2.0,4.0::-3000.0,0.0
-3000.0
2.0,4.0;2.0,0.0::-3000.0,0.0
-3000.0
2.0,0.0;3.0,0.0::-3000.0,0.0
-3000.0
3.0,0.0;2.0,0.0::-3000.0,0.0
-3000.0
2.0,0.0;3.0,1.0::-1250.0,0.0
-1250.0
3.0,1.0;2.0,0.0::-3500.0,0.0
-3500.0
2.0,0.0;3.0,2.0::-1250.0,0.0
-1250.0
3.0,2.0;2.0,0.0::-3500.0,0.0
-3500.0
2.0,0.0;3.0,3.0::500.0,0.0
500.0
3.0,3.0;2.0,0.0::-4000.0,0.0
-4000.0
2.0,0.0;3.0,4.0::-3000.0,0.0
-3000.0
3.0,4.0;2.0,0.0::-3000.0,0.0
-3000.0
2.0,0.0;4.0,0.0::-2520.0,0.0
-2520.0
4.0,0.0;2.0,0.0::-515.0,0.0
-515.0
2.0,0.0;4.0,1.0::-770.0,0.0
-770.0
4.0,1.0;2.0,0.0::-1015.0,0.0
-1015.0
2.0,0.0;4.0,2.0::-770.0,0.0
-770.0
4.0,2.0;2.0,0.0::-1015.0,0.0
-1015.0
2.0,0.0;4.0,3.0::980.0,0.0
980.0
4.0,3.0;2.0,0.0::-1515.0,0.0
-1515.0
2.0,0.0;4.0,4.0::-2520.0,0.0
-2520.0
4.0,4.0;2.0,0.0::-515.0,0.0
-515.0
