2.0,4.0;2.0,4.0::-3000.0,0.0
-3000.0
2.0,4.0;2.0,4.0::-3000.0,0.0
-3000.0
2.0,4.0;3.0,0.0::-2510.0,0.0
-2510.0
3.0,0.0;2.0,4.0::-507.5,0.0
-507.5
2.0,4.0;3.0,1.0::-760.0,0.0
-760.0
3.0,1.0;2.0,4.0::-1007.5,0.0
-1007.5
2.0,4.0;3.0,2.0::-760.0,0.0
-760.0
3.0,2.0;2.0,4.0::-1007.5,0.0
-1007.5
2.0,4.0;3.0,3.0::990.0,0.0
990.0
3.0,3.0;2.0,4.0::-1507.5,0.0
-1507.5
2.0,4.0;3.0,4.0::-2510.0,0.0
-2510.0
3.0,4.0;2.0,4.0::-507.5,0.0
-507.5
2.0,4.0;4.0,0.0::-4002.5,0.0
-4002.5
4.0,0.0;2.0,4.0::487.5,0.0
487.5
2.0,4.0;4.0,1.0::-2252.5,0.0
-2252.5
4.0,1.0;2.0,4.0::-12.5,0.0
-12.5
2.0,4.0;4.0,2.0::-2252.5,0.0
-2252.5
4.0,2.0;2.0,4.0::-12.5,0.0
-12.5
2.0,4.0;4.0,3.0::-502.5,0.0
-502.5
4.0,3.0;2.0,4.0::-512.5,0.0
-512.5
2.0,4.0;4.0,4.0::-4002.5,0.0
-4002.5
4.0,4.0;2.0,4.0::487.5,0.0
487.5
