3.0,2.0;3.0,2.0::-3000.0,0.0
-3000.0
3.0,2.0;3.0,2.0::-3000.0,0.0
-3000.0
3.0,2.0;3.0,3.0::-500.0,0.0
-500.0
3.0,3.0;3.0,2.0::-2500.0,0.0
-2500.0
3.0,2.0;3.0,4.0::-507.5,0.0
-507.5
3.0,4.0;3.0,2.0::-2510.0,0.0
-2510.0
3.0,2.0;4.0,0.0::-4000.0,0.0
-4000.0
4.0,0.0;3.0,2.0::500.0,0.0
500.0
3.0,2.0;4.0,1.0::-1500.0,0.0
-1500.0
4.0,1.0;3.0,2.0::1000.0,0.0
1000.0
3.0,2.0;4.0,2.0::-4000.0,0.0
-4000.0
4.0,2.0;3.0,2.0::500.0,0.0
500.0
3.0,2.0;4.0,3.0::-1500.0,0.0
-1500.0
4.0,3.0;3.0,2.0::1000.0,0.0
1000.0
3.0,2.0;4.0,4.0::-1507.5,0.0
-1507.5
4.0,4.0;3.0,2.0::990.0,0.0
990.0
