0.0,2.0;0.0,2.0::-500.0,0.0
-500.0
0.0,2.0;0.0,2.0::-500.0,0.0
-500.0
0.0,2.0;0.0,3.0::-500.0,0.0
-500.0
0.0,3.0;0.0,2.0::-500.0,0.0
-500.0
0.0,2.0;0.0,4.0::-512.5,0.0
-512.5
0.0,4.0;0.0,2.0::-502.5,0.0
-502.5
0.0,2.0;1.0,0.0::-2500.0,0.0
-2500.0
1.0,0.0;0.0,2.0::-2750.0,0.0
-2750.0
0.0,2.0;1.0,1.0::-2500.0,0.0
-2500.0
1.0,1.0;0.0,2.0::-2750.0,0.0
-2750.0
0.0,2.0;1.0,2.0::0.0,0.0
0.0
1.0,2.0;0.0,2.0::-2250.0,0.0
-2250.0
0.0,2.0;1.0,3.0::0.0,0.0
0.0
1.0,3.0;0.0,2.0::-2250.0,0.0
-2250.0
0.0,2.0;1.0,4.0::-12.5,0.0
-12.5
1.0,4.0;0.0,2.0::-2252.5,0.0
-2252.5
0.0,2.0;2.0,0.0::-2500.0,0.0
-2500.0
2.0,0.0;0.0,2.0::-2750.0,0.0
-2750.0
0.0,2.0;2.0,1.0::-2500.0,0.0
-2500.0
2.0,1.0;0.0,2.0::-2750.0,0.0
-2750.0
0.0,2.0;2.0,2.0::0.0,0.0
0.0
2.0,2.0;0.0,2.0::-2250.0,0.0
-2250.0
0.0,2.0;2.0,3.0::0.0,0.0
0.0
2.0,3.0;0.0,2.0::-2250.0,0.0
-2250.0
0.0,2.0;2.0,4.0::-12.5,0.0
-12.5
2.0,4.0;0.0,2.0::-2252.5,0.0
-2252.5
0.0,2.0;3.0,0.0::-2000.0,0.0
-2000.0
3.0,0.0;0.0,2.0::-4500.0,0.0
-4500.0
0.0,2.0;3.0,1.0::-2000.0,0.0
-2000.0
3.0,1.0;0.0,2.0::-4500.0,0.0
-4500.0
0.0,2.0;3.0,2.0::500.0,0.0
500.0
3.0,2.0;0.0,2.0::-4000.0,0.0
-4000.0
0.0,2.0;3.0,3.0::500.0,0.0
500.0
3.0,3.0;0.0,2.0::-4000.0,0.0
-4000.0
0.0,2.0;3.0,4.0::487.5,0.0
487.5
3.0,4.0;0.0,2.0::-4002.5,0.0
-4002.5
0.0,2.0;4.0,0.0::-3000.0,0.0
-3000.0
4.0,0.0;0.0,2.0::-1000.0,0.0
-1000.0
0.0,2.0;4.0,1.0::-3000.0,0.0
-3000.0
4.0,1.0;0.0,2.0::-1000.0,0.0
-1000.0
0.0,2.0;4.0,2.0::-500.0,0.0
-500.0
4.0,2.0;0.0,2.0::-500.0,0.0
-500.0
0.0,2.0;4.0,3.0::-500.0,0.0
-500.0
4.0,3.0;0.0,2.0::-500.0,0.0
-500.0
0.0,2.0;4.0,4.0::-512.5,0.0
-512.5
4.0,4.0;0.0,2.0::-502.5,0.0
-502.5
