0.0,3.0;0.0,3.0::-500.0,0.0
-500.0
0.0,3.0;0.0,3.0::-500.0,0.0
-500.0
0.0,3.0;0.0,4.0::-512.5,0.0
-512.5
0.0,4.0;0.0,3.0::-502.5,0.0
-502.5
0.0,3.0;1.0,0.0::-1500.0,0.0
-1500.0
1.0,0.0;0.0,3.0::-2000.0,0.0
-2000.0
0.0,3.0;1.0,1.0::-1500.0,0.0
-1500.0
1.0,1.0;0.0,3.0::-2000.0,0.0
-2000.0
0.0,3.0;1.0,2.0::1000.0,0.0
1000.0
1.0,2.0;0.0,3.0::-1500.0,0.0
-1500.0
0.0,3.0;1.0,3.0::1000.0,0.0
1000.0
1.0,3.0;0.0,3.0::-1500.0,0.0
-1500.0
0.0,3.0;1.0,4.0::987.5,0.0
987.5
1.0,4.0;0.0,3.0::-1502.5,0.0
-1502.5
0.0,3.0;2.0,0.0::-3000.0,0.0
-3000.0
2.0,0.0;0.0,3.0::-1000.0,0.0
-1000.0
0.0,3.0;2.0,1.0::-3000.0,0.0
-3000.0
2.0,1.0;0.0,3.0::-1000.0,0.0
-1000.0
0.0,3.0;2.0,2.0::-500.0,0.0
-500.0
2.0,2.0;0.0,3.0::-500.0,0.0
-500.0
0.0,3.0;2.0,3.0::-500.0,0.0
-500.0
2.0,3.0;0.0,3.0::-500.0,0.0
-500.0
0.0,3.0;2.0,4.0::-512.5,0.0
-512.5
2.0,4.0;0.0,3.0::-502.5,0.0
-502.5
0.0,3.0;3.0,0.0::-1500.0,0.0
-1500.0
3.0,0.0;0.0,3.0::-2000.0,0.0
-2000.0
0.0,3.0;3.0,1.0::-1500.0,0.0
-1500.0
3.0,1.0;0.0,3.0::-2000.0,0.0
-2000.0
0.0,3.0;3.0,2.0::1000.0,0.0
1000.0
3.0,2.0;0.0,3.0::-1500.0,0.0
-1500.0
0.0,3.0;3.0,3.0::1000.0,0.0
1000.0
3.0,3.0;0.0,3.0::-1500.0,0.0
-1500.0
0.0,3.0;3.0,4.0::987.5,0.0
987.5
3.0,4.0;0.0,3.0::-1502.5,0.0
-1502.5
0.0,3.0;4.0,0.0::-3000.0,0.0
-3000.0
4.0,0.0;0.0,3.0::-1000.0,0.0
-1000.0
0.0,3.0;4.0,1.0::-3000.0,0.0
-3000.0
4.0,1.0;0.0,3.0::-1000.0,0.0
-1000.0
0.0,3.0;4.0,2.0::-500.0,0.0
-500.0
4.0,2.0;0.0,3.0::-500.0,0.0
-500.0
0.0,3.0;4.0,3.0::-500.0,0.0
-500.0
4.0,3.0;0.0,3.0::-500.0,0.0
-500.0
0.0,3.0;4.0,4.0::-512.5,0.0
-512.5
4.0,4.0;0.0,3.0::-502.5,0.0
-502.5
