0.0,4.0;0.0,4.0::-515.0,0.0
-515.0
0.0,4.0;0.0,4.0::-515.0,0.0
-515.0
0.0,4.0;1.0,0.0::-1510.0,0.0
-1510.0
1.0,0.0;0.0,4.0::-2007.5,0.0
-2007.5
0.0,4.0;1.0,1.0::-1510.0,0.0
-1510.0
1.0,1.0;0.0,4.0::-2007.5,0.0
-2007.5
0.0,4.0;1.0,2.0::990.0,0.0
990.0
1.0,2.0;0.0,4.0::-1507.5,0.0
-1507.5
0.0,4.0;1.0,3.0::990.0,0.0
990.0
1.0,3.0;0.0,4.0::-1507.5,0.0
-1507.5
0.0,4.0;1.0,4.0::977.5,0.0
977.5
1.0,4.0;0.0,4.0::-1510.0,0.0
-1510.0
0.0,4.0;2.0,0.0::-2000.0,0.0
-2000.0
2.0,0.0;0.0,4.0::-4500.0,0.0
-4500.0
0.0,4.0;2.0,1.0::-2000.0,0.0
-2000.0
2.0,1.0;0.0,4.0::-4500.0,0.0
-4500.0
0.0,4.0;2.0,2.0::500.0,0.0
500.0
2.0,2.0;0.0,4.0::-4000.0,0.0
-4000.0
0.0,4.0;2.0,3.0::500.0,0.0
500.0
2.0,3.0;0.0,4.0::-4000.0,0.0
-4000.0
0.0,4.0;2.0,4.0::487.5,0.0
487.5
2.0,4.0;0.0,4.0::-4002.5,0.0
-4002.5
0.0,4.0;3.0,0.0::-1510.0,0.0
-1510.0
3.0,0.0;0.0,4.0::-2007.5,0.0
-2007.5
0.0,4.0;3.0,1.0::-1510.0,0.0
-1510.0
3.0,1.0;0.0,4.0::-2007.5,0.0
-2007.5
0.0,4.0;3.0,2.0::990.0,0.0
990.0
3.0,2.0;0.0,4.0::-1507.5,0.0
-1507.5
0.0,4.0;3.0,3.0::990.0,0.0
990.0
3.0,3.0;0.0,4.0::-1507.5,0.0
-1507.5
0.0,4.0;3.0,4.0::977.5,0.0
977.5
3.0,4.0;0.0,4.0::-1510.0,0.0
-1510.0
0.0,4.0;4.0,0.0::-3002.5,0.0
-3002.5
4.0,0.0;0.0,4.0::-1012.5,0.0
-1012.5
0.0,4.0;4.0,1.0::-3002.5,0.0
-3002.5
4.0,1.0;0.0,4.0::-1012.5,0.0
-1012.5
0.0,4.0;4.0,2.0::-502.5,0.0
-502.5
4.0,2.0;0.0,4.0::-512.5,0.0
-512.5
0.0,4.0;4.0,3.0::-502.5,0.0
-502.5
4.0,3.0;0.0,4.0::-512.5,0.0
-512.5
0.0,4.0;4.0,4.0::-515.0,0.0
-515.0
4.0,4.0;0.0,4.0::-515.0,0.0
-515.0
