1.0,4.0;1.0,4.0::-17.5,0.0
-17.5
1.0,4.0;1.0,4.0::-17.5,0.0
-17.5
1.0,4.0;2.0,0.0::-2000.0,0.0
-2000.0
2.0,0.0;1.0,4.0::-4500.0,0.0
-4500.0
1.0,4.0;2.0,1.0::-1250.0,0.0
-1250.0
2.0,1.0;1.0,4.0::-3500.0,0.0
-3500.0
1.0,4.0;2.0,2.0::-1250.0,0.0
-1250.0
2.0,2.0;1.0,4.0::-3500.0,0.0
-3500.0
1.0,4.0;2.0,3.0::-500.0,0.0
-500.0
2.0,3.0;1.0,4.0::-2500.0,0.0
-2500.0
1.0,4.0;2.0,4.0::-507.5,0.0
-507.5
2.0,4.0;1.0,4.0::-2510.0,0.0
-2510.0
1.0,4.0;3.0,0.0::-1510.0,0.0
-1510.0
3.0,0.0;1.0,4.0::-2007.5,0.0
-2007.5
1.0,4.0;3.0,1.0::-760.0,0.0
-760.0
3.0,1.0;1.0,4.0::-1007.5,0.0
-1007.5
1.0,4.0;3.0,2.0::-760.0,0.0
-760.0
3.0,2.0;1.0,4.0::-1007.5,0.0
-1007.5
1.0,4.0;3.0,3.0::-10.0,0.0
-10.0
3.0,3.0;1.0,4.0::-7.5,0.0
-7.5
1.0,4.0;3.0,4.0::-17.5,0.0
-17.5
3.0,4.0;1.0,4.0::-17.5,0.0
-17.5
1.0,4.0;4.0,0.0::-3002.5,0.0
-3002.5
4.0,0.0;1.0,4.0::-1012.5,0.0
-1012.5
1.0,4.0;4.0,1.0::-2252.5,0.0
-2252.5
4.0,1.0;1.0,4.0::-12.5,0.0
-12.5
1.0,4.0;4.0,2.0::-2252.5,0.0
-2252.5
4.0,2.0;1.0,4.0::-12.5,0.0
-12.5
1.0,4.0;4.0,3.0::-1502.5,0.0
-1502.5
4.0,3.0;1.0,4.0::987.5,0.0
987.5
1.0,4.0;4.0,4.0::-1510.0,0.0
-1510.0
4.0,4.0;1.0,4.0::977.5,0.0
977.5
