0.0,0.0;0.0,0.0::-3500.0,0.0
-3500.0
0.0,0.0;0.0,0.0::-3500.0,0.0
-3500.0
0.0,0.0;0.0,1.0::-3500.0,0.0
-3500.0
0.0,1.0;0.0,0.0::-3500.0,0.0
-3500.0
0.0,0.0;0.0,2.0::-1000.0,0.0
-1000.0
0.0,2.0;0.0,0.0::-3000.0,0.0
-3000.0
0.0,0.0;0.0,3.0::-1000.0,0.0
-1000.0
0.0,3.0;0.0,0.0::-3000.0,0.0
-3000.0
0.0,0.0;0.0,4.0::-1012.5,0.0
-1012.5
0.0,4.0;0.0,0.0::-3002.5,0.0
-3002.5
0.0,0.0;1.0,0.0::-3500.0,0.0
-3500.0
1.0,0.0;0.0,0.0::-3500.0,0.0
-3500.0
0.0,0.0;1.0,1.0::-3500.0,0.0
-3500.0
1.0,1.0;0.0,0.0::-3500.0,0.0
-3500.0
0.0,0.0;1.0,2.0::-1000.0,0.0
-1000.0
1.0,2.0;0.0,0.0::-3000.0,0.0
-3000.0
0.0,0.0;1.0,3.0::-1000.0,0.0
-1000.0
1.0,3.0;0.0,0.0::-3000.0,0.0
-3000.0
0.0,0.0;1.0,4.0::-1012.5,0.0
-1012.5
1.0,4.0;0.0,0.0::-3002.5,0.0
-3002.5
0.0,0.0;2.0,0.0::-2000.0,0.0
-2000.0
2.0,0.0;0.0,0.0::-4500.0,0.0
-4500.0
0.0,0.0;2.0,1.0::-2000.0,0.0
-2000.0
2.0,1.0;0.0,0.0::-4500.0,0.0
-4500.0
0.0,0.0;2.0,2.0::500.0,0.0
500.0
2.0,2.0;0.0,0.0::-4000.0,0.0
-4000.0
0.0,0.0;2.0,3.0::500.0,0.0
500.0
2.0,3.0;0.0,0.0::-4000.0,0.0
-4000.0
0.0,0.0;2.0,4.0::487.5,0.0
487.5
2.0,4.0;0.0,0.0::-4002.5,0.0
-4002.5
0.0,0.0;3.0,0.0::-2000.0,0.0
-2000.0
3.0,0.0;0.0,0.0::-4500.0,0.0
-4500.0
0.0,0.0;3.0,1.0::-2000.0,0.0
-2000.0
3.0,1.0;0.0,0.0::-4500.0,0.0
-4500.0
0.0,0.0;3.0,2.0::500.0,0.0
500.0
3.0,2.0;0.0,0.0::-4000.0,0.0
-4000.0
0.0,0.0;3.0,3.0::500.0,0.0
500.0
3.0,3.0;0.0,0.0::-4000.0,0.0
-4000.0
0.0,0.0;3.0,4.0::487.5,0.0
487.5
3.0,4.0;0.0,0.0::-4002.5,0.0
-4002.5
0.0,0.0;4.0,0.0::-1520.0,0.0
-1520.0
4.0,0.0;0.0,0.0::-2015.0,0.0
-2015.0
0.0,0.0;4.0,1.0::-1520.0,0.0
-1520.0
4.0,1.0;0.0,0.0::-2015.0,0.0
-2015.0
0.0,0.0;4.0,2.0::980.0,0.0
980.0
4.0,2.0;0.0,0.0::-1515.0,0.0
-1515.0
0.0,0.0;4.0,3.0::980.0,0.0
980.0
4.0,3.0;0.0,0.0::-1515.0,0.0
-1515.0
0.0,0.0;4.0,4.0::967.5,0.0
967.5
4.0,4.0;0.0,0.0::-1517.5,0.0
-1517.5
0.0,1.0;0.0,1.0::-3500.0,0.0
-3500.0
0.0,1.0;0.0,1.0::-3500.0,0.0
-3500.0
0.0,1.0;0.0,2.0::-1000.0,0.0
-1000.0
0.0,2.0;0.0,1.0::-3000.0,0.0
-3000.0
0.0,1.0;0.0,3.0::-1000.0,0.0
-1000.0
0.0,3.0;0.0,1.0::-3000.0,0.0
-3000.0
0.0,1.0;0.0,4.0::-1012.5,0.0
-1012.5
0.0,4.0;0.0,1.0::-3002.5,0.0
-3002.5
0.0,1.0;1.0,0.0::-2500.0,0.0
-2500.0
1.0,0.0;0.0,1.0::-2750.0,0.0
-2750.0
0.0,1.0;1.0,1.0::-2500.0,0.0
-2500.0
1.0,1.0;0.0,1.0::-2750.0,0.0
-2750.0
0.0,1.0;1.0,2.0::0.0,0.0
0.0
1.0,2.0;0.0,1.0::-2250.0,0.0
-2250.0
0.0,1.0;1.0,3.0::0.0,0.0
0.0
1.0,3.0;0.0,1.0::-2250.0,0.0
-2250.0
0.0,1.0;1.0,4.0::-12.5,0.0
-12.5
1.0,4.0;0.0,1.0::-2252.5,0.0
-2252.5
0.0,1.0;2.0,0.0::-2500.0,0.0
-2500.0
2.0,0.0;0.0,1.0::-2750.0,0.0
-2750.0
0.0,1.0;2.0,1.0::-2500.0,0.0
-2500.0
2.0,1.0;0.0,1.0::-2750.0,0.0
-2750.0
0.0,1.0;2.0,2.0::0.0,0.0
0.0
2.0,2.0;0.0,1.0::-2250.0,0.0
-2250.0
0.0,1.0;2.0,3.0::0.0,0.0
0.0
2.0,3.0;0.0,1.0::-2250.0,0.0
-2250.0
0.0,1.0;2.0,4.0::-12.5,0.0
-12.5
2.0,4.0;0.0,1.0::-2252.5,0.0
-2252.5
0.0,1.0;3.0,0.0::-1500.0,0.0
-1500.0
3.0,0.0;0.0,1.0::-2000.0,0.0
-2000.0
0.0,1.0;3.0,1.0::-1500.0,0.0
-1500.0
3.0,1.0;0.0,1.0::-2000.0,0.0
-2000.0
0.0,1.0;3.0,2.0::1000.0,0.0
1000.0
3.0,2.0;0.0,1.0::-1500.0,0.0
-1500.0
0.0,1.0;3.0,3.0::1000.0,0.0
1000.0
3.0,3.0;0.0,1.0::-1500.0,0.0
-1500.0
0.0,1.0;3.0,4.0::987.5,0.0
987.5
3.0,4.0;0.0,1.0::-1502.5,0.0
-1502.5
0.0,1.0;4.0,0.0::-1520.0,0.0
-1520.0
4.0,0.0;0.0,1.0::-2015.0,0.0
-2015.0
0.0,1.0;4.0,1.0::-1520.0,0.0
-1520.0
4.0,1.0;0.0,1.0::-2015.0,0.0
-2015.0
0.0,1.0;4.0,2.0::980.0,0.0
980.0
4.0,2.0;0.0,1.0::-1515.0,0.0
-1515.0
0.0,1.0;4.0,3.0::980.0,0.0
980.0
4.0,3.0;0.0,1.0::-1515.0,0.0
-1515.0
0.0,1.0;4.0,4.0::967.5,0.0
967.5
4.0,4.0;0.0,1.0::-1517.5,0.0
-1517.5
0.0,2.0;0.0,2.0::-500.0,0.0
-500.0
0.0,2.0;0.0,2.0::-500.0,0.0
-500.0
0.0,2.0;0.0,3.0::-500.0,0.0
-500.0
0.0,3.0;0.0,2.0::-500.0,0.0
-500.0
0.0,2.0;0.0,4.0::-512.5,0.0
-512.5
0.0,4.0;0.0,2.0::-502.5,0.0
-502.5
0.0,2.0;1.0,0.0::-2500.0,0.0
-2500.0
1.0,0.0;0.0,2.0::-2750.0,0.0
-2750.0
0.0,2.0;1.0,1.0::-2500.0,0.0
-2500.0
1.0,1.0;0.0,2.0::-2750.0,0.0
-2750.0
0.0,2.0;1.0,2.0::0.0,0.0
0.0
1.0,2.0;0.0,2.0::-2250.0,0.0
-2250.0
0.0,2.0;1.0,3.0::0.0,0.0
0.0
1.0,3.0;0.0,2.0::-2250.0,0.0
-2250.0
0.0,2.0;1.0,4.0::-12.5,0.0
-12.5
1.0,4.0;0.0,2.0::-2252.5,0.0
-2252.5
0.0,2.0;2.0,0.0::-2500.0,0.0
-2500.0
2.0,0.0;0.0,2.0::-2750.0,0.0
-2750.0
0.0,2.0;2.0,1.0::-2500.0,0.0
-2500.0
2.0,1.0;0.0,2.0::-2750.0,0.0
-2750.0
0.0,2.0;2.0,2.0::0.0,0.0
0.0
2.0,2.0;0.0,2.0::-2250.0,0.0
-2250.0
0.0,2.0;2.0,3.0::0.0,0.0
0.0
2.0,3.0;0.0,2.0::-2250.0,0.0
-2250.0
0.0,2.0;2.0,4.0::-12.5,0.0
-12.5
2.0,4.0;0.0,2.0::-2252.5,0.0
-2252.5
0.0,2.0;3.0,0.0::-2000.0,0.0
-2000.0
3.0,0.0;0.0,2.0::-4500.0,0.0
-4500.0
0.0,2.0;3.0,1.0::-2000.0,0.0
-2000.0
3.0,1.0;0.0,2.0::-4500.0,0.0
-4500.0
0.0,2.0;3.0,2.0::500.0,0.0
500.0
3.0,2.0;0.0,2.0::-4000.0,0.0
-4000.0
0.0,2.0;3.0,3.0::500.0,0.0
500.0
3.0,3.0;0.0,2.0::-4000.0,0.0
-4000.0
0.0,2.0;3.0,4.0::487.5,0.0
487.5
3.0,4.0;0.0,2.0::-4002.5,0.0
-4002.5
0.0,2.0;4.0,0.0::-3000.0,0.0
-3000.0
4.0,0.0;0.0,2.0::-1000.0,0.0
-1000.0
0.0,2.0;4.0,1.0::-3000.0,0.0
-3000.0
4.0,1.0;0.0,2.0::-1000.0,0.0
-1000.0
0.0,2.0;4.0,2.0::-500.0,0.0
-500.0
4.0,2.0;0.0,2.0::-500.0,0.0
-500.0
0.0,2.0;4.0,3.0::-500.0,0.0
-500.0
4.0,3.0;0.0,2.0::-500.0,0.0
-500.0
0.0,2.0;4.0,4.0::-512.5,0.0
-512.5
4.0,4.0;0.0,2.0::-502.5,0.0
-502.5
0.0,3.0;0.0,3.0::-500.0,0.0
-500.0
0.0,3.0;0.0,3.0::-500.0,0.0
-500.0
0.0,3.0;0.0,4.0::-512.5,0.0
-512.5
0.0,4.0;0.0,3.0::-502.5,0.0
-502.5
0.0,3.0;1.0,0.0::-1500.0,0.0
-1500.0
1.0,0.0;0.0,3.0::-2000.0,0.0
-2000.0
0.0,3.0;1.0,1.0::-1500.0,0.0
-1500.0
1.0,1.0;0.0,3.0::-2000.0,0.0
-2000.0
0.0,3.0;1.0,2.0::1000.0,0.0
1000.0
1.0,2.0;0.0,3.0::-1500.0,0.0
-1500.0
0.0,3.0;1.0,3.0::1000.0,0.0
1000.0
1.0,3.0;0.0,3.0::-1500.0,0.0
-1500.0
0.0,3.0;1.0,4.0::987.5,0.0
987.5
1.0,4.0;0.0,3.0::-1502.5,0.0
-1502.5
0.0,3.0;2.0,0.0::-3000.0,0.0
-3000.0
2.0,0.0;0.0,3.0::-1000.0,0.0
-1000.0
0.0,3.0;2.0,1.0::-3000.0,0.0
-3000.0
2.0,1.0;0.0,3.0::-1000.0,0.0
-1000.0
0.0,3.0;2.0,2.0::-500.0,0.0
-500.0
2.0,2.0;0.0,3.0::-500.0,0.0
-500.0
0.0,3.0;2.0,3.0::-500.0,0.0
-500.0
2.0,3.0;0.0,3.0::-500.0,0.0
-500.0
0.0,3.0;2.0,4.0::-512.5,0.0
-512.5
2.0,4.0;0.0,3.0::-502.5,0.0
-502.5
0.0,3.0;3.0,0.0::-1500.0,0.0
-1500.0
3.0,0.0;0.0,3.0::-2000.0,0.0
-2000.0
0.0,3.0;3.0,1.0::-1500.0,0.0
-1500.0
3.0,1.0;0.0,3.0::-2000.0,0.0
-2000.0
0.0,3.0;3.0,2.0::1000.0,0.0
1000.0
3.0,2.0;0.0,3.0::-1500.0,0.0
-1500.0
0.0,3.0;3.0,3.0::1000.0,0.0
1000.0
3.0,3.0;0.0,3.0::-1500.0,0.0
-1500.0
0.0,3.0;3.0,4.0::987.5,0.0
987.5
3.0,4.0;0.0,3.0::-1502.5,0.0
-1502.5
0.0,3.0;4.0,0.0::-3000.0,0.0
-3000.0
4.0,0.0;0.0,3.0::-1000.0,0.0
-1000.0
0.0,3.0;4.0,1.0::-3000.0,0.0
-3000.0
4.0,1.0;0.0,3.0::-1000.0,0.0
-1000.0
0.0,3.0;4.0,2.0::-500.0,0.0
-500.0
4.0,2.0;0.0,3.0::-500.0,0.0
-500.0
0.0,3.0;4.0,3.0::-500.0,0.0
-500.0
4.0,3.0;0.0,3.0::-500.0,0.0
-500.0
0.0,3.0;4.0,4.0::-512.5,0.0
-512.5
4.0,4.0;0.0,3.0::-502.5,0.0
-502.5
0.0,4.0;0.0,4.0::-515.0,0.0
-515.0
0.0,4.0;0.0,4.0::-515.0,0.0
-515.0
0.0,4.0;1.0,0.0::-1510.0,0.0
-1510.0
1.0,0.0;0.0,4.0::-2007.5,0.0
-2007.5
0.0,4.0;1.0,1.0::-1510.0,0.0
-1510.0
1.0,1.0;0.0,4.0::-2007.5,0.0
-2007.5
0.0,4.0;1.0,2.0::990.0,0.0
990.0
1.0,2.0;0.0,4.0::-1507.5,0.0
-1507.5
0.0,4.0;1.0,3.0::990.0,0.0
990.0
1.0,3.0;0.0,4.0::-1507.5,0.0
-1507.5
0.0,4.0;1.0,4.0::977.5,0.0
977.5
1.0,4.0;0.0,4.0::-1510.0,0.0
-1510.0
0.0,4.0;2.0,0.0::-2000.0,0.0
-2000.0
2.0,0.0;0.0,4.0::-4500.0,0.0
-4500.0
0.0,4.0;2.0,1.0::-2000.0,0.0
-2000.0
2.0,1.0;0.0,4.0::-4500.0,0.0
-4500.0
0.0,4.0;2.0,2.0::500.0,0.0
500.0
2.0,2.0;0.0,4.0::-4000.0,0.0
-4000.0
0.0,4.0;2.0,3.0::500.0,0.0
500.0
2.0,3.0;0.0,4.0::-4000.0,0.0
-4000.0
0.0,4.0;2.0,4.0::487.5,0.0
487.5
2.0,4.0;0.0,4.0::-4002.5,0.0
-4002.5
0.0,4.0;3.0,0.0::-1510.0,0.0
-1510.0
3.0,0.0;0.0,4.0::-2007.5,0.0
-2007.5
0.0,4.0;3.0,1.0::-1510.0,0.0
-1510.0
3.0,1.0;0.0,4.0::-2007.5,0.0
-2007.5
0.0,4.0;3.0,2.0::990.0,0.0
990.0
3.0,2.0;0.0,4.0::-1507.5,0.0
-1507.5
0.0,4.0;3.0,3.0::990.0,0.0
990.0
3.0,3.0;0.0,4.0::-1507.5,0.0
-1507.5
0.0,4.0;3.0,4.0::977.5,0.0
977.5
3.0,4.0;0.0,4.0::-1510.0,0.0
-1510.0
0.0,4.0;4.0,0.0::-3002.5,0.0
-3002.5
4.0,0.0;0.0,4.0::-1012.5,0.0
-1012.5
0.0,4.0;4.0,1.0::-3002.5,0.0
-3002.5
4.0,1.0;0.0,4.0::-1012.5,0.0
-1012.5
0.0,4.0;4.0,2.0::-502.5,0.0
-502.5
4.0,2.0;0.0,4.0::-512.5,0.0
-512.5
0.0,4.0;4.0,3.0::-502.5,0.0
-502.5
4.0,3.0;0.0,4.0::-512.5,0.0
-512.5
0.0,4.0;4.0,4.0::-515.0,0.0
-515.0
4.0,4.0;0.0,4.0::-515.0,0.0
-515.0
1.0,0.0;1.0,0.0::-3500.0,0.0
-3500.0
1.0,0.0;1.0,0.0::-3500.0,0.0
-3500.0
1.0,0.0;1.0,1.0::-2750.0,0.0
-2750.0
1.0,1.0;1.0,0.0::-2500.0,0.0
-2500.0
1.0,0.0;1.0,2.0::-2750.0,0.0
-2750.0
1.0,2.0;1.0,0.0::-2500.0,0.0
-2500.0
1.0,0.0;1.0,3.0::-2000.0,0.0
-2000.0
1.0,3.0;1.0,0.0::-1500.0,0.0
-1500.0
1.0,0.0;1.0,4.0::-2007.5,0.0
-2007.5
1.0,4.0;1.0,0.0::-1510.0,0.0
-1510.0
1.0,0.0;2.0,0.0::-2000.0,0.0
-2000.0
2.0,0.0;1.0,0.0::-4500.0,0.0
-4500.0
1.0,0.0;2.0,1.0::-1250.0,0.0
-1250.0
2.0,1.0;1.0,0.0::-3500.0,0.0
-3500.0
1.0,0.0;2.0,2.0::-1250.0,0.0
-1250.0
2.0,2.0;1.0,0.0::-3500.0,0.0
-3500.0
1.0,0.0;2.0,3.0::-500.0,0.0
-500.0
2.0,3.0;1.0,0.0::-2500.0,0.0
-2500.0
1.0,0.0;2.0,4.0::-507.5,0.0
-507.5
2.0,4.0;1.0,0.0::-2510.0,0.0
-2510.0
1.0,0.0;3.0,0.0::-2000.0,0.0
-2000.0
3.0,0.0;1.0,0.0::-4500.0,0.0
-4500.0
1.0,0.0;3.0,1.0::-1250.0,0.0
-1250.0
3.0,1.0;1.0,0.0::-3500.0,0.0
-3500.0
1.0,0.0;3.0,2.0::-1250.0,0.0
-1250.0
3.0,2.0;1.0,0.0::-3500.0,0.0
-3500.0
1.0,0.0;3.0,3.0::-500.0,0.0
-500.0
3.0,3.0;1.0,0.0::-2500.0,0.0
-2500.0
1.0,0.0;3.0,4.0::-507.5,0.0
-507.5
3.0,4.0;1.0,0.0::-2510.0,0.0
-2510.0
1.0,0.0;4.0,0.0::-1520.0,0.0
-1520.0
4.0,0.0;1.0,0.0::-2015.0,0.0
-2015.0
1.0,0.0;4.0,1.0::-770.0,0.0
-770.0
4.0,1.0;1.0,0.0::-1015.0,0.0
-1015.0
1.0,0.0;4.0,2.0::-770.0,0.0
-770.0
4.0,2.0;1.0,0.0::-1015.0,0.0
-1015.0
1.0,0.0;4.0,3.0::-20.0,0.0
-20.0
4.0,3.0;1.0,0.0::-15.0,0.0
-15.0
1.0,0.0;4.0,4.0::-27.5,0.0
-27.5
4.0,4.0;1.0,0.0::-25.0,0.0
-25.0
1.0,1.0;1.0,1.0::-1750.0,0.0
-1750.0
1.0,1.0;1.0,1.0::-1750.0,0.0
-1750.0
1.0,1.0;1.0,2.0::-1750.0,0.0
-1750.0
1.0,2.0;1.0,1.0::-1750.0,0.0
-1750.0
1.0,1.0;1.0,3.0::-1000.0,0.0
-1000.0
1.0,3.0;1.0,1.0::-750.0,0.0
-750.0
1.0,1.0;1.0,4.0::-1007.5,0.0
-1007.5
1.0,4.0;1.0,1.0::-760.0,0.0
-760.0
1.0,1.0;2.0,0.0::-2500.0,0.0
-2500.0
2.0,0.0;1.0,1.0::-2750.0,0.0
-2750.0
1.0,1.0;2.0,1.0::-1750.0,0.0
-1750.0
2.0,1.0;1.0,1.0::-1750.0,0.0
-1750.0
1.0,1.0;2.0,2.0::-1750.0,0.0
-1750.0
2.0,2.0;1.0,1.0::-1750.0,0.0
-1750.0
1.0,1.0;2.0,3.0::-1000.0,0.0
-1000.0
2.0,3.0;1.0,1.0::-750.0,0.0
-750.0
1.0,1.0;2.0,4.0::-1007.5,0.0
-1007.5
2.0,4.0;1.0,1.0::-760.0,0.0
-760.0
1.0,1.0;3.0,0.0::-1500.0,0.0
-1500.0
3.0,0.0;1.0,1.0::-2000.0,0.0
-2000.0
1.0,1.0;3.0,1.0::-750.0,0.0
-750.0
3.0,1.0;1.0,1.0::-1000.0,0.0
-1000.0
1.0,1.0;3.0,2.0::-750.0,0.0
-750.0
3.0,2.0;1.0,1.0::-1000.0,0.0
-1000.0
1.0,1.0;3.0,3.0::0.0,0.0
0.0
3.0,3.0;1.0,1.0::0.0,0.0
0.0
1.0,1.0;3.0,4.0::-7.5,0.0
-7.5
3.0,4.0;1.0,1.0::-10.0,0.0
-10.0
1.0,1.0;4.0,0.0::-1520.0,0.0
-1520.0
4.0,0.0;1.0,1.0::-2015.0,0.0
-2015.0
1.0,1.0;4.0,1.0::-770.0,0.0
-770.0
4.0,1.0;1.0,1.0::-1015.0,0.0
-1015.0
1.0,1.0;4.0,2.0::-770.0,0.0
-770.0
4.0,2.0;1.0,1.0::-1015.0,0.0
-1015.0
1.0,1.0;4.0,3.0::-20.0,0.0
-20.0
4.0,3.0;1.0,1.0::-15.0,0.0
-15.0
1.0,1.0;4.0,4.0::-27.5,0.0
-27.5
4.0,4.0;1.0,1.0::-25.0,0.0
-25.0
1.0,2.0;1.0,2.0::-1750.0,0.0
-1750.0
1.0,2.0;1.0,2.0::-1750.0,0.0
-1750.0
1.0,2.0;1.0,3.0::-1000.0,0.0
-1000.0
1.0,3.0;1.0,2.0::-750.0,0.0
-750.0
1.0,2.0;1.0,4.0::-1007.5,0.0
-1007.5
1.0,4.0;1.0,2.0::-760.0,0.0
-760.0
1.0,2.0;2.0,0.0::-2500.0,0.0
-2500.0
2.0,0.0;1.0,2.0::-2750.0,0.0
-2750.0
1.0,2.0;2.0,1.0::-1750.0,0.0
-1750.0
2.0,1.0;1.0,2.0::-1750.0,0.0
-1750.0
1.0,2.0;2.0,2.0::-1750.0,0.0
-1750.0
2.0,2.0;1.0,2.0::-1750.0,0.0
-1750.0
1.0,2.0;2.0,3.0::-1000.0,0.0
-1000.0
2.0,3.0;1.0,2.0::-750.0,0.0
-750.0
1.0,2.0;2.0,4.0::-1007.5,0.0
-1007.5
2.0,4.0;1.0,2.0::-760.0,0.0
-760.0
1.0,2.0;3.0,0.0::-2000.0,0.0
-2000.0
3.0,0.0;1.0,2.0::-4500.0,0.0
-4500.0
1.0,2.0;3.0,1.0::-1250.0,0.0
-1250.0
3.0,1.0;1.0,2.0::-3500.0,0.0
-3500.0
1.0,2.0;3.0,2.0::-1250.0,0.0
-1250.0
3.0,2.0;1.0,2.0::-3500.0,0.0
-3500.0
1.0,2.0;3.0,3.0::-500.0,0.0
-500.0
3.0,3.0;1.0,2.0::-2500.0,0.0
-2500.0
1.0,2.0;3.0,4.0::-507.5,0.0
-507.5
3.0,4.0;1.0,2.0::-2510.0,0.0
-2510.0
1.0,2.0;4.0,0.0::-3000.0,0.0
-3000.0
4.0,0.0;1.0,2.0::-1000.0,0.0
-1000.0
1.0,2.0;4.0,1.0::-2250.0,0.0
-2250.0
4.0,1.0;1.0,2.0::0.0,0.0
0.0
1.0,2.0;4.0,2.0::-2250.0,0.0
-2250.0
4.0,2.0;1.0,2.0::0.0,0.0
0.0
1.0,2.0;4.0,3.0::-1500.0,0.0
-1500.0
4.0,3.0;1.0,2.0::1000.0,0.0
1000.0
1.0,2.0;4.0,4.0::-1507.5,0.0
-1507.5
4.0,4.0;1.0,2.0::990.0,0.0
990.0
1.0,3.0;1.0,3.0::0.0,0.0
0.0
1.0,3.0;1.0,3.0::0.0,0.0
0.0
1.0,3.0;1.0,4.0::-7.5,0.0
-7.5
1.0,4.0;1.0,3.0::-10.0,0.0
-10.0
1.0,3.0;2.0,0.0::-3000.0,0.0
-3000.0
2.0,0.0;1.0,3.0::-1000.0,0.0
-1000.0
1.0,3.0;2.0,1.0::-2250.0,0.0
-2250.0
2.0,1.0;1.0,3.0::0.0,0.0
0.0
1.0,3.0;2.0,2.0::-2250.0,0.0
-2250.0
2.0,2.0;1.0,3.0::0.0,0.0
0.0
1.0,3.0;2.0,3.0::-1500.0,0.0
-1500.0
2.0,3.0;1.0,3.0::1000.0,0.0
1000.0
1.0,3.0;2.0,4.0::-1507.5,0.0
-1507.5
2.0,4.0;1.0,3.0::990.0,0.0
990.0
1.0,3.0;3.0,0.0::-1500.0,0.0
-1500.0
3.0,0.0;1.0,3.0::-2000.0,0.0
-2000.0
1.0,3.0;3.0,1.0::-750.0,0.0
-750.0
3.0,1.0;1.0,3.0::-1000.0,0.0
-1000.0
1.0,3.0;3.0,2.0::-750.0,0.0
-750.0
3.0,2.0;1.0,3.0::-1000.0,0.0
-1000.0
1.0,3.0;3.0,3.0::0.0,0.0
0.0
3.0,3.0;1.0,3.0::0.0,0.0
0.0
1.0,3.0;3.0,4.0::-7.5,0.0
-7.5
3.0,4.0;1.0,3.0::-10.0,0.0
-10.0
1.0,3.0;4.0,0.0::-3000.0,0.0
-3000.0
4.0,0.0;1.0,3.0::-1000.0,0.0
-1000.0
1.0,3.0;4.0,1.0::-2250.0,0.0
-2250.0
4.0,1.0;1.0,3.0::0.0,0.0
0.0
1.0,3.0;4.0,2.0::-2250.0,0.0
-2250.0
4.0,2.0;1.0,3.0::0.0,0.0
0.0
1.0,3.0;4.0,3.0::-1500.0,0.0
-1500.0
4.0,3.0;1.0,3.0::1000.0,0.0
1000.0
1.0,3.0;4.0,4.0::-1507.5,0.0
-1507.5
4.0,4.0;1.0,3.0::990.0,0.0
990.0
1.0,4.0;1.0,4.0::-17.5,0.0
-17.5
1.0,4.0;1.0,4.0::-17.5,0.0
-17.5
1.0,4.0;2.0,0.0::-2000.0,0.0
-2000.0
2.0,0.0;1.0,4.0::-4500.0,0.0
-4500.0
1.0,4.0;2.0,1.0::-1250.0,0.0
-1250.0
2.0,1.0;1.0,4.0::-3500.0,0.0
-3500.0
1.0,4.0;2.0,2.0::-1250.0,0.0
-1250.0
2.0,2.0;1.0,4.0::-3500.0,0.0
-3500.0
1.0,4.0;2.0,3.0::-500.0,0.0
-500.0
2.0,3.0;1.0,4.0::-2500.0,0.0
-2500.0
1.0,4.0;2.0,4.0::-507.5,0.0
-507.5
2.0,4.0;1.0,4.0::-2510.0,0.0
-2510.0
1.0,4.0;3.0,0.0::-1510.0,0.0
-1510.0
3.0,0.0;1.0,4.0::-2007.5,0.0
-2007.5
1.0,4.0;3.0,1.0::-760.0,0.0
-760.0
3.0,1.0;1.0,4.0::-1007.5,0.0
-1007.5
1.0,4.0;3.0,2.0::-760.0,0.0
-760.0
3.0,2.0;1.0,4.0::-1007.5,0.0
-1007.5
1.0,4.0;3.0,3.0::-10.0,0.0
-10.0
3.0,3.0;1.0,4.0::-7.5,0.0
-7.5
1.0,4.0;3.0,4.0::-17.5,0.0
-17.5
3.0,4.0;1.0,4.0::-17.5,0.0
-17.5
1.0,4.0;4.0,0.0::-3002.5,0.0
-3002.5
4.0,0.0;1.0,4.0::-1012.5,0.0
-1012.5
1.0,4.0;4.0,1.0::-2252.5,0.0
-2252.5
4.0,1.0;1.0,4.0::-12.5,0.0
-12.5
1.0,4.0;4.0,2.0::-2252.5,0.0
-2252.5
4.0,2.0;1.0,4.0::-12.5,0.0
-12.5
1.0,4.0;4.0,3.0::-1502.5,0.0
-1502.5
4.0,3.0;1.0,4.0::987.5,0.0
987.5
1.0,4.0;4.0,4.0::-1510.0,0.0
-1510.0
4.0,4.0;1.0,4.0::977.5,0.0
977.5
2.0,0.0;2.0,0.0::-3000.0,0.0
-3000.0
2.0,0.0;2.0,0.0::-3000.0,0.0
-3000.0
2.0,0.0;2.0,1.0::-1250.0,0.0
-1250.0
2.0,1.0;2.0,0.0::-3500.0,0.0
-3500.0
2.0,0.0;2.0,2.0::-1250.0,0.0
-1250.0
2.0,2.0;2.0,0.0::-3500.0,0.0
-3500.0
2.0,0.0;2.0,3.0::500.0,0.0
500.0
2.0,3.0;2.0,0.0::-4000.0,0.0
-4000.0
2.0,0.0;2.0,4.0::-3000.0,0.0
-3000.0
2.0,4.0;2.0,0.0::-3000.0,0.0
-3000.0
2.0,0.0;3.0,0.0::-3000.0,0.0
-3000.0
3.0,0.0;2.0,0.0::-3000.0,0.0
-3000.0
2.0,0.0;3.0,1.0::-1250.0,0.0
-1250.0
3.0,1.0;2.0,0.0::-3500.0,0.0
-3500.0
2.0,0.0;3.0,2.0::-1250.0,0.0
-1250.0
3.0,2.0;2.0,0.0::-3500.0,0.0
-3500.0
2.0,0.0;3.0,3.0::500.0,0.0
500.0
3.0,3.0;2.0,0.0::-4000.0,0.0
-4000.0
2.0,0.0;3.0,4.0::-3000.0,0.0
-3000.0
3.0,4.0;2.0,0.0::-3000.0,0.0
-3000.0
2.0,0.0;4.0,0.0::-2520.0,0.0
-2520.0
4.0,0.0;2.0,0.0::-515.0,0.0
-515.0
2.0,0.0;4.0,1.0::-770.0,0.0
-770.0
4.0,1.0;2.0,0.0::-1015.0,0.0
-1015.0
2.0,0.0;4.0,2.0::-770.0,0.0
-770.0
4.0,2.0;2.0,0.0::-1015.0,0.0
-1015.0
2.0,0.0;4.0,3.0::980.0,0.0
980.0
4.0,3.0;2.0,0.0::-1515.0,0.0
-1515.0
2.0,0.0;4.0,4.0::-2520.0,0.0
-2520.0
4.0,4.0;2.0,0.0::-515.0,0.0
-515.0
2.0,1.0;2.0,1.0::-1750.0,0.0
-1750.0
2.0,1.0;2.0,1.0::-1750.0,0.0
-1750.0
2.0,1.0;2.0,2.0::-1750.0,0.0
-1750.0
2.0,2.0;2.0,1.0::-1750.0,0.0
-1750.0
2.0,1.0;2.0,3.0::0.0,0.0
0.0
2.0,3.0;2.0,1.0::-2250.0,0.0
-2250.0
2.0,1.0;2.0,4.0::-3500.0,0.0
-3500.0
2.0,4.0;2.0,1.0::-1250.0,0.0
-1250.0
2.0,1.0;3.0,0.0::-2500.0,0.0
-2500.0
3.0,0.0;2.0,1.0::-500.0,0.0
-500.0
2.0,1.0;3.0,1.0::-750.0,0.0
-750.0
3.0,1.0;2.0,1.0::-1000.0,0.0
-1000.0
2.0,1.0;3.0,2.0::-750.0,0.0
-750.0
3.0,2.0;2.0,1.0::-1000.0,0.0
-1000.0
2.0,1.0;3.0,3.0::1000.0,0.0
1000.0
3.0,3.0;2.0,1.0::-1500.0,0.0
-1500.0
2.0,1.0;3.0,4.0::-2500.0,0.0
-2500.0
3.0,4.0;2.0,1.0::-500.0,0.0
-500.0
2.0,1.0;4.0,0.0::-2520.0,0.0
-2520.0
4.0,0.0;2.0,1.0::-515.0,0.0
-515.0
2.0,1.0;4.0,1.0::-770.0,0.0
-770.0
4.0,1.0;2.0,1.0::-1015.0,0.0
-1015.0
2.0,1.0;4.0,2.0::-770.0,0.0
-770.0
4.0,2.0;2.0,1.0::-1015.0,0.0
-1015.0
2.0,1.0;4.0,3.0::980.0,0.0
980.0
4.0,3.0;2.0,1.0::-1515.0,0.0
-1515.0
2.0,1.0;4.0,4.0::-2520.0,0.0
-2520.0
4.0,4.0;2.0,1.0::-515.0,0.0
-515.0
2.0,2.0;2.0,2.0::-1750.0,0.0
-1750.0
2.0,2.0;2.0,2.0::-1750.0,0.0
-1750.0
2.0,2.0;2.0,3.0::0.0,0.0
0.0
2.0,3.0;2.0,2.0::-2250.0,0.0
-2250.0
2.0,2.0;2.0,4.0::-3500.0,0.0
-3500.0
2.0,4.0;2.0,2.0::-1250.0,0.0
-1250.0
2.0,2.0;3.0,0.0::-3000.0,0.0
-3000.0
3.0,0.0;2.0,2.0::-3000.0,0.0
-3000.0
2.0,2.0;3.0,1.0::-1250.0,0.0
-1250.0
3.0,1.0;2.0,2.0::-3500.0,0.0
-3500.0
2.0,2.0;3.0,2.0::-1250.0,0.0
-1250.0
3.0,2.0;2.0,2.0::-3500.0,0.0
-3500.0
2.0,2.0;3.0,3.0::500.0,0.0
500.0
3.0,3.0;2.0,2.0::-4000.0,0.0
-4000.0
2.0,2.0;3.0,4.0::-3000.0,0.0
-3000.0
3.0,4.0;2.0,2.0::-3000.0,0.0
-3000.0
2.0,2.0;4.0,0.0::-4000.0,0.0
-4000.0
4.0,0.0;2.0,2.0::500.0,0.0
500.0
2.0,2.0;4.0,1.0::-2250.0,0.0
-2250.0
4.0,1.0;2.0,2.0::0.0,0.0
0.0
2.0,2.0;4.0,2.0::-2250.0,0.0
-2250.0
4.0,2.0;2.0,2.0::0.0,0.0
0.0
2.0,2.0;4.0,3.0::-500.0,0.0
-500.0
4.0,3.0;2.0,2.0::-500.0,0.0
-500.0
2.0,2.0;4.0,4.0::-4000.0,0.0
-4000.0
4.0,4.0;2.0,2.0::500.0,0.0
500.0
2.0,3.0;2.0,3.0::-500.0,0.0
-500.0
2.0,3.0;2.0,3.0::-500.0,0.0
-500.0
2.0,3.0;2.0,4.0::-4000.0,0.0
-4000.0
2.0,4.0;2.0,3.0::500.0,0.0
500.0
2.0,3.0;3.0,0.0::-2500.0,0.0
-2500.0
3.0,0.0;2.0,3.0::-500.0,0.0
-500.0
2.0,3.0;3.0,1.0::-750.0,0.0
-750.0
3.0,1.0;2.0,3.0::-1000.0,0.0
-1000.0
2.0,3.0;3.0,2.0::-750.0,0.0
-750.0
3.0,2.0;2.0,3.0::-1000.0,0.0
-1000.0
2.0,3.0;3.0,3.0::1000.0,0.0
1000.0
3.0,3.0;2.0,3.0::-1500.0,0.0
-1500.0
2.0,3.0;3.0,4.0::-2500.0,0.0
-2500.0
3.0,4.0;2.0,3.0::-500.0,0.0
-500.0
2.0,3.0;4.0,0.0::-4000.0,0.0
-4000.0
4.0,0.0;2.0,3.0::500.0,0.0
500.0
2.0,3.0;4.0,1.0::-2250.0,0.0
-2250.0
4.0,1.0;2.0,3.0::0.0,0.0
0.0
2.0,3.0;4.0,2.0::-2250.0,0.0
-2250.0
4.0,2.0;2.0,3.0::0.0,0.0
0.0
2.0,3.0;4.0,3.0::-500.0,0.0
-500.0
4.0,3.0;2.0,3.0::-500.0,0.0
-500.0
2.0,3.0;4.0,4.0::-4000.0,0.0
-4000.0
4.0,4.0;2.0,3.0::500.0,0.0
500.0
2.0,4.0;2.0,4.0::-3000.0,0.0
-3000.0
2.0,4.0;2.0,4.0::-3000.0,0.0
-3000.0
2.0,4.0;3.0,0.0::-2510.0,0.0
-2510.0
3.0,0.0;2.0,4.0::-507.5,0.0
-507.5
2.0,4.0;3.0,1.0::-760.0,0.0
-760.0
3.0,1.0;2.0,4.0::-1007.5,0.0
-1007.5
2.0,4.0;3.0,2.0::-760.0,0.0
-760.0
3.0,2.0;2.0,4.0::-1007.5,0.0
-1007.5
2.0,4.0;3.0,3.0::990.0,0.0
990.0
3.0,3.0;2.0,4.0::-1507.5,0.0
-1507.5
2.0,4.0;3.0,4.0::-2510.0,0.0
-2510.0
3.0,4.0;2.0,4.0::-507.5,0.0
-507.5
2.0,4.0;4.0,0.0::-4002.5,0.0
-4002.5
4.0,0.0;2.0,4.0::487.5,0.0
487.5
2.0,4.0;4.0,1.0::-2252.5,0.0
-2252.5
4.0,1.0;2.0,4.0::-12.5,0.0
-12.5
2.0,4.0;4.0,2.0::-2252.5,0.0
-2252.5
4.0,2.0;2.0,4.0::-12.5,0.0
-12.5
2.0,4.0;4.0,3.0::-502.5,0.0
-502.5
4.0,3.0;2.0,4.0::-512.5,0.0
-512.5
2.0,4.0;4.0,4.0::-4002.5,0.0
-4002.5
4.0,4.0;2.0,4.0::487.5,0.0
487.5
3.0,0.0;3.0,0.0::-3000.0,0.0
-3000.0
3.0,0.0;3.0,0.0::-3000.0,0.0
-3000.0
3.0,0.0;3.0,1.0::-500.0,0.0
-500.0
3.0,1.0;3.0,0.0::-2500.0,0.0
-2500.0
3.0,0.0;3.0,2.0::-3000.0,0.0
-3000.0
3.0,2.0;3.0,0.0::-3000.0,0.0
-3000.0
3.0,0.0;3.0,3.0::-500.0,0.0
-500.0
3.0,3.0;3.0,0.0::-2500.0,0.0
-2500.0
3.0,0.0;3.0,4.0::-507.5,0.0
-507.5
3.0,4.0;3.0,0.0::-2510.0,0.0
-2510.0
3.0,0.0;4.0,0.0::-2520.0,0.0
-2520.0
4.0,0.0;3.0,0.0::-515.0,0.0
-515.0
3.0,0.0;4.0,1.0::-20.0,0.0
-20.0
4.0,1.0;3.0,0.0::-15.0,0.0
-15.0
3.0,0.0;4.0,2.0::-2520.0,0.0
-2520.0
4.0,2.0;3.0,0.0::-515.0,0.0
-515.0
3.0,0.0;4.0,3.0::-20.0,0.0
-20.0
4.0,3.0;3.0,0.0::-15.0,0.0
-15.0
3.0,0.0;4.0,4.0::-27.5,0.0
-27.5
4.0,4.0;3.0,0.0::-25.0,0.0
-25.0
3.0,1.0;3.0,1.0::0.0,0.0
0.0
3.0,1.0;3.0,1.0::0.0,0.0
0.0
3.0,1.0;3.0,2.0::-2500.0,0.0
-2500.0
3.0,2.0;3.0,1.0::-500.0,0.0
-500.0
3.0,1.0;3.0,3.0::0.0,0.0
0.0
3.0,3.0;3.0,1.0::0.0,0.0
0.0
3.0,1.0;3.0,4.0::-7.5,0.0
-7.5
3.0,4.0;3.0,1.0::-10.0,0.0
-10.0
3.0,1.0;4.0,0.0::-2520.0,0.0
-2520.0
4.0,0.0;3.0,1.0::-515.0,0.0
-515.0
3.0,1.0;4.0,1.0::-20.0,0.0
-20.0
4.0,1.0;3.0,1.0::-15.0,0.0
-15.0
3.0,1.0;4.0,2.0::-2520.0,0.0
-2520.0
4.0,2.0;3.0,1.0::-515.0,0.0
-515.0
3.0,1.0;4.0,3.0::-20.0,0.0
-20.0
4.0,3.0;3.0,1.0::-15.0,0.0
-15.0
3.0,1.0;4.0,4.0::-27.5,0.0
-27.5
4.0,4.0;3.0,1.0::-25.0,0.0
-25.0
3.0,2.0;3.0,2.0::-3000.0,0.0
-3000.0
3.0,2.0;3.0,2.0::-3000.0,0.0
-3000.0
3.0,2.0;3.0,3.0::-500.0,0.0
-500.0
3.0,3.0;3.0,2.0::-2500.0,0.0
-2500.0
3.0,2.0;3.0,4.0::-507.5,0.0
-507.5
3.0,4.0;3.0,2.0::-2510.0,0.0
-2510.0
3.0,2.0;4.0,0.0::-4000.0,0.0
-4000.0
4.0,0.0;3.0,2.0::500.0,0.0
500.0
3.0,2.0;4.0,1.0::-1500.0,0.0
-1500.0
4.0,1.0;3.0,2.0::1000.0,0.0
1000.0
3.0,2.0;4.0,2.0::-4000.0,0.0
-4000.0
4.0,2.0;3.0,2.0::500.0,0.0
500.0
3.0,2.0;4.0,3.0::-1500.0,0.0
-1500.0
4.0,3.0;3.0,2.0::1000.0,0.0
1000.0
3.0,2.0;4.0,4.0::-1507.5,0.0
-1507.5
4.0,4.0;3.0,2.0::990.0,0.0
990.0
3.0,3.0;3.0,3.0::0.0,0.0
0.0
3.0,3.0;3.0,3.0::0.0,0.0
0.0
3.0,3.0;3.0,4.0::-7.5,0.0
-7.5
3.0,4.0;3.0,3.0::-10.0,0.0
-10.0
3.0,3.0;4.0,0.0::-4000.0,0.0
-4000.0
4.0,0.0;3.0,3.0::500.0,0.0
500.0
3.0,3.0;4.0,1.0::-1500.0,0.0
-1500.0
4.0,1.0;3.0,3.0::1000.0,0.0
1000.0
3.0,3.0;4.0,2.0::-4000.0,0.0
-4000.0
4.0,2.0;3.0,3.0::500.0,0.0
500.0
3.0,3.0;4.0,3.0::-1500.0,0.0
-1500.0
4.0,3.0;3.0,3.0::1000.0,0.0
1000.0
3.0,3.0;4.0,4.0::-1507.5,0.0
-1507.5
4.0,4.0;3.0,3.0::990.0,0.0
990.0
3.0,4.0;3.0,4.0::-17.5,0.0
-17.5
3.0,4.0;3.0,4.0::-17.5,0.0
-17.5
3.0,4.0;4.0,0.0::-4002.5,0.0
-4002.5
4.0,0.0;3.0,4.0::487.5,0.0
487.5
3.0,4.0;4.0,1.0::-1502.5,0.0
-1502.5
4.0,1.0;3.0,4.0::987.5,0.0
987.5
3.0,4.0;4.0,2.0::-4002.5,0.0
-4002.5
4.0,2.0;3.0,4.0::487.5,0.0
487.5
3.0,4.0;4.0,3.0::-1502.5,0.0
-1502.5
4.0,3.0;3.0,4.0::987.5,0.0
987.5
3.0,4.0;4.0,4.0::-1510.0,0.0
-1510.0
4.0,4.0;3.0,4.0::977.5,0.0
977.5
4.0,0.0;4.0,0.0::-35.0,0.0
-35.0
4.0,0.0;4.0,0.0::-35.0,0.0
-35.0
4.0,0.0;4.0,1.0::-35.0,0.0
-35.0
4.0,1.0;4.0,0.0::-35.0,0.0
-35.0
4.0,0.0;4.0,2.0::980.0,0.0
980.0
4.0,2.0;4.0,0.0::-1515.0,0.0
-1515.0
4.0,0.0;4.0,3.0::980.0,0.0
980.0
4.0,3.0;4.0,0.0::-1515.0,0.0
-1515.0
4.0,0.0;4.0,4.0::967.5,0.0
967.5
4.0,4.0;4.0,0.0::-1517.5,0.0
-1517.5
4.0,1.0;4.0,1.0::-35.0,0.0
-35.0
4.0,1.0;4.0,1.0::-35.0,0.0
-35.0
4.0,1.0;4.0,2.0::980.0,0.0
980.0
4.0,2.0;4.0,1.0::-1515.0,0.0
-1515.0
4.0,1.0;4.0,3.0::980.0,0.0
980.0
4.0,3.0;4.0,1.0::-1515.0,0.0
-1515.0
4.0,1.0;4.0,4.0::967.5,0.0
967.5
4.0,4.0;4.0,1.0::-1517.5,0.0
-1517.5
4.0,2.0;4.0,2.0::-500.0,0.0
-500.0
4.0,2.0;4.0,2.0::-500.0,0.0
-500.0
4.0,2.0;4.0,3.0::-500.0,0.0
-500.0
4.0,3.0;4.0,2.0::-500.0,0.0
-500.0
4.0,2.0;4.0,4.0::-512.5,0.0
-512.5
4.0,4.0;4.0,2.0::-502.5,0.0
-502.5
4.0,3.0;4.0,3.0::-500.0,0.0
-500.0
4.0,3.0;4.0,3.0::-500.0,0.0
-500.0
4.0,3.0;4.0,4.0::-512.5,0.0
-512.5
4.0,4.0;4.0,3.0::-502.5,0.0
-502.5
4.0,4.0;4.0,4.0::-515.0,0.0
-515.0
4.0,4.0;4.0,4.0::-515.0,0.0
-515.0
