2.0,0.0;2.0,0.0::-1500.0,0.0
-1500.0
2.0,0.0;2.0,0.0::-1500.0,0.0
-1500.0
2.0,0.0;2.0,1.0::-500.0,0.0
-500.0
2.0,1.0;2.0,0.0::-1750.0,0.0
-1750.0
2.0,0.0;2.0,2.0::-500.0,0.0
-500.0
2.0,2.0;2.0,0.0::-1750.0,0.0
-1750.0
2.0,0.0;2.0,3.0::500.0,0.0
500.0
2.0,3.0;2.0,0.0::-2000.0,0.0
-2000.0
2.0,0.0;2.0,4.0::-1500.0,0.0
-1500.0
2.0,4.0;2.0,0.0::-1500.0,0.0
-1500.0
2.0,0.0;3.0,0.0::-1500.0,0.0
-1500.0
3.0,0.0;2.0,0.0::-1500.0,0.0
-1500.0
2.0,0.0;3.0,1.0::-500.0,0.0
-500.0
3.0,1.0;2.0,0.0::-1750.0,0.0
-1750.0
2.0,0.0;3.0,2.0::-500.0,0.0
-500.0
3.0,2.0;2.0,0.0::-1750.0,0.0
-1750.0
2.0,0.0;3.0,3.0::500.0,0.0
500.0
3.0,3.0;2.0,0.0::-2000.0,0.0
-2000.0
2.0,0.0;3.0,4.0::-1500.0,0.0
-1500.0
3.0,4.0;2.0,0.0::-1500.0,0.0
-1500.0
2.0,0.0;4.0,0.0::-1015.0,0.0
-1015.0
4.0,0.0;2.0,0.0::-500.0,0.0
-500.0
2.0,0.0;4.0,1.0::-15.0,0.0
-15.0
4.0,1.0;2.0,0.0::-750.0,0.0
-750.0
2.0,0.0;4.0,2.0::-15.0,0.0
-15.0
4.0,2.0;2.0,0.0::-750.0,0.0
-750.0
2.0,0.0;4.0,3.0::985.0,0.0
985.0
4.0,3.0;2.0,0.0::-1000.0,0.0
-1000.0
2.0,0.0;4.0,4.0::-1015.0,0.0
-1015.0
4.0,4.0;2.0,0.0::-500.0,0.0
-500.0
