1.0,4.0;1.0,4.0::-7.5,0.0
-7.5
1.0,4.0;1.0,4.0::-7.5,0.0
-7.5
1.0,4.0;2.0,0.0::-500.0,0.0
-500.0
2.0,0.0;1.0,4.0::-2500.0,0.0
-2500.0
1.0,4.0;2.0,1.0::-500.0,0.0
-500.0
2.0,1.0;1.0,4.0::-1750.0,0.0
-1750.0
1.0,4.0;2.0,2.0::-500.0,0.0
-500.0
2.0,2.0;1.0,4.0::-1750.0,0.0
-1750.0
1.0,4.0;2.0,3.0::-500.0,0.0
-500.0
2.0,3.0;1.0,4.0::-1000.0,0.0
-1000.0
1.0,4.0;2.0,4.0::-500.0,0.0
-500.0
2.0,4.0;1.0,4.0::-1007.5,0.0
-1007.5
1.0,4.0;3.0,0.0::-7.5,0.0
-7.5
3.0,0.0;1.0,4.0::-1500.0,0.0
-1500.0
1.0,4.0;3.0,1.0::-7.5,0.0
-7.5
3.0,1.0;1.0,4.0::-750.0,0.0
-750.0
1.0,4.0;3.0,2.0::-7.5,0.0
-7.5
3.0,2.0;1.0,4.0::-750.0,0.0
-750.0
1.0,4.0;3.0,3.0::-7.5,0.0
-7.5
3.0,3.0;1.0,4.0::0.0,0.0
0.0
1.0,4.0;3.0,4.0::-7.5,0.0
-7.5
3.0,4.0;1.0,4.0::-7.5,0.0
-7.5
1.0,4.0;4.0,0.0::-1002.5,0.0
-1002.5
4.0,0.0;1.0,4.0::-505.0,0.0
-505.0
1.0,4.0;4.0,1.0::-1002.5,0.0
-1002.5
4.0,1.0;1.0,4.0::245.0,0.0
245.0
1.0,4.0;4.0,2.0::-1002.5,0.0
-1002.5
4.0,2.0;1.0,4.0::245.0,0.0
245.0
1.0,4.0;4.0,3.0::-1002.5,0.0
-1002.5
4.0,3.0;1.0,4.0::995.0,0.0
995.0
1.0,4.0;4.0,4.0::-1002.5,0.0
-1002.5
4.0,4.0;1.0,4.0::987.5,0.0
987.5
