0.0,0.0;0.0,0.0::-1500.0,0.0
-1500.0
0.0,0.0;0.0,0.0::-1500.0,0.0
-1500.0
0.0,0.0;0.0,1.0::-1500.0,0.0
-1500.0
0.0,1.0;0.0,0.0::-1500.0,0.0
-1500.0
0.0,0.0;0.0,2.0::-500.0,0.0
-500.0
0.0,2.0;0.0,0.0::-1000.0,0.0
-1000.0
0.0,0.0;0.0,3.0::-500.0,0.0
-500.0
0.0,3.0;0.0,0.0::-1000.0,0.0
-1000.0
0.0,0.0;0.0,4.0::-505.0,0.0
-505.0
0.0,4.0;0.0,0.0::-1002.5,0.0
-1002.5
0.0,0.0;1.0,0.0::-1500.0,0.0
-1500.0
1.0,0.0;0.0,0.0::-1500.0,0.0
-1500.0
0.0,0.0;1.0,1.0::-1500.0,0.0
-1500.0
1.0,1.0;0.0,0.0::-1500.0,0.0
-1500.0
0.0,0.0;1.0,2.0::-500.0,0.0
-500.0
1.0,2.0;0.0,0.0::-1000.0,0.0
-1000.0
0.0,0.0;1.0,3.0::-500.0,0.0
-500.0
1.0,3.0;0.0,0.0::-1000.0,0.0
-1000.0
0.0,0.0;1.0,4.0::-505.0,0.0
-505.0
1.0,4.0;0.0,0.0::-1002.5,0.0
-1002.5
0.0,0.0;2.0,0.0::-500.0,0.0
-500.0
2.0,0.0;0.0,0.0::-2500.0,0.0
-2500.0
0.0,0.0;2.0,1.0::-500.0,0.0
-500.0
2.0,1.0;0.0,0.0::-2500.0,0.0
-2500.0
0.0,0.0;2.0,2.0::500.0,0.0
500.0
2.0,2.0;0.0,0.0::-2000.0,0.0
-2000.0
0.0,0.0;2.0,3.0::500.0,0.0
500.0
2.0,3.0;0.0,0.0::-2000.0,0.0
-2000.0
0.0,0.0;2.0,4.0::495.0,0.0
495.0
2.0,4.0;0.0,0.0::-2002.5,0.0
-2002.5
0.0,0.0;3.0,0.0::-500.0,0.0
-500.0
3.0,0.0;0.0,0.0::-2500.0,0.0
-2500.0
0.0,0.0;3.0,1.0::-500.0,0.0
-500.0
3.0,1.0;0.0,0.0::-2500.0,0.0
-2500.0
0.0,0.0;3.0,2.0::500.0,0.0
500.0
3.0,2.0;0.0,0.0::-2000.0,0.0
-2000.0
0.0,0.0;3.0,3.0::500.0,0.0
500.0
3.0,3.0;0.0,0.0::-2000.0,0.0
-2000.0
0.0,0.0;3.0,4.0::495.0,0.0
495.0
3.0,4.0;0.0,0.0::-2002.5,0.0
-2002.5
0.0,0.0;4.0,0.0::-15.0,0.0
-15.0
4.0,0.0;0.0,0.0::-1500.0,0.0
-1500.0
0.0,0.0;4.0,1.0::-15.0,0.0
-15.0
4.0,1.0;0.0,0.0::-1500.0,0.0
-1500.0
0.0,0.0;4.0,2.0::985.0,0.0
985.0
4.0,2.0;0.0,0.0::-1000.0,0.0
-1000.0
0.0,0.0;4.0,3.0::985.0,0.0
985.0
4.0,3.0;0.0,0.0::-1000.0,0.0
-1000.0
0.0,0.0;4.0,4.0::980.0,0.0
980.0
4.0,4.0;0.0,0.0::-1002.5,0.0
-1002.5
0.0,1.0;0.0,1.0::-1500.0,0.0
-1500.0
0.0,1.0;0.0,1.0::-1500.0,0.0
-1500.0
0.0,1.0;0.0,2.0::-500.0,0.0
-500.0
0.0,2.0;0.0,1.0::-1000.0,0.0
-1000.0
0.0,1.0;0.0,3.0::-500.0,0.0
-500.0
0.0,3.0;0.0,1.0::-1000.0,0.0
-1000.0
0.0,1.0;0.0,4.0::-505.0,0.0
-505.0
0.0,4.0;0.0,1.0::-1002.5,0.0
-1002.5
0.0,1.0;1.0,0.0::-750.0,0.0
-750.0
1.0,0.0;0.0,1.0::-1500.0,0.0
-1500.0
0.0,1.0;1.0,1.0::-750.0,0.0
-750.0
1.0,1.0;0.0,1.0::-1500.0,0.0
-1500.0
0.0,1.0;1.0,2.0::250.0,0.0
250.0
1.0,2.0;0.0,1.0::-1000.0,0.0
-1000.0
0.0,1.0;1.0,3.0::250.0,0.0
250.0
1.0,3.0;0.0,1.0::-1000.0,0.0
-1000.0
0.0,1.0;1.0,4.0::245.0,0.0
245.0
1.0,4.0;0.0,1.0::-1002.5,0.0
-1002.5
0.0,1.0;2.0,0.0::-750.0,0.0
-750.0
2.0,0.0;0.0,1.0::-1500.0,0.0
-1500.0
0.0,1.0;2.0,1.0::-750.0,0.0
-750.0
2.0,1.0;0.0,1.0::-1500.0,0.0
-1500.0
0.0,1.0;2.0,2.0::250.0,0.0
250.0
2.0,2.0;0.0,1.0::-1000.0,0.0
-1000.0
0.0,1.0;2.0,3.0::250.0,0.0
250.0
2.0,3.0;0.0,1.0::-1000.0,0.0
-1000.0
0.0,1.0;2.0,4.0::245.0,0.0
245.0
2.0,4.0;0.0,1.0::-1002.5,0.0
-1002.5
0.0,1.0;3.0,0.0::0.0,0.0
0.0
3.0,0.0;0.0,1.0::-1500.0,0.0
-1500.0
0.0,1.0;3.0,1.0::0.0,0.0
0.0
3.0,1.0;0.0,1.0::-1500.0,0.0
-1500.0
0.0,1.0;3.0,2.0::1000.0,0.0
1000.0
3.0,2.0;0.0,1.0::-1000.0,0.0
-1000.0
0.0,1.0;3.0,3.0::1000.0,0.0
1000.0
3.0,3.0;0.0,1.0::-1000.0,0.0
-1000.0
0.0,1.0;3.0,4.0::995.0,0.0
995.0
3.0,4.0;0.0,1.0::-1002.5,0.0
-1002.5
0.0,1.0;4.0,0.0::-15.0,0.0
-15.0
4.0,0.0;0.0,1.0::-1500.0,0.0
-1500.0
0.0,1.0;4.0,1.0::-15.0,0.0
-15.0
4.0,1.0;0.0,1.0::-1500.0,0.0
-1500.0
0.0,1.0;4.0,2.0::985.0,0.0
985.0
4.0,2.0;0.0,1.0::-1000.0,0.0
-1000.0
0.0,1.0;4.0,3.0::985.0,0.0
985.0
4.0,3.0;0.0,1.0::-1000.0,0.0
-1000.0
0.0,1.0;4.0,4.0::980.0,0.0
980.0
4.0,4.0;0.0,1.0::-1002.5,0.0
-1002.5
0.0,2.0;0.0,2.0::0.0,0.0
0.0
0.0,2.0;0.0,2.0::0.0,0.0
0.0
0.0,2.0;0.0,3.0::0.0,0.0
0.0
0.0,3.0;0.0,2.0::0.0,0.0
0.0
0.0,2.0;0.0,4.0::-5.0,0.0
-5.0
0.0,4.0;0.0,2.0::-2.5,0.0
-2.5
0.0,2.0;1.0,0.0::-750.0,0.0
-750.0
1.0,0.0;0.0,2.0::-1500.0,0.0
-1500.0
0.0,2.0;1.0,1.0::-750.0,0.0
-750.0
1.0,1.0;0.0,2.0::-1500.0,0.0
-1500.0
0.0,2.0;1.0,2.0::250.0,0.0
250.0
1.0,2.0;0.0,2.0::-1000.0,0.0
-1000.0
0.0,2.0;1.0,3.0::250.0,0.0
250.0
1.0,3.0;0.0,2.0::-1000.0,0.0
-1000.0
0.0,2.0;1.0,4.0::245.0,0.0
245.0
1.0,4.0;0.0,2.0::-1002.5,0.0
-1002.5
0.0,2.0;2.0,0.0::-750.0,0.0
-750.0
2.0,0.0;0.0,2.0::-1500.0,0.0
-1500.0
0.0,2.0;2.0,1.0::-750.0,0.0
-750.0
2.0,1.0;0.0,2.0::-1500.0,0.0
-1500.0
0.0,2.0;2.0,2.0::250.0,0.0
250.0
2.0,2.0;0.0,2.0::-1000.0,0.0
-1000.0
0.0,2.0;2.0,3.0::250.0,0.0
250.0
2.0,3.0;0.0,2.0::-1000.0,0.0
-1000.0
0.0,2.0;2.0,4.0::245.0,0.0
245.0
2.0,4.0;0.0,2.0::-1002.5,0.0
-1002.5
0.0,2.0;3.0,0.0::-500.0,0.0
-500.0
3.0,0.0;0.0,2.0::-2500.0,0.0
-2500.0
0.0,2.0;3.0,1.0::-500.0,0.0
-500.0
3.0,1.0;0.0,2.0::-2500.0,0.0
-2500.0
0.0,2.0;3.0,2.0::500.0,0.0
500.0
3.0,2.0;0.0,2.0::-2000.0,0.0
-2000.0
0.0,2.0;3.0,3.0::500.0,0.0
500.0
3.0,3.0;0.0,2.0::-2000.0,0.0
-2000.0
0.0,2.0;3.0,4.0::495.0,0.0
495.0
3.0,4.0;0.0,2.0::-2002.5,0.0
-2002.5
0.0,2.0;4.0,0.0::-1000.0,0.0
-1000.0
4.0,0.0;0.0,2.0::-500.0,0.0
-500.0
0.0,2.0;4.0,1.0::-1000.0,0.0
-1000.0
4.0,1.0;0.0,2.0::-500.0,0.0
-500.0
0.0,2.0;4.0,2.0::0.0,0.0
0.0
4.0,2.0;0.0,2.0::0.0,0.0
0.0
0.0,2.0;4.0,3.0::0.0,0.0
0.0
4.0,3.0;0.0,2.0::0.0,0.0
0.0
0.0,2.0;4.0,4.0::-5.0,0.0
-5.0
4.0,4.0;0.0,2.0::-2.5,0.0
-2.5
0.0,3.0;0.0,3.0::0.0,0.0
0.0
0.0,3.0;0.0,3.0::0.0,0.0
0.0
0.0,3.0;0.0,4.0::-5.0,0.0
-5.0
0.0,4.0;0.0,3.0::-2.5,0.0
-2.5
0.0,3.0;1.0,0.0::0.0,0.0
0.0
1.0,0.0;0.0,3.0::-1500.0,0.0
-1500.0
0.0,3.0;1.0,1.0::0.0,0.0
0.0
1.0,1.0;0.0,3.0::-1500.0,0.0
-1500.0
0.0,3.0;1.0,2.0::1000.0,0.0
1000.0
1.0,2.0;0.0,3.0::-1000.0,0.0
-1000.0
0.0,3.0;1.0,3.0::1000.0,0.0
1000.0
1.0,3.0;0.0,3.0::-1000.0,0.0
-1000.0
0.0,3.0;1.0,4.0::995.0,0.0
995.0
1.0,4.0;0.0,3.0::-1002.5,0.0
-1002.5
0.0,3.0;2.0,0.0::-1000.0,0.0
-1000.0
2.0,0.0;0.0,3.0::-500.0,0.0
-500.0
0.0,3.0;2.0,1.0::-1000.0,0.0
-1000.0
2.0,1.0;0.0,3.0::-500.0,0.0
-500.0
0.0,3.0;2.0,2.0::0.0,0.0
0.0
2.0,2.0;0.0,3.0::0.0,0.0
0.0
0.0,3.0;2.0,3.0::0.0,0.0
0.0
2.0,3.0;0.0,3.0::0.0,0.0
0.0
0.0,3.0;2.0,4.0::-5.0,0.0
-5.0
2.0,4.0;0.0,3.0::-2.5,0.0
-2.5
0.0,3.0;3.0,0.0::0.0,0.0
0.0
3.0,0.0;0.0,3.0::-1500.0,0.0
-1500.0
0.0,3.0;3.0,1.0::0.0,0.0
0.0
3.0,1.0;0.0,3.0::-1500.0,0.0
-1500.0
0.0,3.0;3.0,2.0::1000.0,0.0
1000.0
3.0,2.0;0.0,3.0::-1000.0,0.0
-1000.0
0.0,3.0;3.0,3.0::1000.0,0.0
1000.0
3.0,3.0;0.0,3.0::-1000.0,0.0
-1000.0
0.0,3.0;3.0,4.0::995.0,0.0
995.0
3.0,4.0;0.0,3.0::-1002.5,0.0
-1002.5
0.0,3.0;4.0,0.0::-1000.0,0.0
-1000.0
4.0,0.0;0.0,3.0::-500.0,0.0
-500.0
0.0,3.0;4.0,1.0::-1000.0,0.0
-1000.0
4.0,1.0;0.0,3.0::-500.0,0.0
-500.0
0.0,3.0;4.0,2.0::0.0,0.0
0.0
4.0,2.0;0.0,3.0::0.0,0.0
0.0
0.0,3.0;4.0,3.0::0.0,0.0
0.0
4.0,3.0;0.0,3.0::0.0,0.0
0.0
0.0,3.0;4.0,4.0::-5.0,0.0
-5.0
4.0,4.0;0.0,3.0::-2.5,0.0
-2.5
0.0,4.0;0.0,4.0::-7.5,0.0
-7.5
0.0,4.0;0.0,4.0::-7.5,0.0
-7.5
0.0,4.0;1.0,0.0::-7.5,0.0
-7.5
1.0,0.0;0.0,4.0::-1500.0,0.0
-1500.0
0.0,4.0;1.0,1.0::-7.5,0.0
-7.5
1.0,1.0;0.0,4.0::-1500.0,0.0
-1500.0
0.0,4.0;1.0,2.0::992.5,0.0
992.5
1.0,2.0;0.0,4.0::-1000.0,0.0
-1000.0
0.0,4.0;1.0,3.0::992.5,0.0
992.5
1.0,3.0;0.0,4.0::-1000.0,0.0
-1000.0
0.0,4.0;1.0,4.0::987.5,0.0
987.5
1.0,4.0;0.0,4.0::-1002.5,0.0
-1002.5
0.0,4.0;2.0,0.0::-500.0,0.0
-500.0
2.0,0.0;0.0,4.0::-2500.0,0.0
-2500.0
0.0,4.0;2.0,1.0::-500.0,0.0
-500.0
2.0,1.0;0.0,4.0::-2500.0,0.0
-2500.0
0.0,4.0;2.0,2.0::500.0,0.0
500.0
2.0,2.0;0.0,4.0::-2000.0,0.0
-2000.0
0.0,4.0;2.0,3.0::500.0,0.0
500.0
2.0,3.0;0.0,4.0::-2000.0,0.0
-2000.0
0.0,4.0;2.0,4.0::495.0,0.0
495.0
2.0,4.0;0.0,4.0::-2002.5,0.0
-2002.5
0.0,4.0;3.0,0.0::-7.5,0.0
-7.5
3.0,0.0;0.0,4.0::-1500.0,0.0
-1500.0
0.0,4.0;3.0,1.0::-7.5,0.0
-7.5
3.0,1.0;0.0,4.0::-1500.0,0.0
-1500.0
0.0,4.0;3.0,2.0::992.5,0.0
992.5
3.0,2.0;0.0,4.0::-1000.0,0.0
-1000.0
0.0,4.0;3.0,3.0::992.5,0.0
992.5
3.0,3.0;0.0,4.0::-1000.0,0.0
-1000.0
0.0,4.0;3.0,4.0::987.5,0.0
987.5
3.0,4.0;0.0,4.0::-1002.5,0.0
-1002.5
0.0,4.0;4.0,0.0::-1002.5,0.0
-1002.5
4.0,0.0;0.0,4.0::-505.0,0.0
-505.0
0.0,4.0;4.0,1.0::-1002.5,0.0
-1002.5
4.0,1.0;0.0,4.0::-505.0,0.0
-505.0
0.0,4.0;4.0,2.0::-2.5,0.0
-2.5
4.0,2.0;0.0,4.0::-5.0,0.0
-5.0
0.0,4.0;4.0,3.0::-2.5,0.0
-2.5
4.0,3.0;0.0,4.0::-5.0,0.0
-5.0
0.0,4.0;4.0,4.0::-7.5,0.0
-7.5
4.0,4.0;0.0,4.0::-7.5,0.0
-7.5
1.0,0.0;1.0,0.0::-1500.0,0.0
-1500.0
1.0,0.0;1.0,0.0::-1500.0,0.0
-1500.0
1.0,0.0;1.0,1.0::-1500.0,0.0
-1500.0
1.0,1.0;1.0,0.0::-750.0,0.0
-750.0
1.0,0.0;1.0,2.0::-1500.0,0.0
-1500.0
1.0,2.0;1.0,0.0::-750.0,0.0
-750.0
1.0,0.0;1.0,3.0::-1500.0,0.0
-1500.0
1.0,3.0;1.0,0.0::0.0,0.0
0.0
1.0,0.0;1.0,4.0::-1500.0,0.0
-1500.0
1.0,4.0;1.0,0.0::-7.5,0.0
-7.5
1.0,0.0;2.0,0.0::-500.0,0.0
-500.0
2.0,0.0;1.0,0.0::-2500.0,0.0
-2500.0
1.0,0.0;2.0,1.0::-500.0,0.0
-500.0
2.0,1.0;1.0,0.0::-1750.0,0.0
-1750.0
1.0,0.0;2.0,2.0::-500.0,0.0
-500.0
2.0,2.0;1.0,0.0::-1750.0,0.0
-1750.0
1.0,0.0;2.0,3.0::-500.0,0.0
-500.0
2.0,3.0;1.0,0.0::-1000.0,0.0
-1000.0
1.0,0.0;2.0,4.0::-500.0,0.0
-500.0
2.0,4.0;1.0,0.0::-1007.5,0.0
-1007.5
1.0,0.0;3.0,0.0::-500.0,0.0
-500.0
3.0,0.0;1.0,0.0::-2500.0,0.0
-2500.0
1.0,0.0;3.0,1.0::-500.0,0.0
-500.0
3.0,1.0;1.0,0.0::-1750.0,0.0
-1750.0
1.0,0.0;3.0,2.0::-500.0,0.0
-500.0
3.0,2.0;1.0,0.0::-1750.0,0.0
-1750.0
1.0,0.0;3.0,3.0::-500.0,0.0
-500.0
3.0,3.0;1.0,0.0::-1000.0,0.0
-1000.0
1.0,0.0;3.0,4.0::-500.0,0.0
-500.0
3.0,4.0;1.0,0.0::-1007.5,0.0
-1007.5
1.0,0.0;4.0,0.0::-15.0,0.0
-15.0
4.0,0.0;1.0,0.0::-1500.0,0.0
-1500.0
1.0,0.0;4.0,1.0::-15.0,0.0
-15.0
4.0,1.0;1.0,0.0::-750.0,0.0
-750.0
1.0,0.0;4.0,2.0::-15.0,0.0
-15.0
4.0,2.0;1.0,0.0::-750.0,0.0
-750.0
1.0,0.0;4.0,3.0::-15.0,0.0
-15.0
4.0,3.0;1.0,0.0::0.0,0.0
0.0
1.0,0.0;4.0,4.0::-15.0,0.0
-15.0
4.0,4.0;1.0,0.0::-7.5,0.0
-7.5
1.0,1.0;1.0,1.0::-750.0,0.0
-750.0
1.0,1.0;1.0,1.0::-750.0,0.0
-750.0
1.0,1.0;1.0,2.0::-750.0,0.0
-750.0
1.0,2.0;1.0,1.0::-750.0,0.0
-750.0
1.0,1.0;1.0,3.0::-750.0,0.0
-750.0
1.0,3.0;1.0,1.0::0.0,0.0
0.0
1.0,1.0;1.0,4.0::-750.0,0.0
-750.0
1.0,4.0;1.0,1.0::-7.5,0.0
-7.5
1.0,1.0;2.0,0.0::-750.0,0.0
-750.0
2.0,0.0;1.0,1.0::-1500.0,0.0
-1500.0
1.0,1.0;2.0,1.0::-750.0,0.0
-750.0
2.0,1.0;1.0,1.0::-750.0,0.0
-750.0
1.0,1.0;2.0,2.0::-750.0,0.0
-750.0
2.0,2.0;1.0,1.0::-750.0,0.0
-750.0
1.0,1.0;2.0,3.0::-750.0,0.0
-750.0
2.0,3.0;1.0,1.0::0.0,0.0
0.0
1.0,1.0;2.0,4.0::-750.0,0.0
-750.0
2.0,4.0;1.0,1.0::-7.5,0.0
-7.5
1.0,1.0;3.0,0.0::0.0,0.0
0.0
3.0,0.0;1.0,1.0::-1500.0,0.0
-1500.0
1.0,1.0;3.0,1.0::0.0,0.0
0.0
3.0,1.0;1.0,1.0::-750.0,0.0
-750.0
1.0,1.0;3.0,2.0::0.0,0.0
0.0
3.0,2.0;1.0,1.0::-750.0,0.0
-750.0
1.0,1.0;3.0,3.0::0.0,0.0
0.0
3.0,3.0;1.0,1.0::0.0,0.0
0.0
1.0,1.0;3.0,4.0::0.0,0.0
0.0
3.0,4.0;1.0,1.0::-7.5,0.0
-7.5
1.0,1.0;4.0,0.0::-15.0,0.0
-15.0
4.0,0.0;1.0,1.0::-1500.0,0.0
-1500.0
1.0,1.0;4.0,1.0::-15.0,0.0
-15.0
4.0,1.0;1.0,1.0::-750.0,0.0
-750.0
1.0,1.0;4.0,2.0::-15.0,0.0
-15.0
4.0,2.0;1.0,1.0::-750.0,0.0
-750.0
1.0,1.0;4.0,3.0::-15.0,0.0
-15.0
4.0,3.0;1.0,1.0::0.0,0.0
0.0
1.0,1.0;4.0,4.0::-15.0,0.0
-15.0
4.0,4.0;1.0,1.0::-7.5,0.0
-7.5
1.0,2.0;1.0,2.0::-750.0,0.0
-750.0
1.0,2.0;1.0,2.0::-750.0,0.0
-750.0
1.0,2.0;1.0,3.0::-750.0,0.0
-750.0
1.0,3.0;1.0,2.0::0.0,0.0
0.0
1.0,2.0;1.0,4.0::-750.0,0.0
-750.0
1.0,4.0;1.0,2.0::-7.5,0.0
-7.5
1.0,2.0;2.0,0.0::-750.0,0.0
-750.0
2.0,0.0;1.0,2.0::-1500.0,0.0
-1500.0
1.0,2.0;2.0,1.0::-750.0,0.0
-750.0
2.0,1.0;1.0,2.0::-750.0,0.0
-750.0
1.0,2.0;2.0,2.0::-750.0,0.0
-750.0
2.0,2.0;1.0,2.0::-750.0,0.0
-750.0
1.0,2.0;2.0,3.0::-750.0,0.0
-750.0
2.0,3.0;1.0,2.0::0.0,0.0
0.0
1.0,2.0;2.0,4.0::-750.0,0.0
-750.0
2.0,4.0;1.0,2.0::-7.5,0.0
-7.5
1.0,2.0;3.0,0.0::-500.0,0.0
-500.0
3.0,0.0;1.0,2.0::-2500.0,0.0
-2500.0
1.0,2.0;3.0,1.0::-500.0,0.0
-500.0
3.0,1.0;1.0,2.0::-1750.0,0.0
-1750.0
1.0,2.0;3.0,2.0::-500.0,0.0
-500.0
3.0,2.0;1.0,2.0::-1750.0,0.0
-1750.0
1.0,2.0;3.0,3.0::-500.0,0.0
-500.0
3.0,3.0;1.0,2.0::-1000.0,0.0
-1000.0
1.0,2.0;3.0,4.0::-500.0,0.0
-500.0
3.0,4.0;1.0,2.0::-1007.5,0.0
-1007.5
1.0,2.0;4.0,0.0::-1000.0,0.0
-1000.0
4.0,0.0;1.0,2.0::-500.0,0.0
-500.0
1.0,2.0;4.0,1.0::-1000.0,0.0
-1000.0
4.0,1.0;1.0,2.0::250.0,0.0
250.0
1.0,2.0;4.0,2.0::-1000.0,0.0
-1000.0
4.0,2.0;1.0,2.0::250.0,0.0
250.0
1.0,2.0;4.0,3.0::-1000.0,0.0
-1000.0
4.0,3.0;1.0,2.0::1000.0,0.0
1000.0
1.0,2.0;4.0,4.0::-1000.0,0.0
-1000.0
4.0,4.0;1.0,2.0::992.5,0.0
992.5
1.0,3.0;1.0,3.0::0.0,0.0
0.0
1.0,3.0;1.0,3.0::0.0,0.0
0.0
1.0,3.0;1.0,4.0::0.0,0.0
0.0
1.0,4.0;1.0,3.0::-7.5,0.0
-7.5
1.0,3.0;2.0,0.0::-1000.0,0.0
-1000.0
2.0,0.0;1.0,3.0::-500.0,0.0
-500.0
1.0,3.0;2.0,1.0::-1000.0,0.0
-1000.0
2.0,1.0;1.0,3.0::250.0,0.0
250.0
1.0,3.0;2.0,2.0::-1000.0,0.0
-1000.0
2.0,2.0;1.0,3.0::250.0,0.0
250.0
1.0,3.0;2.0,3.0::-1000.0,0.0
-1000.0
2.0,3.0;1.0,3.0::1000.0,0.0
1000.0
1.0,3.0;2.0,4.0::-1000.0,0.0
-1000.0
2.0,4.0;1.0,3.0::992.5,0.0
992.5
1.0,3.0;3.0,0.0::0.0,0.0
0.0
3.0,0.0;1.0,3.0::-1500.0,0.0
-1500.0
1.0,3.0;3.0,1.0::0.0,0.0
0.0
3.0,1.0;1.0,3.0::-750.0,0.0
-750.0
1.0,3.0;3.0,2.0::0.0,0.0
0.0
3.0,2.0;1.0,3.0::-750.0,0.0
-750.0
1.0,3.0;3.0,3.0::0.0,0.0
0.0
3.0,3.0;1.0,3.0::0.0,0.0
0.0
1.0,3.0;3.0,4.0::0.0,0.0
0.0
3.0,4.0;1.0,3.0::-7.5,0.0
-7.5
1.0,3.0;4.0,0.0::-1000.0,0.0
-1000.0
4.0,0.0;1.0,3.0::-500.0,0.0
-500.0
1.0,3.0;4.0,1.0::-1000.0,0.0
-1000.0
4.0,1.0;1.0,3.0::250.0,0.0
250.0
1.0,3.0;4.0,2.0::-1000.0,0.0
-1000.0
4.0,2.0;1.0,3.0::250.0,0.0
250.0
1.0,3.0;4.0,3.0::-1000.0,0.0
-1000.0
4.0,3.0;1.0,3.0::1000.0,0.0
1000.0
1.0,3.0;4.0,4.0::-1000.0,0.0
-1000.0
4.0,4.0;1.0,3.0::992.5,0.0
992.5
1.0,4.0;1.0,4.0::-7.5,0.0
-7.5
1.0,4.0;1.0,4.0::-7.5,0.0
-7.5
1.0,4.0;2.0,0.0::-500.0,0.0
-500.0
2.0,0.0;1.0,4.0::-2500.0,0.0
-2500.0
1.0,4.0;2.0,1.0::-500.0,0.0
-500.0
2.0,1.0;1.0,4.0::-1750.0,0.0
-1750.0
1.0,4.0;2.0,2.0::-500.0,0.0
-500.0
2.0,2.0;1.0,4.0::-1750.0,0.0
-1750.0
1.0,4.0;2.0,3.0::-500.0,0.0
-500.0
2.0,3.0;1.0,4.0::-1000.0,0.0
-1000.0
1.0,4.0;2.0,4.0::-500.0,0.0
-500.0
2.0,4.0;1.0,4.0::-1007.5,0.0
-1007.5
1.0,4.0;3.0,0.0::-7.5,0.0
-7.5
3.0,0.0;1.0,4.0::-1500.0,0.0
-1500.0
1.0,4.0;3.0,1.0::-7.5,0.0
-7.5
3.0,1.0;1.0,4.0::-750.0,0.0
-750.0
1.0,4.0;3.0,2.0::-7.5,0.0
-7.5
3.0,2.0;1.0,4.0::-750.0,0.0
-750.0
1.0,4.0;3.0,3.0::-7.5,0.0
-7.5
3.0,3.0;1.0,4.0::0.0,0.0
0.0
1.0,4.0;3.0,4.0::-7.5,0.0
-7.5
3.0,4.0;1.0,4.0::-7.5,0.0
-7.5
1.0,4.0;4.0,0.0::-1002.5,0.0
-1002.5
4.0,0.0;1.0,4.0::-505.0,0.0
-505.0
1.0,4.0;4.0,1.0::-1002.5,0.0
-1002.5
4.0,1.0;1.0,4.0::245.0,0.0
245.0
1.0,4.0;4.0,2.0::-1002.5,0.0
-1002.5
4.0,2.0;1.0,4.0::245.0,0.0
245.0
1.0,4.0;4.0,3.0::-1002.5,0.0
-1002.5
4.0,3.0;1.0,4.0::995.0,0.0
995.0
1.0,4.0;4.0,4.0::-1002.5,0.0
-1002.5
4.0,4.0;1.0,4.0::987.5,0.0
987.5
2.0,0.0;2.0,0.0::-1500.0,0.0
-1500.0
2.0,0.0;2.0,0.0::-1500.0,0.0
-1500.0
2.0,0.0;2.0,1.0::-500.0,0.0
-500.0
2.0,1.0;2.0,0.0::-1750.0,0.0
-1750.0
2.0,0.0;2.0,2.0::-500.0,0.0
-500.0
2.0,2.0;2.0,0.0::-1750.0,0.0
-1750.0
2.0,0.0;2.0,3.0::500.0,0.0
500.0
2.0,3.0;2.0,0.0::-2000.0,0.0
-2000.0
2.0,0.0;2.0,4.0::-1500.0,0.0
-1500.0
2.0,4.0;2.0,0.0::-1500.0,0.0
-1500.0
2.0,0.0;3.0,0.0::-1500.0,0.0
-1500.0
3.0,0.0;2.0,0.0::-1500.0,0.0
-1500.0
2.0,0.0;3.0,1.0::-500.0,0.0
-500.0
3.0,1.0;2.0,0.0::-1750.0,0.0
-1750.0
2.0,0.0;3.0,2.0::-500.0,0.0
-500.0
3.0,2.0;2.0,0.0::-1750.0,0.0
-1750.0
2.0,0.0;3.0,3.0::500.0,0.0
500.0
3.0,3.0;2.0,0.0::-2000.0,0.0
-2000.0
2.0,0.0;3.0,4.0::-1500.0,0.0
-1500.0
3.0,4.0;2.0,0.0::-1500.0,0.0
-1500.0
2.0,0.0;4.0,0.0::-1015.0,0.0
-1015.0
4.0,0.0;2.0,0.0::-500.0,0.0
-500.0
2.0,0.0;4.0,1.0::-15.0,0.0
-15.0
4.0,1.0;2.0,0.0::-750.0,0.0
-750.0
2.0,0.0;4.0,2.0::-15.0,0.0
-15.0
4.0,2.0;2.0,0.0::-750.0,0.0
-750.0
2.0,0.0;4.0,3.0::985.0,0.0
985.0
4.0,3.0;2.0,0.0::-1000.0,0.0
-1000.0
2.0,0.0;4.0,4.0::-1015.0,0.0
-1015.0
4.0,4.0;2.0,0.0::-500.0,0.0
-500.0
2.0,1.0;2.0,1.0::-750.0,0.0
-750.0
2.0,1.0;2.0,1.0::-750.0,0.0
-750.0
2.0,1.0;2.0,2.0::-750.0,0.0
-750.0
2.0,2.0;2.0,1.0::-750.0,0.0
-750.0
2.0,1.0;2.0,3.0::250.0,0.0
250.0
2.0,3.0;2.0,1.0::-1000.0,0.0
-1000.0
2.0,1.0;2.0,4.0::-1750.0,0.0
-1750.0
2.0,4.0;2.0,1.0::-500.0,0.0
-500.0
2.0,1.0;3.0,0.0::-1000.0,0.0
-1000.0
3.0,0.0;2.0,1.0::-500.0,0.0
-500.0
2.0,1.0;3.0,1.0::0.0,0.0
0.0
3.0,1.0;2.0,1.0::-750.0,0.0
-750.0
2.0,1.0;3.0,2.0::0.0,0.0
0.0
3.0,2.0;2.0,1.0::-750.0,0.0
-750.0
2.0,1.0;3.0,3.0::1000.0,0.0
1000.0
3.0,3.0;2.0,1.0::-1000.0,0.0
-1000.0
2.0,1.0;3.0,4.0::-1000.0,0.0
-1000.0
3.0,4.0;2.0,1.0::-500.0,0.0
-500.0
2.0,1.0;4.0,0.0::-1015.0,0.0
-1015.0
4.0,0.0;2.0,1.0::-500.0,0.0
-500.0
2.0,1.0;4.0,1.0::-15.0,0.0
-15.0
4.0,1.0;2.0,1.0::-750.0,0.0
-750.0
2.0,1.0;4.0,2.0::-15.0,0.0
-15.0
4.0,2.0;2.0,1.0::-750.0,0.0
-750.0
2.0,1.0;4.0,3.0::985.0,0.0
985.0
4.0,3.0;2.0,1.0::-1000.0,0.0
-1000.0
2.0,1.0;4.0,4.0::-1015.0,0.0
-1015.0
4.0,4.0;2.0,1.0::-500.0,0.0
-500.0
2.0,2.0;2.0,2.0::-750.0,0.0
-750.0
2.0,2.0;2.0,2.0::-750.0,0.0
-750.0
2.0,2.0;2.0,3.0::250.0,0.0
250.0
2.0,3.0;2.0,2.0::-1000.0,0.0
-1000.0
2.0,2.0;2.0,4.0::-1750.0,0.0
-1750.0
2.0,4.0;2.0,2.0::-500.0,0.0
-500.0
2.0,2.0;3.0,0.0::-1500.0,0.0
-1500.0
3.0,0.0;2.0,2.0::-1500.0,0.0
-1500.0
2.0,2.0;3.0,1.0::-500.0,0.0
-500.0
3.0,1.0;2.0,2.0::-1750.0,0.0
-1750.0
2.0,2.0;3.0,2.0::-500.0,0.0
-500.0
3.0,2.0;2.0,2.0::-1750.0,0.0
-1750.0
2.0,2.0;3.0,3.0::500.0,0.0
500.0
3.0,3.0;2.0,2.0::-2000.0,0.0
-2000.0
2.0,2.0;3.0,4.0::-1500.0,0.0
-1500.0
3.0,4.0;2.0,2.0::-1500.0,0.0
-1500.0
2.0,2.0;4.0,0.0::-2000.0,0.0
-2000.0
4.0,0.0;2.0,2.0::500.0,0.0
500.0
2.0,2.0;4.0,1.0::-1000.0,0.0
-1000.0
4.0,1.0;2.0,2.0::250.0,0.0
250.0
2.0,2.0;4.0,2.0::-1000.0,0.0
-1000.0
4.0,2.0;2.0,2.0::250.0,0.0
250.0
2.0,2.0;4.0,3.0::0.0,0.0
0.0
4.0,3.0;2.0,2.0::0.0,0.0
0.0
2.0,2.0;4.0,4.0::-2000.0,0.0
-2000.0
4.0,4.0;2.0,2.0::500.0,0.0
500.0
2.0,3.0;2.0,3.0::0.0,0.0
0.0
2.0,3.0;2.0,3.0::0.0,0.0
0.0
2.0,3.0;2.0,4.0::-2000.0,0.0
-2000.0
2.0,4.0;2.0,3.0::500.0,0.0
500.0
2.0,3.0;3.0,0.0::-1000.0,0.0
-1000.0
3.0,0.0;2.0,3.0::-500.0,0.0
-500.0
2.0,3.0;3.0,1.0::0.0,0.0
0.0
3.0,1.0;2.0,3.0::-750.0,0.0
-750.0
2.0,3.0;3.0,2.0::0.0,0.0
0.0
3.0,2.0;2.0,3.0::-750.0,0.0
-750.0
2.0,3.0;3.0,3.0::1000.0,0.0
1000.0
3.0,3.0;2.0,3.0::-1000.0,0.0
-1000.0
2.0,3.0;3.0,4.0::-1000.0,0.0
-1000.0
3.0,4.0;2.0,3.0::-500.0,0.0
-500.0
2.0,3.0;4.0,0.0::-2000.0,0.0
-2000.0
4.0,0.0;2.0,3.0::500.0,0.0
500.0
2.0,3.0;4.0,1.0::-1000.0,0.0
-1000.0
4.0,1.0;2.0,3.0::250.0,0.0
250.0
2.0,3.0;4.0,2.0::-1000.0,0.0
-1000.0
4.0,2.0;2.0,3.0::250.0,0.0
250.0
2.0,3.0;4.0,3.0::0.0,0.0
0.0
4.0,3.0;2.0,3.0::0.0,0.0
0.0
2.0,3.0;4.0,4.0::-2000.0,0.0
-2000.0
4.0,4.0;2.0,3.0::500.0,0.0
500.0
2.0,4.0;2.0,4.0::-1500.0,0.0
-1500.0
2.0,4.0;2.0,4.0::-1500.0,0.0
-1500.0
2.0,4.0;3.0,0.0::-1007.5,0.0
-1007.5
3.0,0.0;2.0,4.0::-500.0,0.0
-500.0
2.0,4.0;3.0,1.0::-7.5,0.0
-7.5
3.0,1.0;2.0,4.0::-750.0,0.0
-750.0
2.0,4.0;3.0,2.0::-7.5,0.0
-7.5
3.0,2.0;2.0,4.0::-750.0,0.0
-750.0
2.0,4.0;3.0,3.0::992.5,0.0
992.5
3.0,3.0;2.0,4.0::-1000.0,0.0
-1000.0
2.0,4.0;3.0,4.0::-1007.5,0.0
-1007.5
3.0,4.0;2.0,4.0::-500.0,0.0
-500.0
2.0,4.0;4.0,0.0::-2002.5,0.0
-2002.5
4.0,0.0;2.0,4.0::495.0,0.0
495.0
2.0,4.0;4.0,1.0::-1002.5,0.0
-1002.5
4.0,1.0;2.0,4.0::245.0,0.0
245.0
2.0,4.0;4.0,2.0::-1002.5,0.0
-1002.5
4.0,2.0;2.0,4.0::245.0,0.0
245.0
2.0,4.0;4.0,3.0::-2.5,0.0
-2.5
4.0,3.0;2.0,4.0::-5.0,0.0
-5.0
2.0,4.0;4.0,4.0::-2002.5,0.0
-2002.5
4.0,4.0;2.0,4.0::495.0,0.0
495.0
3.0,0.0;3.0,0.0::-1500.0,0.0
-1500.0
3.0,0.0;3.0,0.0::-1500.0,0.0
-1500.0
3.0,0.0;3.0,1.0::-500.0,0.0
-500.0
3.0,1.0;3.0,0.0::-1000.0,0.0
-1000.0
3.0,0.0;3.0,2.0::-1500.0,0.0
-1500.0
3.0,2.0;3.0,0.0::-1500.0,0.0
-1500.0
3.0,0.0;3.0,3.0::-500.0,0.0
-500.0
3.0,3.0;3.0,0.0::-1000.0,0.0
-1000.0
3.0,0.0;3.0,4.0::-500.0,0.0
-500.0
3.0,4.0;3.0,0.0::-1007.5,0.0
-1007.5
3.0,0.0;4.0,0.0::-1015.0,0.0
-1015.0
4.0,0.0;3.0,0.0::-500.0,0.0
-500.0
3.0,0.0;4.0,1.0::-15.0,0.0
-15.0
4.0,1.0;3.0,0.0::0.0,0.0
0.0
3.0,0.0;4.0,2.0::-1015.0,0.0
-1015.0
4.0,2.0;3.0,0.0::-500.0,0.0
-500.0
3.0,0.0;4.0,3.0::-15.0,0.0
-15.0
4.0,3.0;3.0,0.0::0.0,0.0
0.0
3.0,0.0;4.0,4.0::-15.0,0.0
-15.0
4.0,4.0;3.0,0.0::-7.5,0.0
-7.5
3.0,1.0;3.0,1.0::0.0,0.0
0.0
3.0,1.0;3.0,1.0::0.0,0.0
0.0
3.0,1.0;3.0,2.0::-1000.0,0.0
-1000.0
3.0,2.0;3.0,1.0::-500.0,0.0
-500.0
3.0,1.0;3.0,3.0::0.0,0.0
0.0
3.0,3.0;3.0,1.0::0.0,0.0
0.0
3.0,1.0;3.0,4.0::0.0,0.0
0.0
3.0,4.0;3.0,1.0::-7.5,0.0
-7.5
3.0,1.0;4.0,0.0::-1015.0,0.0
-1015.0
4.0,0.0;3.0,1.0::-500.0,0.0
-500.0
3.0,1.0;4.0,1.0::-15.0,0.0
-15.0
4.0,1.0;3.0,1.0::0.0,0.0
0.0
3.0,1.0;4.0,2.0::-1015.0,0.0
-1015.0
4.0,2.0;3.0,1.0::-500.0,0.0
-500.0
3.0,1.0;4.0,3.0::-15.0,0.0
-15.0
4.0,3.0;3.0,1.0::0.0,0.0
0.0
3.0,1.0;4.0,4.0::-15.0,0.0
-15.0
4.0,4.0;3.0,1.0::-7.5,0.0
-7.5
3.0,2.0;3.0,2.0::-1500.0,0.0
-1500.0
3.0,2.0;3.0,2.0::-1500.0,0.0
-1500.0
3.0,2.0;3.0,3.0::-500.0,0.0
-500.0
3.0,3.0;3.0,2.0::-1000.0,0.0
-1000.0
3.0,2.0;3.0,4.0::-500.0,0.0
-500.0
3.0,4.0;3.0,2.0::-1007.5,0.0
-1007.5
3.0,2.0;4.0,0.0::-2000.0,0.0
-2000.0
4.0,0.0;3.0,2.0::500.0,0.0
500.0
3.0,2.0;4.0,1.0::-1000.0,0.0
-1000.0
4.0,1.0;3.0,2.0::1000.0,0.0
1000.0
3.0,2.0;4.0,2.0::-2000.0,0.0
-2000.0
4.0,2.0;3.0,2.0::500.0,0.0
500.0
3.0,2.0;4.0,3.0::-1000.0,0.0
-1000.0
4.0,3.0;3.0,2.0::1000.0,0.0
1000.0
3.0,2.0;4.0,4.0::-1000.0,0.0
-1000.0
4.0,4.0;3.0,2.0::992.5,0.0
992.5
3.0,3.0;3.0,3.0::0.0,0.0
0.0
3.0,3.0;3.0,3.0::0.0,0.0
0.0
3.0,3.0;3.0,4.0::0.0,0.0
0.0
3.0,4.0;3.0,3.0::-7.5,0.0
-7.5
3.0,3.0;4.0,0.0::-2000.0,0.0
-2000.0
4.0,0.0;3.0,3.0::500.0,0.0
500.0
3.0,3.0;4.0,1.0::-1000.0,0.0
-1000.0
4.0,1.0;3.0,3.0::1000.0,0.0
1000.0
3.0,3.0;4.0,2.0::-2000.0,0.0
-2000.0
4.0,2.0;3.0,3.0::500.0,0.0
500.0
3.0,3.0;4.0,3.0::-1000.0,0.0
-1000.0
4.0,3.0;3.0,3.0::1000.0,0.0
1000.0
3.0,3.0;4.0,4.0::-1000.0,0.0
-1000.0
4.0,4.0;3.0,3.0::992.5,0.0
992.5
3.0,4.0;3.0,4.0::-7.5,0.0
-7.5
3.0,4.0;3.0,4.0::-7.5,0.0
-7.5
3.0,4.0;4.0,0.0::-2002.5,0.0
-2002.5
4.0,0.0;3.0,4.0::495.0,0.0
495.0
3.0,4.0;4.0,1.0::-1002.5,0.0
-1002.5
4.0,1.0;3.0,4.0::995.0,0.0
995.0
3.0,4.0;4.0,2.0::-2002.5,0.0
-2002.5
4.0,2.0;3.0,4.0::495.0,0.0
495.0
3.0,4.0;4.0,3.0::-1002.5,0.0
-1002.5
4.0,3.0;3.0,4.0::995.0,0.0
995.0
3.0,4.0;4.0,4.0::-1002.5,0.0
-1002.5
4.0,4.0;3.0,4.0::987.5,0.0
987.5
4.0,0.0;4.0,0.0::-15.0,0.0
-15.0
4.0,0.0;4.0,0.0::-15.0,0.0
-15.0
4.0,0.0;4.0,1.0::-15.0,0.0
-15.0
4.0,1.0;4.0,0.0::-15.0,0.0
-15.0
4.0,0.0;4.0,2.0::985.0,0.0
985.0
4.0,2.0;4.0,0.0::-1000.0,0.0
-1000.0
4.0,0.0;4.0,3.0::985.0,0.0
985.0
4.0,3.0;4.0,0.0::-1000.0,0.0
-1000.0
4.0,0.0;4.0,4.0::980.0,0.0
980.0
4.0,4.0;4.0,0.0::-1002.5,0.0
-1002.5
4.0,1.0;4.0,1.0::-15.0,0.0
-15.0
4.0,1.0;4.0,1.0::-15.0,0.0
-15.0
4.0,1.0;4.0,2.0::985.0,0.0
985.0
4.0,2.0;4.0,1.0::-1000.0,0.0
-1000.0
4.0,1.0;4.0,3.0::985.0,0.0
985.0
4.0,3.0;4.0,1.0::-1000.0,0.0
-1000.0
4.0,1.0;4.0,4.0::980.0,0.0
980.0
4.0,4.0;4.0,1.0::-1002.5,0.0
-1002.5
4.0,2.0;4.0,2.0::0.0,0.0
0.0
4.0,2.0;4.0,2.0::0.0,0.0
0.0
4.0,2.0;4.0,3.0::0.0,0.0
0.0
4.0,3.0;4.0,2.0::0.0,0.0
0.0
4.0,2.0;4.0,4.0::-5.0,0.0
-5.0
4.0,4.0;4.0,2.0::-2.5,0.0
-2.5
4.0,3.0;4.0,3.0::0.0,0.0
0.0
4.0,3.0;4.0,3.0::0.0,0.0
0.0
4.0,3.0;4.0,4.0::-5.0,0.0
-5.0
4.0,4.0;4.0,3.0::-2.5,0.0
-2.5
4.0,4.0;4.0,4.0::-7.5,0.0
-7.5
4.0,4.0;4.0,4.0::-7.5,0.0
-7.5
