3.0,0.0;3.0,0.0::-3000.0,0.0
-3000.0
3.0,0.0;3.0,0.0::-3000.0,0.0
-3000.0
3.0,0.0;3.0,1.0::-500.0,0.0
-500.0
3.0,1.0;3.0,0.0::-2500.0,0.0
-2500.0
3.0,0.0;3.0,2.0::-3000.0,0.0
-3000.0
3.0,2.0;3.0,0.0::-3000.0,0.0
-3000.0
3.0,0.0;3.0,3.0::-500.0,0.0
-500.0
3.0,3.0;3.0,0.0::-2500.0,0.0
-2500.0
3.0,0.0;3.0,4.0::-515.0,0.0
-515.0
3.0,4.0;3.0,0.0::-2515.0,0.0
-2515.0
3.0,0.0;4.0,0.0::-2507.5,0.0
-2507.5
4.0,0.0;3.0,0.0::-507.5,0.0
-507.5
3.0,0.0;4.0,1.0::-7.5,0.0
-7.5
4.0,1.0;3.0,0.0::-7.5,0.0
-7.5
3.0,0.0;4.0,2.0::-2507.5,0.0
-2507.5
4.0,2.0;3.0,0.0::-507.5,0.0
-507.5
3.0,0.0;4.0,3.0::-7.5,0.0
-7.5
4.0,3.0;3.0,0.0::-7.5,0.0
-7.5
3.0,0.0;4.0,4.0::-22.5,0.0
-22.5
4.0,4.0;3.0,0.0::-22.5,0.0
-22.5
