0.0,1.0;0.0,1.0::-4000.0,0.0
-4000.0
0.0,1.0;0.0,1.0::-4000.0,0.0
-4000.0
0.0,1.0;0.0,2.0::-500.0,0.0
-500.0
0.0,2.0;0.0,1.0::-3500.0,0.0
-3500.0
0.0,1.0;0.0,3.0::-500.0,0.0
-500.0
0.0,3.0;0.0,1.0::-3500.0,0.0
-3500.0
0.0,1.0;0.0,4.0::-535.0,0.0
-535.0
0.0,4.0;0.0,1.0::-3505.0,0.0
-3505.0
0.0,1.0;1.0,0.0::-3250.0,0.0
-3250.0
1.0,0.0;0.0,1.0::-2750.0,0.0
-2750.0
0.0,1.0;1.0,1.0::-3250.0,0.0
-3250.0
1.0,1.0;0.0,1.0::-2750.0,0.0
-2750.0
0.0,1.0;1.0,2.0::250.0,0.0
250.0
1.0,2.0;0.0,1.0::-2250.0,0.0
-2250.0
0.0,1.0;1.0,3.0::250.0,0.0
250.0
1.0,3.0;0.0,1.0::-2250.0,0.0
-2250.0
0.0,1.0;1.0,4.0::215.0,0.0
215.0
1.0,4.0;0.0,1.0::-2255.0,0.0
-2255.0
0.0,1.0;2.0,0.0::-3250.0,0.0
-3250.0
2.0,0.0;0.0,1.0::-2750.0,0.0
-2750.0
0.0,1.0;2.0,1.0::-3250.0,0.0
-3250.0
2.0,1.0;0.0,1.0::-2750.0,0.0
-2750.0
0.0,1.0;2.0,2.0::250.0,0.0
250.0
2.0,2.0;0.0,1.0::-2250.0,0.0
-2250.0
0.0,1.0;2.0,3.0::250.0,0.0
250.0
2.0,3.0;0.0,1.0::-2250.0,0.0
-2250.0
0.0,1.0;2.0,4.0::215.0,0.0
215.0
2.0,4.0;0.0,1.0::-2255.0,0.0
-2255.0
0.0,1.0;3.0,0.0::-2500.0,0.0
-2500.0
3.0,0.0;0.0,1.0::-1500.0,0.0
-1500.0
0.0,1.0;3.0,1.0::-2500.0,0.0
-2500.0
3.0,1.0;0.0,1.0::-1500.0,0.0
-1500.0
0.0,1.0;3.0,2.0::1000.0,0.0
1000.0
3.0,2.0;0.0,1.0::-1000.0,0.0
-1000.0
0.0,1.0;3.0,3.0::1000.0,0.0
1000.0
3.0,3.0;0.0,1.0::-1000.0,0.0
-1000.0
0.0,1.0;3.0,4.0::965.0,0.0
965.0
3.0,4.0;0.0,1.0::-1005.0,0.0
-1005.0
0.0,1.0;4.0,0.0::-2507.5,0.0
-2507.5
4.0,0.0;0.0,1.0::-1512.5,0.0
-1512.5
0.0,1.0;4.0,1.0::-2507.5,0.0
-2507.5
4.0,1.0;0.0,1.0::-1512.5,0.0
-1512.5
0.0,1.0;4.0,2.0::992.5,0.0
992.5
4.0,2.0;0.0,1.0::-1012.5,0.0
-1012.5
0.0,1.0;4.0,3.0::992.5,0.0
992.5
4.0,3.0;0.0,1.0::-1012.5,0.0
-1012.5
0.0,1.0;4.0,4.0::957.5,0.0
957.5
4.0,4.0;0.0,1.0::-1017.5,0.0
-1017.5
