3.0,2.0;3.0,2.0::-4000.0,0.0
-4000.0
3.0,2.0;3.0,2.0::-4000.0,0.0
-4000.0
3.0,2.0;3.0,3.0::-500.0,0.0
-500.0
3.0,3.0;3.0,2.0::-3500.0,0.0
-3500.0
3.0,2.0;3.0,4.0::-525.0,0.0
-525.0
3.0,4.0;3.0,2.0::-3515.0,0.0
-3515.0
3.0,2.0;4.0,0.0::-4500.0,0.0
-4500.0
4.0,0.0;3.0,2.0::500.0,0.0
500.0
3.0,2.0;4.0,1.0::-1000.0,0.0
-1000.0
4.0,1.0;3.0,2.0::1000.0,0.0
1000.0
3.0,2.0;4.0,2.0::-4500.0,0.0
-4500.0
4.0,2.0;3.0,2.0::500.0,0.0
500.0
3.0,2.0;4.0,3.0::-1000.0,0.0
-1000.0
4.0,3.0;3.0,2.0::1000.0,0.0
1000.0
3.0,2.0;4.0,4.0::-1025.0,0.0
-1025.0
4.0,4.0;3.0,2.0::985.0,0.0
985.0
