0.0,4.0;0.0,4.0::-40.0,0.0
-40.0
0.0,4.0;0.0,4.0::-40.0,0.0
-40.0
0.0,4.0;1.0,0.0::-2515.0,0.0
-2515.0
1.0,0.0;0.0,4.0::-1525.0,0.0
-1525.0
0.0,4.0;1.0,1.0::-2515.0,0.0
-2515.0
1.0,1.0;0.0,4.0::-1525.0,0.0
-1525.0
0.0,4.0;1.0,2.0::985.0,0.0
985.0
1.0,2.0;0.0,4.0::-1025.0,0.0
-1025.0
0.0,4.0;1.0,3.0::985.0,0.0
985.0
1.0,3.0;0.0,4.0::-1025.0,0.0
-1025.0
0.0,4.0;1.0,4.0::950.0,0.0
950.0
1.0,4.0;0.0,4.0::-1030.0,0.0
-1030.0
0.0,4.0;2.0,0.0::-3000.0,0.0
-3000.0
2.0,0.0;0.0,4.0::-5000.0,0.0
-5000.0
0.0,4.0;2.0,1.0::-3000.0,0.0
-3000.0
2.0,1.0;0.0,4.0::-5000.0,0.0
-5000.0
0.0,4.0;2.0,2.0::500.0,0.0
500.0
2.0,2.0;0.0,4.0::-4500.0,0.0
-4500.0
0.0,4.0;2.0,3.0::500.0,0.0
500.0
2.0,3.0;0.0,4.0::-4500.0,0.0
-4500.0
0.0,4.0;2.0,4.0::465.0,0.0
465.0
2.0,4.0;0.0,4.0::-4505.0,0.0
-4505.0
0.0,4.0;3.0,0.0::-2515.0,0.0
-2515.0
3.0,0.0;0.0,4.0::-1525.0,0.0
-1525.0
0.0,4.0;3.0,1.0::-2515.0,0.0
-2515.0
3.0,1.0;0.0,4.0::-1525.0,0.0
-1525.0
0.0,4.0;3.0,2.0::985.0,0.0
985.0
3.0,2.0;0.0,4.0::-1025.0,0.0
-1025.0
0.0,4.0;3.0,3.0::985.0,0.0
985.0
3.0,3.0;0.0,4.0::-1025.0,0.0
-1025.0
0.0,4.0;3.0,4.0::950.0,0.0
950.0
3.0,4.0;0.0,4.0::-1030.0,0.0
-1030.0
0.0,4.0;4.0,0.0::-2507.5,0.0
-2507.5
4.0,0.0;0.0,4.0::-1512.5,0.0
-1512.5
0.0,4.0;4.0,1.0::-2507.5,0.0
-2507.5
4.0,1.0;0.0,4.0::-1512.5,0.0
-1512.5
0.0,4.0;4.0,2.0::992.5,0.0
992.5
4.0,2.0;0.0,4.0::-1012.5,0.0
-1012.5
0.0,4.0;4.0,3.0::992.5,0.0
992.5
4.0,3.0;0.0,4.0::-1012.5,0.0
-1012.5
0.0,4.0;4.0,4.0::957.5,0.0
957.5
4.0,4.0;0.0,4.0::-1017.5,0.0
-1017.5
