0.0,1.0;0.0,1.0::-3500.0,0.0
-3500.0
0.0,1.0;0.0,1.0::-3500.0,0.0
-3500.0
0.0,1.0;0.0,2.0::-500.0,0.0
-500.0
0.0,2.0;0.0,1.0::-3000.0,0.0
-3000.0
0.0,1.0;0.0,3.0::-500.0,0.0
-500.0
0.0,3.0;0.0,1.0::-3000.0,0.0
-3000.0
0.0,1.0;0.0,4.0::-515.0,0.0
-515.0
0.0,4.0;0.0,1.0::-3002.5,0.0
-3002.5
0.0,1.0;1.0,0.0::-2750.0,0.0
-2750.0
1.0,0.0;0.0,1.0::-2500.0,0.0
-2500.0
0.0,1.0;1.0,1.0::-2750.0,0.0
-2750.0
1.0,1.0;0.0,1.0::-2500.0,0.0
-2500.0
0.0,1.0;1.0,2.0::250.0,0.0
250.0
1.0,2.0;0.0,1.0::-2000.0,0.0
-2000.0
0.0,1.0;1.0,3.0::250.0,0.0
250.0
1.0,3.0;0.0,1.0::-2000.0,0.0
-2000.0
0.0,1.0;1.0,4.0::235.0,0.0
235.0
1.0,4.0;0.0,1.0::-2002.5,0.0
-2002.5
0.0,1.0;2.0,0.0::-2750.0,0.0
-2750.0
2.0,0.0;0.0,1.0::-2500.0,0.0
-2500.0
0.0,1.0;2.0,1.0::-2750.0,0.0
-2750.0
2.0,1.0;0.0,1.0::-2500.0,0.0
-2500.0
0.0,1.0;2.0,2.0::250.0,0.0
250.0
2.0,2.0;0.0,1.0::-2000.0,0.0
-2000.0
0.0,1.0;2.0,3.0::250.0,0.0
250.0
2.0,3.0;0.0,1.0::-2000.0,0.0
-2000.0
0.0,1.0;2.0,4.0::235.0,0.0
235.0
2.0,4.0;0.0,1.0::-2002.5,0.0
-2002.5
0.0,1.0;3.0,0.0::-2000.0,0.0
-2000.0
3.0,0.0;0.0,1.0::-1500.0,0.0
-1500.0
0.0,1.0;3.0,1.0::-2000.0,0.0
-2000.0
3.0,1.0;0.0,1.0::-1500.0,0.0
-1500.0
0.0,1.0;3.0,2.0::1000.0,0.0
1000.0
3.0,2.0;0.0,1.0::-1000.0,0.0
-1000.0
0.0,1.0;3.0,3.0::1000.0,0.0
1000.0
3.0,3.0;0.0,1.0::-1000.0,0.0
-1000.0
0.0,1.0;3.0,4.0::985.0,0.0
985.0
3.0,4.0;0.0,1.0::-1002.5,0.0
-1002.5
0.0,1.0;4.0,0.0::-2015.0,0.0
-2015.0
4.0,0.0;0.0,1.0::-1520.0,0.0
-1520.0
0.0,1.0;4.0,1.0::-2015.0,0.0
-2015.0
4.0,1.0;0.0,1.0::-1520.0,0.0
-1520.0
0.0,1.0;4.0,2.0::985.0,0.0
985.0
4.0,2.0;0.0,1.0::-1020.0,0.0
-1020.0
0.0,1.0;4.0,3.0::985.0,0.0
985.0
4.0,3.0;0.0,1.0::-1020.0,0.0
-1020.0
0.0,1.0;4.0,4.0::970.0,0.0
970.0
4.0,4.0;0.0,1.0::-1022.5,0.0
-1022.5
