2.0,4.0;2.0,4.0::-3500.0,0.0
-3500.0
2.0,4.0;2.0,4.0::-3500.0,0.0
-3500.0
2.0,4.0;3.0,0.0::-3007.5,0.0
-3007.5
3.0,0.0;2.0,4.0::-510.0,0.0
-510.0
2.0,4.0;3.0,1.0::-1007.5,0.0
-1007.5
3.0,1.0;2.0,4.0::-760.0,0.0
-760.0
2.0,4.0;3.0,2.0::-1007.5,0.0
-1007.5
3.0,2.0;2.0,4.0::-760.0,0.0
-760.0
2.0,4.0;3.0,3.0::992.5,0.0
992.5
3.0,3.0;2.0,4.0::-1010.0,0.0
-1010.0
2.0,4.0;3.0,4.0::-3007.5,0.0
-3007.5
3.0,4.0;2.0,4.0::-510.0,0.0
-510.0
2.0,4.0;4.0,0.0::-4002.5,0.0
-4002.5
4.0,0.0;2.0,4.0::485.0,0.0
485.0
2.0,4.0;4.0,1.0::-2002.5,0.0
-2002.5
4.0,1.0;2.0,4.0::235.0,0.0
235.0
2.0,4.0;4.0,2.0::-2002.5,0.0
-2002.5
4.0,2.0;2.0,4.0::235.0,0.0
235.0
2.0,4.0;4.0,3.0::-2.5,0.0
-2.5
4.0,3.0;2.0,4.0::-15.0,0.0
-15.0
2.0,4.0;4.0,4.0::-4002.5,0.0
-4002.5
4.0,4.0;2.0,4.0::485.0,0.0
485.0
