3.0,0.0;3.0,0.0::-3500.0,0.0
-3500.0
3.0,0.0;3.0,0.0::-3500.0,0.0
-3500.0
3.0,0.0;3.0,1.0::-500.0,0.0
-500.0
3.0,1.0;3.0,0.0::-3000.0,0.0
-3000.0
3.0,0.0;3.0,2.0::-3500.0,0.0
-3500.0
3.0,2.0;3.0,0.0::-3500.0,0.0
-3500.0
3.0,0.0;3.0,3.0::-500.0,0.0
-500.0
3.0,3.0;3.0,0.0::-3000.0,0.0
-3000.0
3.0,0.0;3.0,4.0::-510.0,0.0
-510.0
3.0,4.0;3.0,0.0::-3007.5,0.0
-3007.5
3.0,0.0;4.0,0.0::-3015.0,0.0
-3015.0
4.0,0.0;3.0,0.0::-520.0,0.0
-520.0
3.0,0.0;4.0,1.0::-15.0,0.0
-15.0
4.0,1.0;3.0,0.0::-20.0,0.0
-20.0
3.0,0.0;4.0,2.0::-3015.0,0.0
-3015.0
4.0,2.0;3.0,0.0::-520.0,0.0
-520.0
3.0,0.0;4.0,3.0::-15.0,0.0
-15.0
4.0,3.0;3.0,0.0::-20.0,0.0
-20.0
3.0,0.0;4.0,4.0::-25.0,0.0
-25.0
4.0,4.0;3.0,0.0::-27.5,0.0
-27.5
