0.0,2.0;0.0,2.0::0.0,0.0
0.0
0.0,2.0;0.0,2.0::0.0,0.0
0.0
0.0,2.0;0.0,3.0::0.0,0.0
0.0
0.0,3.0;0.0,2.0::0.0,0.0
0.0
0.0,2.0;0.0,4.0::-15.0,0.0
-15.0
0.0,4.0;0.0,2.0::-2.5,0.0
-2.5
0.0,2.0;1.0,0.0::-2750.0,0.0
-2750.0
1.0,0.0;0.0,2.0::-2500.0,0.0
-2500.0
0.0,2.0;1.0,1.0::-2750.0,0.0
-2750.0
1.0,1.0;0.0,2.0::-2500.0,0.0
-2500.0
0.0,2.0;1.0,2.0::250.0,0.0
250.0
1.0,2.0;0.0,2.0::-2000.0,0.0
-2000.0
0.0,2.0;1.0,3.0::250.0,0.0
250.0
1.0,3.0;0.0,2.0::-2000.0,0.0
-2000.0
0.0,2.0;1.0,4.0::235.0,0.0
235.0
1.0,4.0;0.0,2.0::-2002.5,0.0
-2002.5
0.0,2.0;2.0,0.0::-2750.0,0.0
-2750.0
2.0,0.0;0.0,2.0::-2500.0,0.0
-2500.0
0.0,2.0;2.0,1.0::-2750.0,0.0
-2750.0
2.0,1.0;0.0,2.0::-2500.0,0.0
-2500.0
0.0,2.0;2.0,2.0::250.0,0.0
250.0
2.0,2.0;0.0,2.0::-2000.0,0.0
-2000.0
0.0,2.0;2.0,3.0::250.0,0.0
250.0
2.0,3.0;0.0,2.0::-2000.0,0.0
-2000.0
0.0,2.0;2.0,4.0::235.0,0.0
235.0
2.0,4.0;0.0,2.0::-2002.5,0.0
-2002.5
0.0,2.0;3.0,0.0::-2500.0,0.0
-2500.0
3.0,0.0;0.0,2.0::-4500.0,0.0
-4500.0
0.0,2.0;3.0,1.0::-2500.0,0.0
-2500.0
3.0,1.0;0.0,2.0::-4500.0,0.0
-4500.0
0.0,2.0;3.0,2.0::500.0,0.0
500.0
3.0,2.0;0.0,2.0::-4000.0,0.0
-4000.0
0.0,2.0;3.0,3.0::500.0,0.0
500.0
3.0,3.0;0.0,2.0::-4000.0,0.0
-4000.0
0.0,2.0;3.0,4.0::485.0,0.0
485.0
3.0,4.0;0.0,2.0::-4002.5,0.0
-4002.5
0.0,2.0;4.0,0.0::-3000.0,0.0
-3000.0
4.0,0.0;0.0,2.0::-500.0,0.0
-500.0
0.0,2.0;4.0,1.0::-3000.0,0.0
-3000.0
4.0,1.0;0.0,2.0::-500.0,0.0
-500.0
0.0,2.0;4.0,2.0::0.0,0.0
0.0
4.0,2.0;0.0,2.0::0.0,0.0
0.0
0.0,2.0;4.0,3.0::0.0,0.0
0.0
4.0,3.0;0.0,2.0::0.0,0.0
0.0
0.0,2.0;4.0,4.0::-15.0,0.0
-15.0
4.0,4.0;0.0,2.0::-2.5,0.0
-2.5
