0.0,4.0;0.0,4.0::-17.5,0.0
-17.5
0.0,4.0;0.0,4.0::-17.5,0.0
-17.5
0.0,4.0;1.0,0.0::-2007.5,0.0
-2007.5
1.0,0.0;0.0,4.0::-1510.0,0.0
-1510.0
0.0,4.0;1.0,1.0::-2007.5,0.0
-2007.5
1.0,1.0;0.0,4.0::-1510.0,0.0
-1510.0
0.0,4.0;1.0,2.0::992.5,0.0
992.5
1.0,2.0;0.0,4.0::-1010.0,0.0
-1010.0
0.0,4.0;1.0,3.0::992.5,0.0
992.5
1.0,3.0;0.0,4.0::-1010.0,0.0
-1010.0
0.0,4.0;1.0,4.0::977.5,0.0
977.5
1.0,4.0;0.0,4.0::-1012.5,0.0
-1012.5
0.0,4.0;2.0,0.0::-2500.0,0.0
-2500.0
2.0,0.0;0.0,4.0::-4500.0,0.0
-4500.0
0.0,4.0;2.0,1.0::-2500.0,0.0
-2500.0
2.0,1.0;0.0,4.0::-4500.0,0.0
-4500.0
0.0,4.0;2.0,2.0::500.0,0.0
500.0
2.0,2.0;0.0,4.0::-4000.0,0.0
-4000.0
0.0,4.0;2.0,3.0::500.0,0.0
500.0
2.0,3.0;0.0,4.0::-4000.0,0.0
-4000.0
0.0,4.0;2.0,4.0::485.0,0.0
485.0
2.0,4.0;0.0,4.0::-4002.5,0.0
-4002.5
0.0,4.0;3.0,0.0::-2007.5,0.0
-2007.5
3.0,0.0;0.0,4.0::-1510.0,0.0
-1510.0
0.0,4.0;3.0,1.0::-2007.5,0.0
-2007.5
3.0,1.0;0.0,4.0::-1510.0,0.0
-1510.0
0.0,4.0;3.0,2.0::992.5,0.0
992.5
3.0,2.0;0.0,4.0::-1010.0,0.0
-1010.0
0.0,4.0;3.0,3.0::992.5,0.0
992.5
3.0,3.0;0.0,4.0::-1010.0,0.0
-1010.0
0.0,4.0;3.0,4.0::977.5,0.0
977.5
3.0,4.0;0.0,4.0::-1012.5,0.0
-1012.5
0.0,4.0;4.0,0.0::-3002.5,0.0
-3002.5
4.0,0.0;0.0,4.0::-515.0,0.0
-515.0
0.0,4.0;4.0,1.0::-3002.5,0.0
-3002.5
4.0,1.0;0.0,4.0::-515.0,0.0
-515.0
0.0,4.0;4.0,2.0::-2.5,0.0
-2.5
4.0,2.0;0.0,4.0::-15.0,0.0
-15.0
0.0,4.0;4.0,3.0::-2.5,0.0
-2.5
4.0,3.0;0.0,4.0::-15.0,0.0
-15.0
0.0,4.0;4.0,4.0::-17.5,0.0
-17.5
4.0,4.0;0.0,4.0::-17.5,0.0
-17.5
