1.0,0.0;1.0,0.0::-3500.0,0.0
-3500.0
1.0,0.0;1.0,0.0::-3500.0,0.0
-3500.0
1.0,0.0;1.0,1.0::-2500.0,0.0
-2500.0
1.0,1.0;1.0,0.0::-2750.0,0.0
-2750.0
1.0,0.0;1.0,2.0::-2500.0,0.0
-2500.0
1.0,2.0;1.0,0.0::-2750.0,0.0
-2750.0
1.0,0.0;1.0,3.0::-1500.0,0.0
-1500.0
1.0,3.0;1.0,0.0::-2000.0,0.0
-2000.0
1.0,0.0;1.0,4.0::-1510.0,0.0
-1510.0
1.0,4.0;1.0,0.0::-2007.5,0.0
-2007.5
1.0,0.0;2.0,0.0::-2500.0,0.0
-2500.0
2.0,0.0;1.0,0.0::-4500.0,0.0
-4500.0
1.0,0.0;2.0,1.0::-1500.0,0.0
-1500.0
2.0,1.0;1.0,0.0::-3750.0,0.0
-3750.0
1.0,0.0;2.0,2.0::-1500.0,0.0
-1500.0
2.0,2.0;1.0,0.0::-3750.0,0.0
-3750.0
1.0,0.0;2.0,3.0::-500.0,0.0
-500.0
2.0,3.0;1.0,0.0::-3000.0,0.0
-3000.0
1.0,0.0;2.0,4.0::-510.0,0.0
-510.0
2.0,4.0;1.0,0.0::-3007.5,0.0
-3007.5
1.0,0.0;3.0,0.0::-2500.0,0.0
-2500.0
3.0,0.0;1.0,0.0::-4500.0,0.0
-4500.0
1.0,0.0;3.0,1.0::-1500.0,0.0
-1500.0
3.0,1.0;1.0,0.0::-3750.0,0.0
-3750.0
1.0,0.0;3.0,2.0::-1500.0,0.0
-1500.0
3.0,2.0;1.0,0.0::-3750.0,0.0
-3750.0
1.0,0.0;3.0,3.0::-500.0,0.0
-500.0
3.0,3.0;1.0,0.0::-3000.0,0.0
-3000.0
1.0,0.0;3.0,4.0::-510.0,0.0
-510.0
3.0,4.0;1.0,0.0::-3007.5,0.0
-3007.5
1.0,0.0;4.0,0.0::-2015.0,0.0
-2015.0
4.0,0.0;1.0,0.0::-1520.0,0.0
-1520.0
1.0,0.0;4.0,1.0::-1015.0,0.0
-1015.0
4.0,1.0;1.0,0.0::-770.0,0.0
-770.0
1.0,0.0;4.0,2.0::-1015.0,0.0
-1015.0
4.0,2.0;1.0,0.0::-770.0,0.0
-770.0
1.0,0.0;4.0,3.0::-15.0,0.0
-15.0
4.0,3.0;1.0,0.0::-20.0,0.0
-20.0
1.0,0.0;4.0,4.0::-25.0,0.0
-25.0
4.0,4.0;1.0,0.0::-27.5,0.0
-27.5
