1.0,4.0;1.0,4.0::-17.5,0.0
-17.5
1.0,4.0;1.0,4.0::-17.5,0.0
-17.5
1.0,4.0;2.0,0.0::-2500.0,0.0
-2500.0
2.0,0.0;1.0,4.0::-4500.0,0.0
-4500.0
1.0,4.0;2.0,1.0::-1500.0,0.0
-1500.0
2.0,1.0;1.0,4.0::-3750.0,0.0
-3750.0
1.0,4.0;2.0,2.0::-1500.0,0.0
-1500.0
2.0,2.0;1.0,4.0::-3750.0,0.0
-3750.0
1.0,4.0;2.0,3.0::-500.0,0.0
-500.0
2.0,3.0;1.0,4.0::-3000.0,0.0
-3000.0
1.0,4.0;2.0,4.0::-510.0,0.0
-510.0
2.0,4.0;1.0,4.0::-3007.5,0.0
-3007.5
1.0,4.0;3.0,0.0::-2007.5,0.0
-2007.5
3.0,0.0;1.0,4.0::-1510.0,0.0
-1510.0
1.0,4.0;3.0,1.0::-1007.5,0.0
-1007.5
3.0,1.0;1.0,4.0::-760.0,0.0
-760.0
1.0,4.0;3.0,2.0::-1007.5,0.0
-1007.5
3.0,2.0;1.0,4.0::-760.0,0.0
-760.0
1.0,4.0;3.0,3.0::-7.5,0.0
-7.5
3.0,3.0;1.0,4.0::-10.0,0.0
-10.0
1.0,4.0;3.0,4.0::-17.5,0.0
-17.5
3.0,4.0;1.0,4.0::-17.5,0.0
-17.5
1.0,4.0;4.0,0.0::-3002.5,0.0
-3002.5
4.0,0.0;1.0,4.0::-515.0,0.0
-515.0
1.0,4.0;4.0,1.0::-2002.5,0.0
-2002.5
4.0,1.0;1.0,4.0::235.0,0.0
235.0
1.0,4.0;4.0,2.0::-2002.5,0.0
-2002.5
4.0,2.0;1.0,4.0::235.0,0.0
235.0
1.0,4.0;4.0,3.0::-1002.5,0.0
-1002.5
4.0,3.0;1.0,4.0::985.0,0.0
985.0
1.0,4.0;4.0,4.0::-1012.5,0.0
-1012.5
4.0,4.0;1.0,4.0::977.5,0.0
977.5
