0.0,0.0;0.0,0.0::-3220.585,2720.381565199081
-2944.5,-2975.5,-3078.0,-2989.5,-3054.0,-2983.5,-2934.0,-2909.0,-2862.5,-3174.5,-2933.5,-3150.5,-2970.5,-2887.0,-3207.5,-3030.0,-2943.0,-3026.0,-2940.0,-2988.0,-2877.0,-3163.0,-3016.0,-2876.5,-3061.5,-2948.0,-2963.5,-3198.0,-2853.0,-2939.0,-2816.5,-3084.0,-11863.0,-3030.5,-3035.0,-3047.0,-3048.0,-3222.5,-3060.5,4603.5,-3007.0,-12010.0,-3260.5,-3192.0,-3220.0,-3017.0,-3029.0,-11578.5,-3070.5,-3278.0,-3111.0,-3042.5,-3009.5,-2923.5,-3049.5,-3046.5,-3080.0,5705.0,-3013.5,-2940.5,-3107.5,-3248.0,-12075.5,-2925.5,-3080.0,-2975.5,-3024.5,-2945.0,-3095.5,-11732.0,5350.0,-3047.5,-3027.0,-3046.0,-3031.5,-3131.0,-3022.5,-2964.5,-2839.5,-2879.0,-3078.5,-3012.5,-2951.0,-3133.5,-2817.0,-3040.5,-11949.5,-3116.0,-2965.5,-3029.0,5280.5,-2799.0,-3008.0,-3027.5,-3009.0,-3078.5,-2999.0,-2969.0,-3060.5,-2794.0
0.0,0.0;0.0,0.0::-2886.485,2689.212871320342
-3010.5,-2889.5,-3054.0,-2941.5,-3174.0,-3007.5,-3186.0,-3121.0,-3080.5,-2954.5,-2943.5,-3044.5,-3020.5,-2945.0,-2993.5,-2892.0,-2883.0,-3034.0,-2898.0,-2910.0,-3021.0,-3065.0,-2840.0,-3150.5,-3019.5,-3094.0,-2907.5,-2976.0,-3081.0,-2965.0,-3384.5,-3198.0,5485.0,-2948.5,-2911.0,-3073.0,-2898.0,-3086.5,-3002.5,-11674.5,-3035.0,5230.0,-3078.5,-3252.0,-3140.0,-3031.0,-2905.0,4573.5,-3010.5,-3172.0,-3159.0,-3134.5,-2975.5,-3133.5,-3097.5,-3220.5,-3016.0,-12113.0,-3145.5,-2996.5,-2949.5,-3040.0,5610.5,-3005.5,-2878.0,-3111.5,-2966.5,-2905.0,-2895.5,5102.0,-11920.0,-3051.5,-3075.0,-2954.0,-2953.5,-3127.0,-3106.5,-2978.5,-2917.5,-2995.0,-2918.5,-2996.5,-3121.0,-3013.5,-2799.0,-3244.5,5376.5,-3052.0,-3019.5,-3031.0,-11865.5,-2997.0,-2974.0,-3119.5,-3051.0,-3008.5,-2959.0,-3049.0,-3056.5,-3026.0
0.0,0.0;0.0,1.0::-11752.93,1363.2227404573325
-12072.5,-11953.0,-11950.0,-11918.5,-11980.0,-12049.5,-11895.5,-12011.5,-11925.0,-11990.5,-11962.0,-11924.0,-11799.5,-11999.0,-12005.0,-12050.0,-11946.5,-12045.0,-12063.0,-12009.5,-11920.0,-12012.0,-11965.5,-12041.0,-11989.0,-11932.0,-12022.5,-12066.5,-11980.5,-12109.0,-11785.5,-11941.5,-11980.5,-12043.0,-12003.0,-12000.5,-11979.5,-12005.0,-11911.5,-12043.0,-12053.5,-11984.5,-12034.5,-12001.5,-11965.0,-11979.5,-11887.0,-11979.5,-11978.0,-12059.5,-11966.0,-12000.5,-11995.5,-11903.5,-11984.5,-12229.0,-11877.0,-12039.0,-12062.5,-12090.0,-11995.0,-12008.0,-11924.0,-4970.5,-11969.5,-12017.5,-11914.0,-12139.5,-12018.0,-11936.0,-12048.5,-12070.0,-11968.5,-12023.0,-11999.5,-12005.5,-11942.0,-11980.5,-11984.0,-12013.0,-12028.5,-11981.0,-11988.0,-3519.0,-11959.0,-12091.0,-12001.5,-12020.0,-12007.0,-11917.5,-12075.0,-3621.5,-11912.0,-11995.5,-12004.0,-12023.0,-12013.0,-11974.0,-12002.0,-11883.5
0.0,1.0;0.0,0.0::5633.11,1491.3094893079708
5835.5,5815.0,5920.0,6023.5,5938.0,5734.5,5760.5,5924.5,6003.0,5825.5,5788.0,5852.0,5940.5,5933.0,5735.0,5936.0,6009.5,6015.0,6021.0,5712.5,5938.0,5940.0,5878.5,5867.0,5869.0,5806.0,5977.5,5709.5,6001.5,5797.0,5998.5,6010.5,5917.5,5911.0,5859.0,5961.5,5874.5,5837.0,6052.5,5941.0,5762.5,6053.5,5851.5,5848.5,5863.0,5838.5,5755.0,6024.5,6062.0,5930.5,5948.0,6003.5,5914.5,5894.5,5639.5,5791.0,6057.0,5727.0,5951.5,5904.0,6007.0,5882.0,5888.0,-2358.5,5948.5,5780.5,5866.0,5626.5,5940.0,5972.0,5751.5,5782.0,5923.5,5765.0,6038.5,5954.5,5924.0,6019.5,5972.0,5875.0,5881.5,6011.0,5820.0,-3063.0,5833.0,5917.0,5902.5,5846.0,5773.0,5980.5,5865.0,-3041.5,6002.0,5770.5,6136.0,5951.0,5683.0,5806.0,5972.0,6018.5
0.0,0.0;2.0,0.0::-3649.055,2240.901916522675
-2978.5,-2989.0,-3115.5,-3331.5,-3130.5,-3101.5,-2939.5,-3062.5,-3031.5,-2811.0,-3083.5,-3030.5,-3071.0,-3079.0,-3169.5,-2847.0,-3040.0,-3012.0,-2921.0,-3049.0,-2899.0,-3192.5,-3080.5,-3074.5,-3087.5,-2947.5,-3005.0,-2993.5,-2945.0,-3050.5,-3128.0,-2944.0,-3138.0,-3053.0,-2953.5,-3063.0,-3050.5,-12008.0,-3183.5,-3092.0,-3187.0,-3039.5,-3063.5,-2978.0,-3183.5,-3018.5,-2845.0,-2993.5,-3086.0,-11119.0,-3142.5,-3256.0,-3032.5,-3063.0,-12190.0,-2976.5,-3105.0,-3116.5,-2989.5,-3112.0,-3086.5,-3033.0,-3110.0,-3210.0,-11776.0,-3016.5,-2897.5,-3027.0,-3020.0,-3032.5,-2737.0,-3087.5,-2908.5,-2916.0,-2955.0,-3147.5,-3150.0,-3060.5,-11937.5,-3079.0,-2863.5,-2792.5,-2907.5,-3135.5,-2909.0,-3016.5,-3136.5,-2820.5,-11886.0,-3007.0,-3061.5,-3100.5,-11704.5,-2972.0,-3183.0,-3182.5,-2973.0,-2994.0,-2994.5,-2898.5
2.0,0.0;0.0,0.0::-2462.035,2044.762805626853
-2826.5,-2987.0,-2971.5,-2947.5,-3034.5,-3075.5,-2943.5,-3018.5,-3031.5,-2913.0,-2907.5,-3056.5,-3001.0,-3191.0,-3025.5,-2991.0,-3062.0,-2874.0,-3031.0,-3161.0,-2981.0,-3008.5,-3054.5,-3138.5,-3065.5,-2953.5,-3049.0,-3141.5,-2851.0,-3036.5,-2920.0,-3014.0,-2952.0,-3079.0,-2971.5,-3207.0,-3054.5,5402.0,-2921.5,-3070.0,-3047.0,-3041.5,-2981.5,-2908.0,-3107.5,-3074.5,-2867.0,-2955.5,-3166.0,3859.0,-2998.5,-2972.0,-3024.5,-3177.0,5434.0,-3128.5,-3135.0,-2862.5,-3055.5,-3026.0,-3108.5,-3081.0,-2884.0,-2976.0,4924.0,-2974.5,-3159.5,-3195.0,-2884.0,-2922.5,-2939.0,-3125.5,-2890.5,-2766.0,-2835.0,-3023.5,-3078.0,-3038.5,5382.5,-2969.0,-2989.5,-3030.5,-3005.5,-3137.5,-3115.0,-3046.5,-3226.5,-3062.5,4866.0,-2999.0,-2923.5,-3166.5,4903.5,-3082.0,-3057.0,-3060.5,-3087.0,-2892.0,-3116.5,-3080.5
0.0,0.0;2.0,1.0::-11992.855,64.42163049007685
-12050.0,-11883.5,-12033.5,-11934.5,-12038.0,-12071.0,-12086.0,-12021.5,-12036.0,-11837.0,-12052.5,-11963.0,-12032.0,-11978.5,-11983.0,-12009.5,-11930.5,-12038.5,-12066.0,-11954.0,-11928.0,-12091.5,-11961.5,-12037.5,-12073.5,-12024.0,-11925.5,-12011.0,-12064.5,-12034.0,-12051.0,-12048.0,-11987.0,-12052.0,-11965.0,-11969.0,-11901.5,-11943.0,-11953.5,-12004.5,-11854.5,-12013.0,-11866.5,-11941.5,-11941.5,-11938.0,-12033.0,-11888.0,-12015.5,-11993.0,-11949.0,-12033.5,-11949.0,-11940.5,-12042.0,-11944.5,-12099.5,-11959.5,-11998.5,-12030.5,-11954.5,-12008.0,-11926.0,-11951.5,-11961.0,-11999.5,-11944.5,-12035.5,-12033.5,-12091.5,-12028.0,-12037.5,-12044.5,-12014.0,-12011.5,-11954.0,-11887.0,-11966.5,-11961.5,-12169.0,-11942.5,-11894.0,-12052.5,-11919.0,-12061.0,-11924.0,-11921.5,-12057.0,-12025.5,-11908.5,-11978.0,-12063.5,-11934.0,-11928.5,-11951.5,-12062.0,-12192.0,-12051.0,-11973.0,-12012.5
2.0,1.0;0.0,0.0::5883.625,96.96822611041208
5804.0,6006.5,5832.5,5793.5,5810.0,5849.0,5804.0,5952.5,5862.0,6173.0,5845.5,5891.0,5960.0,5771.5,5779.0,5784.5,5999.5,5867.5,5850.0,5906.0,6006.0,5980.5,5808.5,5818.5,5926.5,5802.0,5892.5,5759.0,5803.5,5788.0,5727.0,5898.0,5933.0,5908.0,5923.0,5891.0,5928.5,5955.0,5920.5,5863.5,5983.5,5941.0,6145.5,5992.5,5878.5,5914.0,5787.0,5798.0,5862.5,5855.0,5973.0,5760.5,5955.0,6171.5,5820.0,6055.5,5916.5,5818.5,5833.5,5949.5,5903.5,5960.0,6088.0,5624.5,5853.0,5870.5,6043.5,5792.5,5790.5,5848.5,5794.0,5800.5,5837.5,5738.0,5894.5,5810.0,5971.0,5897.5,5910.5,5833.0,5789.5,6008.0,5803.5,5865.0,5983.0,5954.0,6032.5,5913.0,5842.5,5869.5,5888.0,5694.5,5880.0,6015.5,5840.5,5930.0,5742.0,5853.0,5817.0,5895.5
