0.0,1.0;0.0,1.0::-3078.325,72.6715685464405
-3009.5,-3086.5,-3150.0,-3015.5,-3200.5,-3104.5,-2876.0,-3020.5,-3209.0,-3054.5,-2936.0,-3027.0,-2972.5,-3084.5,-3165.0,-3079.5,-2931.0,-2967.5,-3081.0,-3124.0,-3149.0,-3054.5,-3185.5,-3090.5,-2993.0,-3039.0,-3073.0,-3103.5,-2985.5,-3048.5,-3176.5,-3096.5,-3149.5,-3093.0,-3170.0,-3060.5,-3055.5,-3071.0,-3104.0,-3002.0,-3087.5,-3048.5,-3029.5,-3115.0,-3123.5,-3007.0,-2889.0,-3249.0,-3122.5,-3114.0,-3119.0,-3133.5,-3012.5,-3161.0,-3091.0,-3096.5,-3019.5,-3103.5,-3231.5,-3102.5,-3117.5,-3062.5,-3015.0,-3044.0,-3168.5,-3017.0,-3083.5,-3125.5,-3002.0,-3006.5,-3130.5,-3150.0,-3067.0,-3024.0,-3170.5,-3099.5,-2985.5,-3054.5,-3080.0,-3141.5,-3057.0,-3005.5,-3056.0,-3126.0,-3175.0,-3117.5,-3150.5,-2945.5,-3133.5,-3201.5,-3160.0,-3125.0,-3060.5,-3127.5,-3015.5,-3020.5,-3140.0,-3049.5,-3003.0,-2967.0
0.0,1.0;0.0,1.0::-3068.285,64.27799992999161
-3077.5,-3150.5,-3216.0,-2987.5,-3066.5,-3096.5,-3046.0,-3114.5,-3067.0,-3056.5,-2932.0,-3003.0,-3030.5,-3164.5,-3099.0,-3085.5,-2979.0,-3047.5,-3081.0,-3140.0,-3181.0,-3128.5,-3219.5,-3104.5,-2989.0,-2991.0,-3089.0,-3037.5,-3059.5,-3068.5,-3048.5,-3188.5,-3153.5,-3081.0,-3070.0,-2978.5,-3031.5,-3037.0,-3142.0,-3040.0,-3029.5,-3044.5,-2967.5,-3167.0,-3071.5,-3011.0,-2895.0,-3141.0,-3066.5,-3054.0,-3115.0,-3073.5,-3032.5,-3121.0,-3047.0,-3086.5,-2977.5,-3091.5,-3197.5,-3002.5,-3161.5,-3060.5,-3033.0,-3064.0,-3020.5,-3025.0,-3057.5,-3045.5,-3010.0,-3044.5,-3148.5,-3144.0,-3023.0,-3036.0,-3108.5,-3077.5,-3017.5,-3056.5,-3106.0,-3053.5,-3039.0,-2997.5,-3034.0,-3156.0,-3113.0,-3131.5,-3026.5,-2871.5,-3097.5,-3209.5,-3104.0,-3031.0,-3086.5,-3097.5,-3053.5,-3090.5,-3070.0,-3001.5,-3045.0,-3009.0
0.0,1.0;2.0,0.0::-7413.735,1942.360001975689
-6923.0,-6886.5,-7083.5,-7080.0,-6800.5,-7064.5,-6998.5,-7007.5,-6909.5,-6796.0,-6943.5,-6981.5,-6757.0,-6896.5,-6859.5,-6894.5,-15934.5,-6999.5,-6871.5,-7001.0,-7047.5,-6967.0,-6970.0,-6797.5,-6931.5,-7072.5,-7024.0,-6820.5,-7108.5,-6813.5,-6989.0,-15921.0,-6984.0,-6879.0,-7093.0,-6869.5,-7392.5,-6951.5,-6921.0,-6907.5,-6931.0,-6997.5,-7061.5,-6948.0,-6867.0,-6777.5,-6964.0,-7006.5,-6969.0,-7025.0,-7142.5,-6900.0,-6976.0,-6904.5,-6955.5,-7081.0,-6951.5,-6859.5,-7085.5,-6932.5,-7000.0,-6887.0,-6871.0,-6952.0,-7133.0,-6995.0,-6930.0,-6904.5,-6982.0,-7070.0,-7037.0,-6959.0,-6938.0,-6965.0,-15908.5,-6936.5,-7104.0,-6864.5,-6939.5,-6918.5,-6971.0,-15893.0,-6834.0,-7097.0,-6850.0,-6973.0,-7288.5,-6949.0,-7050.5,-15687.0,-7114.0,-7068.5,-6980.5,-6844.5,-6965.5,-7045.5,-7021.0,-6997.0,-6971.0,-6993.5
2.0,0.0;0.0,1.0::-22381.215,1768.4024969658346
-22765.0,-22810.5,-22925.5,-22800.0,-22728.5,-22806.5,-22884.5,-22959.5,-22733.5,-22694.0,-22699.5,-22829.5,-22793.0,-22680.5,-22717.5,-22760.5,-14710.5,-22787.5,-22843.5,-22795.0,-22775.5,-22835.0,-22724.0,-22677.5,-22795.5,-22882.5,-22868.0,-22714.5,-22870.5,-22703.5,-22681.0,-14457.0,-22854.0,-22761.0,-22685.0,-22833.5,-22586.5,-22793.5,-22809.0,-22867.5,-22871.0,-22801.5,-22923.5,-22740.0,-22761.0,-22883.5,-22730.0,-22762.5,-22761.0,-22843.0,-22866.5,-22794.0,-22706.0,-22846.5,-22645.5,-22859.0,-22703.5,-22819.5,-22779.5,-22806.5,-22754.0,-22747.0,-22721.0,-22820.0,-22891.0,-22819.0,-22740.0,-22720.5,-22778.0,-22876.0,-22807.0,-22777.0,-22798.0,-22753.0,-14766.5,-22700.5,-22830.0,-22790.5,-22799.5,-22850.5,-22813.0,-14737.0,-22806.0,-22951.0,-22772.0,-22691.0,-22780.5,-22829.0,-22760.5,-14727.0,-22892.0,-22694.5,-22878.5,-22738.5,-22713.5,-22813.5,-22817.0,-22787.0,-22663.0,-22715.5
0.0,1.0;2.0,1.0::-15937.235,68.49220594345023
-15858.0,-15966.5,-15904.5,-15997.0,-15875.5,-16030.0,-16025.5,-16018.5,-15927.5,-15935.5,-15963.5,-15875.5,-15834.0,-15895.5,-15914.5,-16037.5,-15889.5,-15975.5,-15948.5,-15969.5,-15955.0,-15871.0,-15957.5,-16020.0,-15805.0,-16002.5,-15873.5,-15836.0,-15979.5,-15921.5,-15817.0,-15992.0,-16060.0,-15862.5,-15855.5,-15937.5,-15947.5,-15957.5,-16076.0,-15980.0,-15979.5,-15947.0,-15886.0,-16019.5,-15979.5,-15904.5,-16012.5,-16008.5,-15895.0,-16045.0,-16090.0,-15911.5,-15851.5,-15888.0,-15883.5,-15931.0,-15985.0,-16015.0,-15944.0,-16012.0,-15992.0,-15911.0,-15959.0,-15976.0,-15966.0,-15929.5,-15946.0,-15951.5,-15956.5,-15867.5,-15931.0,-15909.5,-15925.5,-15884.5,-15743.5,-15986.0,-15976.0,-16073.0,-15856.5,-15803.5,-15915.5,-16033.0,-15947.0,-15852.0,-15820.5,-15899.0,-15837.5,-16002.5,-15944.5,-15863.0,-15923.5,-15904.5,-15962.5,-15897.0,-15841.5,-15918.0,-15843.5,-15985.0,-16005.0,-16047.0
2.0,1.0;0.0,1.0::-13871.635,68.55402449893076
-13806.0,-13832.5,-13912.5,-13823.0,-13881.5,-13898.0,-13869.5,-13960.5,-13919.5,-13797.5,-13793.5,-13899.5,-13860.0,-13819.5,-13962.5,-14037.5,-13867.5,-13877.5,-13880.5,-13793.5,-13877.0,-13883.0,-13835.5,-13944.0,-13835.0,-13928.5,-13847.5,-13732.0,-13897.5,-13775.5,-13763.0,-13894.0,-13922.0,-13798.5,-13769.5,-13825.5,-13959.5,-13745.5,-13942.0,-13876.0,-13927.5,-13963.0,-13862.0,-13917.5,-13855.5,-13852.5,-13960.5,-13862.5,-13817.0,-13919.0,-13910.0,-13725.5,-13755.5,-13854.0,-13861.5,-13937.0,-13961.0,-13823.0,-13942.0,-13982.0,-13954.0,-13753.0,-13903.0,-13940.0,-13896.0,-13953.5,-13922.0,-13835.5,-13854.5,-13913.5,-13889.0,-13931.5,-13891.5,-13812.5,-13623.5,-13822.0,-13940.0,-13975.0,-13870.5,-13863.5,-13853.5,-13841.0,-13927.0,-13854.0,-13786.5,-13957.0,-13823.5,-13808.5,-13908.5,-13801.0,-13815.5,-13852.5,-13998.5,-13893.0,-13831.5,-13836.0,-13949.5,-13901.0,-13827.0,-13923.0
