2.0,4.0;2.0,4.0::-3000.0,0.0
-3000.0
2.0,4.0;2.0,4.0::-3000.0,0.0
-3000.0
2.0,4.0;3.0,0.0::-2505.0,0.0
-2505.0
3.0,0.0;2.0,4.0::-507.5,0.0
-507.5
2.0,4.0;3.0,1.0::-755.0,0.0
-755.0
3.0,1.0;2.0,4.0::-507.5,0.0
-507.5
2.0,4.0;3.0,2.0::-755.0,0.0
-755.0
3.0,2.0;2.0,4.0::-507.5,0.0
-507.5
2.0,4.0;3.0,3.0::995.0,0.0
995.0
3.0,3.0;2.0,4.0::-507.5,0.0
-507.5
2.0,4.0;3.0,4.0::-2505.0,0.0
-2505.0
3.0,4.0;2.0,4.0::-507.5,0.0
-507.5
2.0,4.0;4.0,0.0::-3002.5,0.0
-3002.5
4.0,0.0;2.0,4.0::487.5,0.0
487.5
2.0,4.0;4.0,1.0::-1252.5,0.0
-1252.5
4.0,1.0;2.0,4.0::487.5,0.0
487.5
2.0,4.0;4.0,2.0::-1252.5,0.0
-1252.5
4.0,2.0;2.0,4.0::487.5,0.0
487.5
2.0,4.0;4.0,3.0::497.5,0.0
497.5
4.0,3.0;2.0,4.0::487.5,0.0
487.5
2.0,4.0;4.0,4.0::-3002.5,0.0
-3002.5
4.0,4.0;2.0,4.0::487.5,0.0
487.5
