0.0,0.0,0.0,0.0;0.0,0.0,0.0,0.0::-1322.33,268.3197739638284
-1322.33
0.0,0.0,0.0,0.0;0.0,0.0,0.0,0.0::-1344.57,294.6866897231702
-1344.57
0.0,0.0,0.0,0.0;0.0,0.0,0.0,10.0::-952.535,449.13542643060345
-952.535
0.0,0.0,0.0,10.0;0.0,0.0,0.0,0.0::-1003.515,271.632200364758
-1003.515
0.0,0.0,0.0,0.0;0.0,0.0,10.0,0.0::-2188.865,187.6816567355478
-2188.865
0.0,0.0,10.0,0.0;0.0,0.0,0.0,0.0::-1490.785,211.31321841049126
-1490.785
0.0,0.0,0.0,0.0;0.0,0.0,10.0,10.0::-1947.735,391.8541084064322
-1947.735
0.0,0.0,10.0,10.0;0.0,0.0,0.0,0.0::-1455.915,256.4457745313812
-1455.915
0.0,0.0,0.0,0.0;0.0,10.0,0.0,0.0::-1321.305,299.61422608914944
-1321.305
0.0,10.0,0.0,0.0;0.0,0.0,0.0,0.0::-1304.595,283.04040961495235
-1304.595
0.0,0.0,0.0,0.0;0.0,10.0,0.0,10.0::-991.89,475.2066475755573
-991.89
0.0,10.0,0.0,10.0;0.0,0.0,0.0,0.0::-931.985,301.78958278078454
-931.985
0.0,0.0,0.0,0.0;0.0,10.0,10.0,0.0::-2145.12,231.14811398754696
-2145.12
0.0,10.0,10.0,0.0;0.0,0.0,0.0,0.0::-1433.23,251.71716687584103
-1433.23
0.0,0.0,0.0,0.0;0.0,10.0,10.0,10.0::-1937.585,421.58159978229594
-1937.585
0.0,10.0,10.0,10.0;0.0,0.0,0.0,0.0::-1290.715,232.79361304597694
-1290.715
0.0,0.0,0.0,0.0;10.0,0.0,0.0,0.0::-1306.485,231.85572512879637
-1306.485
10.0,0.0,0.0,0.0;0.0,0.0,0.0,0.0::-1847.965,295.395398195368
-1847.965
0.0,0.0,0.0,0.0;10.0,0.0,0.0,10.0::-866.84,390.14636920007354
-866.84
10.0,0.0,0.0,10.0;0.0,0.0,0.0,0.0::-1450.185,293.49762056105334
-1450.185
0.0,0.0,0.0,0.0;10.0,0.0,10.0,0.0::-2156.275,114.4558075197585
-2156.275
10.0,0.0,10.0,0.0;0.0,0.0,0.0,0.0::-1976.625,226.2343185173284
-1976.625
0.0,0.0,0.0,0.0;10.0,0.0,10.0,10.0::-1924.37,346.68267637711585
-1924.37
10.0,0.0,10.0,10.0;0.0,0.0,0.0,0.0::-1949.13,262.51031998761493
-1949.13
0.0,0.0,0.0,0.0;10.0,10.0,0.0,0.0::-1356.04,198.00239493501084
-1356.04
10.0,10.0,0.0,0.0;0.0,0.0,0.0,0.0::-1604.035,313.62594961992545
-1604.035
0.0,0.0,0.0,0.0;10.0,10.0,0.0,10.0::-950.51,353.50350762050437
-950.51
10.0,10.0,0.0,10.0;0.0,0.0,0.0,0.0::-1240.715,303.9633058035131
-1240.715
0.0,0.0,0.0,0.0;10.0,10.0,10.0,0.0::-2210.8,121.58986388675663
-2210.8
10.0,10.0,10.0,0.0;0.0,0.0,0.0,0.0::-1762.1,222.7143910931667
-1762.1
0.0,0.0,0.0,0.0;10.0,10.0,10.0,10.0::-2078.225,318.4612643242503
-2078.225
10.0,10.0,10.0,10.0;0.0,0.0,0.0,0.0::-1685.25,273.48217949255854
-1685.25
