0.0,0.0,0.0,10.0;0.0,0.0,0.0,10.0::-637.395,495.686757413389
-637.395
0.0,0.0,0.0,10.0;0.0,0.0,0.0,10.0::-576.28,446.69214409926667
-576.28
0.0,0.0,0.0,10.0;0.0,0.0,10.0,0.0::-1861.93,195.48416841268755
-1861.93
0.0,0.0,10.0,0.0;0.0,0.0,0.0,10.0::-1108.795,385.8391445602688
-1108.795
0.0,0.0,0.0,10.0;0.0,0.0,10.0,10.0::-1648.97,357.2308204788607
-1648.97
0.0,0.0,10.0,10.0;0.0,0.0,0.0,10.0::-968.58,352.7375491778555
-968.58
0.0,0.0,0.0,10.0;0.0,10.0,0.0,0.0::-1123.045,402.09544945821006
-1123.045
0.0,10.0,0.0,0.0;0.0,0.0,0.0,10.0::-1085.305,513.1524914438203
-1085.305
0.0,0.0,0.0,10.0;0.0,10.0,0.0,10.0::-709.49,496.9468381024272
-709.49
0.0,10.0,0.0,10.0;0.0,0.0,0.0,10.0::-716.51,519.2142764793741
-716.51
0.0,0.0,0.0,10.0;0.0,10.0,10.0,0.0::-1880.55,305.3455788119422
-1880.55
0.0,10.0,10.0,0.0;0.0,0.0,0.0,10.0::-1125.025,463.08191702440723
-1125.025
0.0,0.0,0.0,10.0;0.0,10.0,10.0,10.0::-1750.28,499.5282690699296
-1750.28
0.0,10.0,10.0,10.0;0.0,0.0,0.0,10.0::-1163.445,523.3358285795078
-1163.445
0.0,0.0,0.0,10.0;10.0,0.0,0.0,0.0::-1300.62,214.93211858631085
-1300.62
10.0,0.0,0.0,0.0;0.0,0.0,0.0,10.0::-1315.705,249.19107222169902
-1315.705
0.0,0.0,0.0,10.0;10.0,0.0,0.0,10.0::-964.97,382.2335203772689
-964.97
10.0,0.0,0.0,10.0;0.0,0.0,0.0,10.0::-993.53,264.7435156901864
-993.53
0.0,0.0,0.0,10.0;10.0,0.0,10.0,0.0::-2172.765,96.95231959576829
-2172.765
10.0,0.0,10.0,0.0;0.0,0.0,0.0,10.0::-1472.285,215.88562081574585
-1472.285
0.0,0.0,0.0,10.0;10.0,0.0,10.0,10.0::-1970.13,348.04490816559866
-1970.13
10.0,0.0,10.0,10.0;0.0,0.0,0.0,10.0::-1400.87,204.27443085222387
-1400.87
0.0,0.0,0.0,10.0;10.0,10.0,0.0,0.0::-1290.97,192.5997510382607
-1290.97
10.0,10.0,0.0,0.0;0.0,0.0,0.0,10.0::-1353.555,301.19118425843743
-1353.555
0.0,0.0,0.0,10.0;10.0,10.0,0.0,10.0::-913.8,360.4072488172234
-913.8
10.0,10.0,0.0,10.0;0.0,0.0,0.0,10.0::-951.65,208.2664819408058
-951.65
0.0,0.0,0.0,10.0;10.0,10.0,10.0,0.0::-2157.725,87.47623605871483
-2157.725
10.0,10.0,10.0,0.0;0.0,0.0,0.0,10.0::-1454.275,205.0988587852209
-1454.275
0.0,0.0,0.0,10.0;10.0,10.0,10.0,10.0::-1978.235,338.11641822750937
-1978.235
10.0,10.0,10.0,10.0;0.0,0.0,0.0,10.0::-1409.815,263.336796279973
-1409.815
