10.0,0.0,10.0,0.0;10.0,0.0,10.0,0.0::-2367.04,102.05186622497403
-2367.04
10.0,0.0,10.0,0.0;10.0,0.0,10.0,0.0::-2328.41,113.53619202703602
-2328.41
10.0,0.0,10.0,0.0;10.0,0.0,10.0,10.0::-2057.405,400.34978890340386
-2057.405
10.0,0.0,10.0,10.0;10.0,0.0,10.0,0.0::-2313.595,136.17567137708556
-2313.595
10.0,0.0,10.0,0.0;10.0,10.0,0.0,0.0::-1859.325,235.41269480425225
-1859.325
10.0,10.0,0.0,0.0;10.0,0.0,10.0,0.0::-2269.1,196.45449854864617
-2269.1
10.0,0.0,10.0,0.0;10.0,10.0,0.0,10.0::-1334.415,201.36547686979515
-1334.415
10.0,10.0,0.0,10.0;10.0,0.0,10.0,0.0::-2288.085,214.29881071765192
-2288.085
10.0,0.0,10.0,0.0;10.0,10.0,10.0,0.0::-2221.625,170.99772476556524
-2221.625
10.0,10.0,10.0,0.0;10.0,0.0,10.0,0.0::-2425.075,292.55748473590626
-2425.075
10.0,0.0,10.0,0.0;10.0,10.0,10.0,10.0::-1805.85,438.765002592504
-1805.85
10.0,10.0,10.0,10.0;10.0,0.0,10.0,0.0::-2403.85,268.90974787091665
-2403.85
