10.0,0.0,10.0,10.0;10.0,0.0,10.0,10.0::-2020.665,417.62219202887195
-2020.665
10.0,0.0,10.0,10.0;10.0,0.0,10.0,10.0::-2125.635,391.4678585465223
-2125.635
10.0,0.0,10.0,10.0;10.0,10.0,0.0,0.0::-1832.805,231.02908794132398
-1832.805
10.0,10.0,0.0,0.0;10.0,0.0,10.0,10.0::-1906.22,547.4498439126638
-1906.22
10.0,0.0,10.0,10.0;10.0,10.0,0.0,10.0::-1359.38,270.9744740745888
-1359.38
10.0,10.0,0.0,10.0;10.0,0.0,10.0,10.0::-1968.695,520.1094927753195
-1968.695
10.0,0.0,10.0,10.0;10.0,10.0,10.0,0.0::-2203.07,147.06146708094545
-2203.07
10.0,10.0,10.0,0.0;10.0,0.0,10.0,10.0::-2289.805,446.2302650818297
-2289.805
10.0,0.0,10.0,10.0;10.0,10.0,10.0,10.0::-1927.5,420.9326371285553
-1927.5
10.0,10.0,10.0,10.0;10.0,0.0,10.0,10.0::-2194.325,511.43104801625014
-2194.325
