10.0,10.0,0.0,0.0;10.0,10.0,0.0,0.0::-1626.455,270.3182854987801
-1626.455
10.0,10.0,0.0,0.0;10.0,10.0,0.0,0.0::-1656.52,276.5105234887091
-1656.52
10.0,10.0,0.0,0.0;10.0,10.0,0.0,10.0::-1350.54,232.7193769328201
-1350.54
10.0,10.0,0.0,10.0;10.0,10.0,0.0,0.0::-1611.985,205.49184235633302
-1611.985
10.0,10.0,0.0,0.0;10.0,10.0,10.0,0.0::-2301.95,251.24722386525985
-2301.95
10.0,10.0,10.0,0.0;10.0,10.0,0.0,0.0::-1669.4,228.00336620322074
-1669.4
10.0,10.0,0.0,0.0;10.0,10.0,10.0,10.0::-2182.58,429.05276318886473
-2182.58
10.0,10.0,10.0,10.0;10.0,10.0,0.0,0.0::-1638.22,261.4963414658033
-1638.22
