0.0,0.0,10.0,0.0;0.0,0.0,10.0,0.0::-2331.01,60.45469295265671
-2331.01
0.0,0.0,10.0,0.0;0.0,0.0,10.0,0.0::-2330.365,76.04057650360103
-2330.365
0.0,0.0,10.0,0.0;0.0,0.0,10.0,10.0::-2110.185,355.8126308536559
-2110.185
0.0,0.0,10.0,10.0;0.0,0.0,10.0,0.0::-2274.165,123.66412282873314
-2274.165
0.0,0.0,10.0,0.0;0.0,10.0,0.0,0.0::-1363.15,249.20563296201794
-1363.15
0.0,10.0,0.0,0.0;0.0,0.0,10.0,0.0::-2189.55,491.49310015502766
-2189.55
0.0,0.0,10.0,0.0;0.0,10.0,0.0,10.0::-996.155,456.40262759432045
-996.155
0.0,10.0,0.0,10.0;0.0,0.0,10.0,0.0::-1946.72,306.9070650864851
-1946.72
0.0,0.0,10.0,0.0;0.0,10.0,10.0,0.0::-2225.295,147.3271376053984
-2225.295
0.0,10.0,10.0,0.0;0.0,0.0,10.0,0.0::-2321.955,474.9254420169549
-2321.955
0.0,0.0,10.0,0.0;0.0,10.0,10.0,10.0::-2054.505,338.5573030891521
-2054.505
0.0,10.0,10.0,10.0;0.0,0.0,10.0,0.0::-2337.32,355.71705413151057
-2337.32
0.0,0.0,10.0,0.0;10.0,0.0,0.0,0.0::-1497.94,183.72502932371515
-1497.94
10.0,0.0,0.0,0.0;0.0,0.0,10.0,0.0::-2202.71,178.87708321638073
-2202.71
0.0,0.0,10.0,0.0;10.0,0.0,0.0,10.0::-1144.355,410.977136194947
-1144.355
10.0,0.0,0.0,10.0;0.0,0.0,10.0,0.0::-1852.32,200.67318605135063
-1852.32
0.0,0.0,10.0,0.0;10.0,0.0,10.0,0.0::-2364.52,105.97770803334069
-2364.52
10.0,0.0,10.0,0.0;0.0,0.0,10.0,0.0::-2315.38,78.99532011454856
-2315.38
0.0,0.0,10.0,0.0;10.0,0.0,10.0,10.0::-2179.615,338.3622604177363
-2179.615
10.0,0.0,10.0,10.0;0.0,0.0,10.0,0.0::-2264.36,131.88449643532783
-2264.36
0.0,0.0,10.0,0.0;10.0,10.0,0.0,0.0::-1345.105,211.77156672934163
-1345.105
10.0,10.0,0.0,0.0;0.0,0.0,10.0,0.0::-2311.97,269.9450668191586
-2311.97
0.0,0.0,10.0,0.0;10.0,10.0,0.0,10.0::-1041.245,472.75502374379914
-1041.245
10.0,10.0,0.0,10.0;0.0,0.0,10.0,0.0::-2008.805,275.3487506327204
-2008.805
0.0,0.0,10.0,0.0;10.0,10.0,10.0,0.0::-2225.18,159.84050675595347
-2225.18
10.0,10.0,10.0,0.0;0.0,0.0,10.0,0.0::-2417.27,265.51566262652005
-2417.27
0.0,0.0,10.0,0.0;10.0,10.0,10.0,10.0::-1945.225,386.39161077202493
-1945.225
10.0,10.0,10.0,10.0;0.0,0.0,10.0,0.0::-2407.6,201.97556782937878
-2407.6
