0.0,0.0,10.0,10.0;0.0,0.0,10.0,10.0::-2049.5,371.4942327950731
-2049.5
0.0,0.0,10.0,10.0;0.0,0.0,10.0,10.0::-2101.6,324.09139143149116
-2101.6
0.0,0.0,10.0,10.0;0.0,10.0,0.0,0.0::-1431.3,235.3856197816681
-1431.3
0.0,10.0,0.0,0.0;0.0,0.0,10.0,10.0::-2189.275,317.91192471343385
-2189.275
0.0,0.0,10.0,10.0;0.0,10.0,0.0,10.0::-1063.435,406.64736968902184
-1063.435
0.0,10.0,0.0,10.0;0.0,0.0,10.0,10.0::-1882.715,344.0486321365047
-1882.715
0.0,0.0,10.0,10.0;0.0,10.0,10.0,0.0::-2254.73,180.465224073781
-2254.73
0.0,10.0,10.0,0.0;0.0,0.0,10.0,10.0::-2362.045,281.1270184009356
-2362.045
0.0,0.0,10.0,10.0;0.0,10.0,10.0,10.0::-2128.495,371.006869848794
-2128.495
0.0,10.0,10.0,10.0;0.0,0.0,10.0,10.0::-2220.655,348.97092783640306
-2220.655
0.0,0.0,10.0,10.0;10.0,0.0,0.0,0.0::-1452.675,217.9576951497699
-1452.675
10.0,0.0,0.0,0.0;0.0,0.0,10.0,10.0::-1968.35,432.56077896637834
-1968.35
0.0,0.0,10.0,10.0;10.0,0.0,0.0,10.0::-1118.69,407.609413409455
-1118.69
10.0,0.0,0.0,10.0;0.0,0.0,10.0,10.0::-1578.86,419.9697017643058
-1578.86
0.0,0.0,10.0,10.0;10.0,0.0,10.0,0.0::-2323.39,142.18761514281053
-2323.39
10.0,0.0,10.0,0.0;0.0,0.0,10.0,10.0::-2051.785,395.5902062425207
-2051.785
0.0,0.0,10.0,10.0;10.0,0.0,10.0,10.0::-2128.615,353.1445869258086
-2128.615
10.0,0.0,10.0,10.0;0.0,0.0,10.0,10.0::-1999.385,394.94707148553465
-1999.385
0.0,0.0,10.0,10.0;10.0,10.0,0.0,0.0::-1332.795,208.83724637860934
-1332.795
10.0,10.0,0.0,0.0;0.0,0.0,10.0,10.0::-2046.305,519.44290299801
-2046.305
0.0,0.0,10.0,10.0;10.0,10.0,0.0,10.0::-1052.85,486.43456651434644
-1052.85
10.0,10.0,0.0,10.0;0.0,0.0,10.0,10.0::-1718.325,540.9794745413175
-1718.325
0.0,0.0,10.0,10.0;10.0,10.0,10.0,0.0::-2182.58,136.19358868904214
-2182.58
10.0,10.0,10.0,0.0;0.0,0.0,10.0,10.0::-2236.02,467.05388832553365
-2236.02
0.0,0.0,10.0,10.0;10.0,10.0,10.0,10.0::-2001.925,357.44539005979635
-2001.925
10.0,10.0,10.0,10.0;0.0,0.0,10.0,10.0::-2216.875,447.0459393339794
-2216.875
