0.0,10.0,0.0,0.0;0.0,10.0,0.0,0.0::-1255.825,280.1514177636801
-1255.825
0.0,10.0,0.0,0.0;0.0,10.0,0.0,0.0::-1285.6,314.92812672100274
-1285.6
0.0,10.0,0.0,0.0;0.0,10.0,0.0,10.0::-1068.865,558.9710227507327
-1068.865
0.0,10.0,0.0,10.0;0.0,10.0,0.0,0.0::-1031.66,397.1252628579552
-1031.66
0.0,10.0,0.0,0.0;0.0,10.0,10.0,0.0::-2146.695,507.33630805906245
-2146.695
0.0,10.0,10.0,0.0;0.0,10.0,0.0,0.0::-1292.955,288.76802190512717
-1292.955
0.0,10.0,0.0,0.0;0.0,10.0,10.0,10.0::-2171.66,318.3237572032599
-2171.66
0.0,10.0,10.0,10.0;0.0,10.0,0.0,0.0::-1385.69,287.30518425534893
-1385.69
0.0,10.0,0.0,0.0;10.0,0.0,0.0,0.0::-1225.555,240.5301217623273
-1225.555
10.0,0.0,0.0,0.0;0.0,10.0,0.0,0.0::-1779.37,323.2274943441538
-1779.37
0.0,10.0,0.0,0.0;10.0,0.0,0.0,10.0::-1054.145,572.4655766725193
-1054.145
10.0,0.0,0.0,10.0;0.0,10.0,0.0,0.0::-1590.905,390.2960075058416
-1590.905
0.0,10.0,0.0,0.0;10.0,0.0,10.0,0.0::-2084.52,490.585466152433
-2084.52
10.0,0.0,10.0,0.0;0.0,10.0,0.0,0.0::-1900.43,277.2949604662876
-1900.43
0.0,10.0,0.0,0.0;10.0,0.0,10.0,10.0::-2143.715,287.8507882132685
-2143.715
10.0,0.0,10.0,10.0;0.0,10.0,0.0,0.0::-1907.31,276.28921242060835
-1907.31
0.0,10.0,0.0,0.0;10.0,10.0,0.0,0.0::-1250.345,226.4074280473147
-1250.345
10.0,10.0,0.0,0.0;0.0,10.0,0.0,0.0::-1662.405,331.9172087659812
-1662.405
0.0,10.0,0.0,0.0;10.0,10.0,0.0,10.0::-1086.84,512.5594154827321
-1086.84
10.0,10.0,0.0,10.0;0.0,10.0,0.0,0.0::-1417.61,346.393746912383
-1417.61
0.0,10.0,0.0,0.0;10.0,10.0,10.0,0.0::-2191.225,413.7863420595224
-2191.225
10.0,10.0,10.0,0.0;0.0,10.0,0.0,0.0::-1703.75,234.6836434436793
-1703.75
0.0,10.0,0.0,0.0;10.0,10.0,10.0,10.0::-2181.035,334.31535453071854
-2181.035
10.0,10.0,10.0,10.0;0.0,10.0,0.0,0.0::-1713.74,267.9979522309826
-1713.74
