0.0,10.0,0.0,10.0;0.0,10.0,0.0,10.0::-863.56,627.5223752186054
-863.56
0.0,10.0,0.0,10.0;0.0,10.0,0.0,10.0::-854.215,590.7454623397458
-854.215
0.0,10.0,0.0,10.0;0.0,10.0,10.0,0.0::-1971.39,520.5595959157798
-1971.39
0.0,10.0,10.0,0.0;0.0,10.0,0.0,10.0::-1063.385,505.15673733505724
-1063.385
0.0,10.0,0.0,10.0;0.0,10.0,10.0,10.0::-1985.825,400.36274411463404
-1985.825
0.0,10.0,10.0,10.0;0.0,10.0,0.0,10.0::-1293.325,606.5361505095965
-1293.325
0.0,10.0,0.0,10.0;10.0,0.0,0.0,0.0::-1263.795,232.0499956367162
-1263.795
10.0,0.0,0.0,0.0;0.0,10.0,0.0,10.0::-1270.405,246.7753299562175
-1270.405
0.0,10.0,0.0,10.0;10.0,0.0,0.0,10.0::-1030.545,499.3974474053707
-1030.545
10.0,0.0,0.0,10.0;0.0,10.0,0.0,10.0::-1061.13,353.46303639843296
-1061.13
0.0,10.0,0.0,10.0;10.0,0.0,10.0,0.0::-2211.765,363.29600503583856
-2211.765
10.0,0.0,10.0,0.0;0.0,10.0,0.0,10.0::-1348.985,217.08770641148703
-1348.985
0.0,10.0,0.0,10.0;10.0,0.0,10.0,10.0::-2174.065,294.96723254456595
-2174.065
10.0,0.0,10.0,10.0;0.0,10.0,0.0,10.0::-1391.135,232.66940983936846
-1391.135
0.0,10.0,0.0,10.0;10.0,10.0,0.0,0.0::-1250.105,233.92892398119562
-1250.105
10.0,10.0,0.0,0.0;0.0,10.0,0.0,10.0::-1348.22,320.8992000613276
-1348.22
0.0,10.0,0.0,10.0;10.0,10.0,0.0,10.0::-1175.29,573.8383055356272
-1175.29
10.0,10.0,0.0,10.0;0.0,10.0,0.0,10.0::-1134.885,380.27632620898186
-1134.885
0.0,10.0,0.0,10.0;10.0,10.0,10.0,0.0::-2123.155,452.173095700087
-2123.155
10.0,10.0,10.0,0.0;0.0,10.0,0.0,10.0::-1435.97,347.3290357859533
-1435.97
0.0,10.0,0.0,10.0;10.0,10.0,10.0,10.0::-2194.0,294.2243531728806
-2194.0
10.0,10.0,10.0,10.0;0.0,10.0,0.0,10.0::-1400.65,259.5078948702716
-1400.65
