0.0,10.0,10.0,0.0;0.0,10.0,10.0,0.0::-2240.37,406.35291078076455
-2240.37
0.0,10.0,10.0,0.0;0.0,10.0,10.0,0.0::-2225.705,443.3526141515351
-2225.705
0.0,10.0,10.0,0.0;0.0,10.0,10.0,10.0::-2237.635,344.89921611247536
-2237.635
0.0,10.0,10.0,10.0;0.0,10.0,10.0,0.0::-2226.39,455.3700889386565
-2226.39
0.0,10.0,10.0,0.0;10.0,0.0,0.0,0.0::-1447.935,232.91180364034793
-1447.935
10.0,0.0,0.0,0.0;0.0,10.0,10.0,0.0::-2152.615,235.06543615555225
-2152.615
0.0,10.0,10.0,0.0;10.0,0.0,0.0,10.0::-1313.75,545.2807510814956
-1313.75
10.0,0.0,0.0,10.0;0.0,10.0,10.0,0.0::-1989.6,339.03012403029913
-1989.6
0.0,10.0,10.0,0.0;10.0,0.0,10.0,0.0::-2308.72,467.0552661088408
-2308.72
10.0,0.0,10.0,0.0;0.0,10.0,10.0,0.0::-2220.93,163.43491089727436
-2220.93
0.0,10.0,10.0,0.0;10.0,0.0,10.0,10.0::-2347.075,306.98003497784674
-2347.075
10.0,0.0,10.0,10.0;0.0,10.0,10.0,0.0::-2254.725,164.9893083657241
-2254.725
0.0,10.0,10.0,0.0;10.0,10.0,0.0,0.0::-1315.375,271.7682411081177
-1315.375
10.0,10.0,0.0,0.0;0.0,10.0,10.0,0.0::-2297.675,289.04288068554814
-2297.675
0.0,10.0,10.0,0.0;10.0,10.0,0.0,10.0::-1143.545,505.3531987382685
-1143.545
10.0,10.0,0.0,10.0;0.0,10.0,10.0,0.0::-2064.955,449.225912515073
-2064.955
0.0,10.0,10.0,0.0;10.0,10.0,10.0,0.0::-2213.365,406.98295329780086
-2213.365
10.0,10.0,10.0,0.0;0.0,10.0,10.0,0.0::-2354.31,255.4894496843265
-2354.31
0.0,10.0,10.0,0.0;10.0,10.0,10.0,10.0::-2210.865,331.52983165169314
-2210.865
10.0,10.0,10.0,10.0;0.0,10.0,10.0,0.0::-2347.56,295.1921601262472
-2347.56
