0.0,10.0,10.0,10.0;0.0,10.0,10.0,10.0::-2270.705,340.7728355884605
-2270.705
0.0,10.0,10.0,10.0;0.0,10.0,10.0,10.0::-2224.57,364.7539925758182
-2224.57
0.0,10.0,10.0,10.0;10.0,0.0,0.0,0.0::-1391.245,233.59324150111877
-1391.245
10.0,0.0,0.0,0.0;0.0,10.0,10.0,10.0::-1859.13,434.3794805236545
-1859.13
0.0,10.0,10.0,10.0;10.0,0.0,0.0,10.0::-1232.97,558.988724483777
-1232.97
10.0,0.0,0.0,10.0;0.0,10.0,10.0,10.0::-1619.705,553.3023951466323
-1619.705
0.0,10.0,10.0,10.0;10.0,0.0,10.0,0.0::-2372.0,391.9991836726194
-2372.0
10.0,0.0,10.0,0.0;0.0,10.0,10.0,10.0::-1958.125,398.65578118848345
-1958.125
0.0,10.0,10.0,10.0;10.0,0.0,10.0,10.0::-2381.4,291.8911612228092
-2381.4
10.0,0.0,10.0,10.0;0.0,10.0,10.0,10.0::-1965.975,414.7277382512532
-1965.975
0.0,10.0,10.0,10.0;10.0,10.0,0.0,0.0::-1262.78,242.87394178873947
-1262.78
10.0,10.0,0.0,0.0;0.0,10.0,10.0,10.0::-2026.02,561.4962062204874
-2026.02
0.0,10.0,10.0,10.0;10.0,10.0,0.0,10.0::-1154.545,555.3317031063507
-1154.545
10.0,10.0,0.0,10.0;0.0,10.0,10.0,10.0::-1847.855,619.235239206394
-1847.855
0.0,10.0,10.0,10.0;10.0,10.0,10.0,0.0::-2155.29,490.95426558896486
-2155.29
10.0,10.0,10.0,0.0;0.0,10.0,10.0,10.0::-2216.685,447.2601013672022
-2216.685
0.0,10.0,10.0,10.0;10.0,10.0,10.0,10.0::-2194.8,295.96382380284246
-2194.8
10.0,10.0,10.0,10.0;0.0,10.0,10.0,10.0::-2131.675,503.9941288100488
-2131.675
