10.0,0.0,0.0,0.0;10.0,0.0,0.0,0.0::-1797.99,232.7252669995246
-1797.99
10.0,0.0,0.0,0.0;10.0,0.0,0.0,0.0::-1779.11,242.05980232165774
-1779.11
10.0,0.0,0.0,0.0;10.0,0.0,0.0,10.0::-1266.145,199.50707124059537
-1266.145
10.0,0.0,0.0,10.0;10.0,0.0,0.0,0.0::-1852.355,240.33505045040766
-1852.355
10.0,0.0,0.0,0.0;10.0,0.0,10.0,0.0::-2143.07,124.819209659411
-2143.07
10.0,0.0,10.0,0.0;10.0,0.0,0.0,0.0::-2002.105,249.0911308637865
-2002.105
10.0,0.0,0.0,0.0;10.0,0.0,10.0,10.0::-1878.855,413.1872898275067
-1878.855
10.0,0.0,10.0,10.0;10.0,0.0,0.0,0.0::-1980.37,221.22510730023384
-1980.37
10.0,0.0,0.0,0.0;10.0,10.0,0.0,0.0::-1875.63,231.95301916551983
-1875.63
10.0,10.0,0.0,0.0;10.0,0.0,0.0,0.0::-1556.17,218.9790654377719
-1556.17
10.0,0.0,0.0,0.0;10.0,10.0,0.0,10.0::-1361.285,253.38776859785483
-1361.285
10.0,10.0,0.0,10.0;10.0,0.0,0.0,0.0::-1618.29,205.35859100607408
-1618.29
10.0,0.0,0.0,0.0;10.0,10.0,10.0,0.0::-2218.69,128.73423748172047
-2218.69
10.0,10.0,10.0,0.0;10.0,0.0,0.0,0.0::-1777.01,254.93245164160646
-1777.01
10.0,0.0,0.0,0.0;10.0,10.0,10.0,10.0::-1940.34,415.89233510609455
-1940.34
10.0,10.0,10.0,10.0;10.0,0.0,0.0,0.0::-1767.86,230.61677172313378
-1767.86
