10.0,0.0,0.0,10.0;10.0,0.0,0.0,10.0::-1277.1,133.0953793337695
-1277.1
10.0,0.0,0.0,10.0;10.0,0.0,0.0,10.0::-1281.3,125.81852009938758
-1281.3
10.0,0.0,0.0,10.0;10.0,0.0,10.0,0.0::-2150.61,85.23786071928365
-2150.61
10.0,0.0,10.0,0.0;10.0,0.0,0.0,10.0::-1495.99,186.52167407569553
-1495.99
10.0,0.0,0.0,10.0;10.0,0.0,10.0,10.0::-1917.58,387.88997615303236
-1917.58
10.0,0.0,10.0,10.0;10.0,0.0,0.0,10.0::-1438.245,167.41414956627773
-1438.245
10.0,0.0,0.0,10.0;10.0,10.0,0.0,0.0::-1882.29,212.0202841711142
-1882.29
10.0,10.0,0.0,0.0;10.0,0.0,0.0,10.0::-1240.76,183.21105970983305
-1240.76
10.0,0.0,0.0,10.0;10.0,10.0,0.0,10.0::-1297.94,178.77648447153223
-1297.94
10.0,10.0,0.0,10.0;10.0,0.0,0.0,10.0::-1313.385,231.7371447890907
-1313.385
10.0,0.0,0.0,10.0;10.0,10.0,10.0,0.0::-2144.335,67.08166869570256
-2144.335
10.0,10.0,10.0,0.0;10.0,0.0,0.0,10.0::-1472.265,145.65537159679351
-1472.265
10.0,0.0,0.0,10.0;10.0,10.0,10.0,10.0::-1872.555,401.6920331236356
-1872.555
10.0,10.0,10.0,10.0;10.0,0.0,0.0,10.0::-1446.745,228.48839680605226
-1446.745
