0.0,0.0,0.0,0.0;0.0,0.0,0.0,0.0::-1322.33,268.3197739638284
-1322.33
0.0,0.0,0.0,0.0;0.0,0.0,0.0,0.0::-1344.57,294.6866897231702
-1344.57
0.0,0.0,0.0,0.0;0.0,0.0,0.0,10.0::-952.535,449.13542643060345
-952.535
0.0,0.0,0.0,10.0;0.0,0.0,0.0,0.0::-1003.515,271.632200364758
-1003.515
0.0,0.0,0.0,0.0;0.0,0.0,10.0,0.0::-2188.865,187.6816567355478
-2188.865
0.0,0.0,10.0,0.0;0.0,0.0,0.0,0.0::-1490.785,211.31321841049126
-1490.785
0.0,0.0,0.0,0.0;0.0,0.0,10.0,10.0::-1947.735,391.8541084064322
-1947.735
0.0,0.0,10.0,10.0;0.0,0.0,0.0,0.0::-1455.915,256.4457745313812
-1455.915
0.0,0.0,0.0,0.0;0.0,10.0,0.0,0.0::-1321.305,299.61422608914944
-1321.305
0.0,10.0,0.0,0.0;0.0,0.0,0.0,0.0::-1304.595,283.04040961495235
-1304.595
0.0,0.0,0.0,0.0;0.0,10.0,0.0,10.0::-991.89,475.2066475755573
-991.89
0.0,10.0,0.0,10.0;0.0,0.0,0.0,0.0::-931.985,301.78958278078454
-931.985
0.0,0.0,0.0,0.0;0.0,10.0,10.0,0.0::-2145.12,231.14811398754696
-2145.12
0.0,10.0,10.0,0.0;0.0,0.0,0.0,0.0::-1433.23,251.71716687584103
-1433.23
0.0,0.0,0.0,0.0;0.0,10.0,10.0,10.0::-1937.585,421.58159978229594
-1937.585
0.0,10.0,10.0,10.0;0.0,0.0,0.0,0.0::-1290.715,232.79361304597694
-1290.715
0.0,0.0,0.0,0.0;10.0,0.0,0.0,0.0::-1306.485,231.85572512879637
-1306.485
10.0,0.0,0.0,0.0;0.0,0.0,0.0,0.0::-1847.965,295.395398195368
-1847.965
0.0,0.0,0.0,0.0;10.0,0.0,0.0,10.0::-866.84,390.14636920007354
-866.84
10.0,0.0,0.0,10.0;0.0,0.0,0.0,0.0::-1450.185,293.49762056105334
-1450.185
0.0,0.0,0.0,0.0;10.0,0.0,10.0,0.0::-2156.275,114.4558075197585
-2156.275
10.0,0.0,10.0,0.0;0.0,0.0,0.0,0.0::-1976.625,226.2343185173284
-1976.625
0.0,0.0,0.0,0.0;10.0,0.0,10.0,10.0::-1924.37,346.68267637711585
-1924.37
10.0,0.0,10.0,10.0;0.0,0.0,0.0,0.0::-1949.13,262.51031998761493
-1949.13
0.0,0.0,0.0,0.0;10.0,10.0,0.0,0.0::-1356.04,198.00239493501084
-1356.04
10.0,10.0,0.0,0.0;0.0,0.0,0.0,0.0::-1604.035,313.62594961992545
-1604.035
0.0,0.0,0.0,0.0;10.0,10.0,0.0,10.0::-950.51,353.50350762050437
-950.51
10.0,10.0,0.0,10.0;0.0,0.0,0.0,0.0::-1240.715,303.9633058035131
-1240.715
0.0,0.0,0.0,0.0;10.0,10.0,10.0,0.0::-2210.8,121.58986388675663
-2210.8
10.0,10.0,10.0,0.0;0.0,0.0,0.0,0.0::-1762.1,222.7143910931667
-1762.1
0.0,0.0,0.0,0.0;10.0,10.0,10.0,10.0::-2078.225,318.4612643242503
-2078.225
10.0,10.0,10.0,10.0;0.0,0.0,0.0,0.0::-1685.25,273.48217949255854
-1685.25
0.0,0.0,0.0,10.0;0.0,0.0,0.0,10.0::-637.395,495.686757413389
-637.395
0.0,0.0,0.0,10.0;0.0,0.0,0.0,10.0::-576.28,446.69214409926667
-576.28
0.0,0.0,0.0,10.0;0.0,0.0,10.0,0.0::-1861.93,195.48416841268755
-1861.93
0.0,0.0,10.0,0.0;0.0,0.0,0.0,10.0::-1108.795,385.8391445602688
-1108.795
0.0,0.0,0.0,10.0;0.0,0.0,10.0,10.0::-1648.97,357.2308204788607
-1648.97
0.0,0.0,10.0,10.0;0.0,0.0,0.0,10.0::-968.58,352.7375491778555
-968.58
0.0,0.0,0.0,10.0;0.0,10.0,0.0,0.0::-1123.045,402.09544945821006
-1123.045
0.0,10.0,0.0,0.0;0.0,0.0,0.0,10.0::-1085.305,513.1524914438203
-1085.305
0.0,0.0,0.0,10.0;0.0,10.0,0.0,10.0::-709.49,496.9468381024272
-709.49
0.0,10.0,0.0,10.0;0.0,0.0,0.0,10.0::-716.51,519.2142764793741
-716.51
0.0,0.0,0.0,10.0;0.0,10.0,10.0,0.0::-1880.55,305.3455788119422
-1880.55
0.0,10.0,10.0,0.0;0.0,0.0,0.0,10.0::-1125.025,463.08191702440723
-1125.025
0.0,0.0,0.0,10.0;0.0,10.0,10.0,10.0::-1750.28,499.5282690699296
-1750.28
0.0,10.0,10.0,10.0;0.0,0.0,0.0,10.0::-1163.445,523.3358285795078
-1163.445
0.0,0.0,0.0,10.0;10.0,0.0,0.0,0.0::-1300.62,214.93211858631085
-1300.62
10.0,0.0,0.0,0.0;0.0,0.0,0.0,10.0::-1315.705,249.19107222169902
-1315.705
0.0,0.0,0.0,10.0;10.0,0.0,0.0,10.0::-964.97,382.2335203772689
-964.97
10.0,0.0,0.0,10.0;0.0,0.0,0.0,10.0::-993.53,264.7435156901864
-993.53
0.0,0.0,0.0,10.0;10.0,0.0,10.0,0.0::-2172.765,96.95231959576829
-2172.765
10.0,0.0,10.0,0.0;0.0,0.0,0.0,10.0::-1472.285,215.88562081574585
-1472.285
0.0,0.0,0.0,10.0;10.0,0.0,10.0,10.0::-1970.13,348.04490816559866
-1970.13
10.0,0.0,10.0,10.0;0.0,0.0,0.0,10.0::-1400.87,204.27443085222387
-1400.87
0.0,0.0,0.0,10.0;10.0,10.0,0.0,0.0::-1290.97,192.5997510382607
-1290.97
10.0,10.0,0.0,0.0;0.0,0.0,0.0,10.0::-1353.555,301.19118425843743
-1353.555
0.0,0.0,0.0,10.0;10.0,10.0,0.0,10.0::-913.8,360.4072488172234
-913.8
10.0,10.0,0.0,10.0;0.0,0.0,0.0,10.0::-951.65,208.2664819408058
-951.65
0.0,0.0,0.0,10.0;10.0,10.0,10.0,0.0::-2157.725,87.47623605871483
-2157.725
10.0,10.0,10.0,0.0;0.0,0.0,0.0,10.0::-1454.275,205.0988587852209
-1454.275
0.0,0.0,0.0,10.0;10.0,10.0,10.0,10.0::-1978.235,338.11641822750937
-1978.235
10.0,10.0,10.0,10.0;0.0,0.0,0.0,10.0::-1409.815,263.336796279973
-1409.815
0.0,0.0,10.0,0.0;0.0,0.0,10.0,0.0::-2331.01,60.45469295265671
-2331.01
0.0,0.0,10.0,0.0;0.0,0.0,10.0,0.0::-2330.365,76.04057650360103
-2330.365
0.0,0.0,10.0,0.0;0.0,0.0,10.0,10.0::-2110.185,355.8126308536559
-2110.185
0.0,0.0,10.0,10.0;0.0,0.0,10.0,0.0::-2274.165,123.66412282873314
-2274.165
0.0,0.0,10.0,0.0;0.0,10.0,0.0,0.0::-1363.15,249.20563296201794
-1363.15
0.0,10.0,0.0,0.0;0.0,0.0,10.0,0.0::-2189.55,491.49310015502766
-2189.55
0.0,0.0,10.0,0.0;0.0,10.0,0.0,10.0::-996.155,456.40262759432045
-996.155
0.0,10.0,0.0,10.0;0.0,0.0,10.0,0.0::-1946.72,306.9070650864851
-1946.72
0.0,0.0,10.0,0.0;0.0,10.0,10.0,0.0::-2225.295,147.3271376053984
-2225.295
0.0,10.0,10.0,0.0;0.0,0.0,10.0,0.0::-2321.955,474.9254420169549
-2321.955
0.0,0.0,10.0,0.0;0.0,10.0,10.0,10.0::-2054.505,338.5573030891521
-2054.505
0.0,10.0,10.0,10.0;0.0,0.0,10.0,0.0::-2337.32,355.71705413151057
-2337.32
0.0,0.0,10.0,0.0;10.0,0.0,0.0,0.0::-1497.94,183.72502932371515
-1497.94
10.0,0.0,0.0,0.0;0.0,0.0,10.0,0.0::-2202.71,178.87708321638073
-2202.71
0.0,0.0,10.0,0.0;10.0,0.0,0.0,10.0::-1144.355,410.977136194947
-1144.355
10.0,0.0,0.0,10.0;0.0,0.0,10.0,0.0::-1852.32,200.67318605135063
-1852.32
0.0,0.0,10.0,0.0;10.0,0.0,10.0,0.0::-2364.52,105.97770803334069
-2364.52
10.0,0.0,10.0,0.0;0.0,0.0,10.0,0.0::-2315.38,78.99532011454856
-2315.38
0.0,0.0,10.0,0.0;10.0,0.0,10.0,10.0::-2179.615,338.3622604177363
-2179.615
10.0,0.0,10.0,10.0;0.0,0.0,10.0,0.0::-2264.36,131.88449643532783
-2264.36
0.0,0.0,10.0,0.0;10.0,10.0,0.0,0.0::-1345.105,211.77156672934163
-1345.105
10.0,10.0,0.0,0.0;0.0,0.0,10.0,0.0::-2311.97,269.9450668191586
-2311.97
0.0,0.0,10.0,0.0;10.0,10.0,0.0,10.0::-1041.245,472.75502374379914
-1041.245
10.0,10.0,0.0,10.0;0.0,0.0,10.0,0.0::-2008.805,275.3487506327204
-2008.805
0.0,0.0,10.0,0.0;10.0,10.0,10.0,0.0::-2225.18,159.84050675595347
-2225.18
10.0,10.0,10.0,0.0;0.0,0.0,10.0,0.0::-2417.27,265.51566262652005
-2417.27
0.0,0.0,10.0,0.0;10.0,10.0,10.0,10.0::-1945.225,386.39161077202493
-1945.225
10.0,10.0,10.0,10.0;0.0,0.0,10.0,0.0::-2407.6,201.97556782937878
-2407.6
0.0,0.0,10.0,10.0;0.0,0.0,10.0,10.0::-2049.5,371.4942327950731
-2049.5
0.0,0.0,10.0,10.0;0.0,0.0,10.0,10.0::-2101.6,324.09139143149116
-2101.6
0.0,0.0,10.0,10.0;0.0,10.0,0.0,0.0::-1431.3,235.3856197816681
-1431.3
0.0,10.0,0.0,0.0;0.0,0.0,10.0,10.0::-2189.275,317.91192471343385
-2189.275
0.0,0.0,10.0,10.0;0.0,10.0,0.0,10.0::-1063.435,406.64736968902184
-1063.435
0.0,10.0,0.0,10.0;0.0,0.0,10.0,10.0::-1882.715,344.0486321365047
-1882.715
0.0,0.0,10.0,10.0;0.0,10.0,10.0,0.0::-2254.73,180.465224073781
-2254.73
0.0,10.0,10.0,0.0;0.0,0.0,10.0,10.0::-2362.045,281.1270184009356
-2362.045
0.0,0.0,10.0,10.0;0.0,10.0,10.0,10.0::-2128.495,371.006869848794
-2128.495
0.0,10.0,10.0,10.0;0.0,0.0,10.0,10.0::-2220.655,348.97092783640306
-2220.655
0.0,0.0,10.0,10.0;10.0,0.0,0.0,0.0::-1452.675,217.9576951497699
-1452.675
10.0,0.0,0.0,0.0;0.0,0.0,10.0,10.0::-1968.35,432.56077896637834
-1968.35
0.0,0.0,10.0,10.0;10.0,0.0,0.0,10.0::-1118.69,407.609413409455
-1118.69
10.0,0.0,0.0,10.0;0.0,0.0,10.0,10.0::-1578.86,419.9697017643058
-1578.86
0.0,0.0,10.0,10.0;10.0,0.0,10.0,0.0::-2323.39,142.18761514281053
-2323.39
10.0,0.0,10.0,0.0;0.0,0.0,10.0,10.0::-2051.785,395.5902062425207
-2051.785
0.0,0.0,10.0,10.0;10.0,0.0,10.0,10.0::-2128.615,353.1445869258086
-2128.615
10.0,0.0,10.0,10.0;0.0,0.0,10.0,10.0::-1999.385,394.94707148553465
-1999.385
0.0,0.0,10.0,10.0;10.0,10.0,0.0,0.0::-1332.795,208.83724637860934
-1332.795
10.0,10.0,0.0,0.0;0.0,0.0,10.0,10.0::-2046.305,519.44290299801
-2046.305
0.0,0.0,10.0,10.0;10.0,10.0,0.0,10.0::-1052.85,486.43456651434644
-1052.85
10.0,10.0,0.0,10.0;0.0,0.0,10.0,10.0::-1718.325,540.9794745413175
-1718.325
0.0,0.0,10.0,10.0;10.0,10.0,10.0,0.0::-2182.58,136.19358868904214
-2182.58
10.0,10.0,10.0,0.0;0.0,0.0,10.0,10.0::-2236.02,467.05388832553365
-2236.02
0.0,0.0,10.0,10.0;10.0,10.0,10.0,10.0::-2001.925,357.44539005979635
-2001.925
10.0,10.0,10.0,10.0;0.0,0.0,10.0,10.0::-2216.875,447.0459393339794
-2216.875
0.0,10.0,0.0,0.0;0.0,10.0,0.0,0.0::-1255.825,280.1514177636801
-1255.825
0.0,10.0,0.0,0.0;0.0,10.0,0.0,0.0::-1285.6,314.92812672100274
-1285.6
0.0,10.0,0.0,0.0;0.0,10.0,0.0,10.0::-1068.865,558.9710227507327
-1068.865
0.0,10.0,0.0,10.0;0.0,10.0,0.0,0.0::-1031.66,397.1252628579552
-1031.66
0.0,10.0,0.0,0.0;0.0,10.0,10.0,0.0::-2146.695,507.33630805906245
-2146.695
0.0,10.0,10.0,0.0;0.0,10.0,0.0,0.0::-1292.955,288.76802190512717
-1292.955
0.0,10.0,0.0,0.0;0.0,10.0,10.0,10.0::-2171.66,318.3237572032599
-2171.66
0.0,10.0,10.0,10.0;0.0,10.0,0.0,0.0::-1385.69,287.30518425534893
-1385.69
0.0,10.0,0.0,0.0;10.0,0.0,0.0,0.0::-1225.555,240.5301217623273
-1225.555
10.0,0.0,0.0,0.0;0.0,10.0,0.0,0.0::-1779.37,323.2274943441538
-1779.37
0.0,10.0,0.0,0.0;10.0,0.0,0.0,10.0::-1054.145,572.4655766725193
-1054.145
10.0,0.0,0.0,10.0;0.0,10.0,0.0,0.0::-1590.905,390.2960075058416
-1590.905
0.0,10.0,0.0,0.0;10.0,0.0,10.0,0.0::-2084.52,490.585466152433
-2084.52
10.0,0.0,10.0,0.0;0.0,10.0,0.0,0.0::-1900.43,277.2949604662876
-1900.43
0.0,10.0,0.0,0.0;10.0,0.0,10.0,10.0::-2143.715,287.8507882132685
-2143.715
10.0,0.0,10.0,10.0;0.0,10.0,0.0,0.0::-1907.31,276.28921242060835
-1907.31
0.0,10.0,0.0,0.0;10.0,10.0,0.0,0.0::-1250.345,226.4074280473147
-1250.345
10.0,10.0,0.0,0.0;0.0,10.0,0.0,0.0::-1662.405,331.9172087659812
-1662.405
0.0,10.0,0.0,0.0;10.0,10.0,0.0,10.0::-1086.84,512.5594154827321
-1086.84
10.0,10.0,0.0,10.0;0.0,10.0,0.0,0.0::-1417.61,346.393746912383
-1417.61
0.0,10.0,0.0,0.0;10.0,10.0,10.0,0.0::-2191.225,413.7863420595224
-2191.225
10.0,10.0,10.0,0.0;0.0,10.0,0.0,0.0::-1703.75,234.6836434436793
-1703.75
0.0,10.0,0.0,0.0;10.0,10.0,10.0,10.0::-2181.035,334.31535453071854
-2181.035
10.0,10.0,10.0,10.0;0.0,10.0,0.0,0.0::-1713.74,267.9979522309826
-1713.74
0.0,10.0,0.0,10.0;0.0,10.0,0.0,10.0::-863.56,627.5223752186054
-863.56
0.0,10.0,0.0,10.0;0.0,10.0,0.0,10.0::-854.215,590.7454623397458
-854.215
0.0,10.0,0.0,10.0;0.0,10.0,10.0,0.0::-1971.39,520.5595959157798
-1971.39
0.0,10.0,10.0,0.0;0.0,10.0,0.0,10.0::-1063.385,505.15673733505724
-1063.385
0.0,10.0,0.0,10.0;0.0,10.0,10.0,10.0::-1985.825,400.36274411463404
-1985.825
0.0,10.0,10.0,10.0;0.0,10.0,0.0,10.0::-1293.325,606.5361505095965
-1293.325
0.0,10.0,0.0,10.0;10.0,0.0,0.0,0.0::-1263.795,232.0499956367162
-1263.795
10.0,0.0,0.0,0.0;0.0,10.0,0.0,10.0::-1270.405,246.7753299562175
-1270.405
0.0,10.0,0.0,10.0;10.0,0.0,0.0,10.0::-1030.545,499.3974474053707
-1030.545
10.0,0.0,0.0,10.0;0.0,10.0,0.0,10.0::-1061.13,353.46303639843296
-1061.13
0.0,10.0,0.0,10.0;10.0,0.0,10.0,0.0::-2211.765,363.29600503583856
-2211.765
10.0,0.0,10.0,0.0;0.0,10.0,0.0,10.0::-1348.985,217.08770641148703
-1348.985
0.0,10.0,0.0,10.0;10.0,0.0,10.0,10.0::-2174.065,294.96723254456595
-2174.065
10.0,0.0,10.0,10.0;0.0,10.0,0.0,10.0::-1391.135,232.66940983936846
-1391.135
0.0,10.0,0.0,10.0;10.0,10.0,0.0,0.0::-1250.105,233.92892398119562
-1250.105
10.0,10.0,0.0,0.0;0.0,10.0,0.0,10.0::-1348.22,320.8992000613276
-1348.22
0.0,10.0,0.0,10.0;10.0,10.0,0.0,10.0::-1175.29,573.8383055356272
-1175.29
10.0,10.0,0.0,10.0;0.0,10.0,0.0,10.0::-1134.885,380.27632620898186
-1134.885
0.0,10.0,0.0,10.0;10.0,10.0,10.0,0.0::-2123.155,452.173095700087
-2123.155
10.0,10.0,10.0,0.0;0.0,10.0,0.0,10.0::-1435.97,347.3290357859533
-1435.97
0.0,10.0,0.0,10.0;10.0,10.0,10.0,10.0::-2194.0,294.2243531728806
-2194.0
10.0,10.0,10.0,10.0;0.0,10.0,0.0,10.0::-1400.65,259.5078948702716
-1400.65
0.0,10.0,10.0,0.0;0.0,10.0,10.0,0.0::-2240.37,406.35291078076455
-2240.37
0.0,10.0,10.0,0.0;0.0,10.0,10.0,0.0::-2225.705,443.3526141515351
-2225.705
0.0,10.0,10.0,0.0;0.0,10.0,10.0,10.0::-2237.635,344.89921611247536
-2237.635
0.0,10.0,10.0,10.0;0.0,10.0,10.0,0.0::-2226.39,455.3700889386565
-2226.39
0.0,10.0,10.0,0.0;10.0,0.0,0.0,0.0::-1447.935,232.91180364034793
-1447.935
10.0,0.0,0.0,0.0;0.0,10.0,10.0,0.0::-2152.615,235.06543615555225
-2152.615
0.0,10.0,10.0,0.0;10.0,0.0,0.0,10.0::-1313.75,545.2807510814956
-1313.75
10.0,0.0,0.0,10.0;0.0,10.0,10.0,0.0::-1989.6,339.03012403029913
-1989.6
0.0,10.0,10.0,0.0;10.0,0.0,10.0,0.0::-2308.72,467.0552661088408
-2308.72
10.0,0.0,10.0,0.0;0.0,10.0,10.0,0.0::-2220.93,163.43491089727436
-2220.93
0.0,10.0,10.0,0.0;10.0,0.0,10.0,10.0::-2347.075,306.98003497784674
-2347.075
10.0,0.0,10.0,10.0;0.0,10.0,10.0,0.0::-2254.725,164.9893083657241
-2254.725
0.0,10.0,10.0,0.0;10.0,10.0,0.0,0.0::-1315.375,271.7682411081177
-1315.375
10.0,10.0,0.0,0.0;0.0,10.0,10.0,0.0::-2297.675,289.04288068554814
-2297.675
0.0,10.0,10.0,0.0;10.0,10.0,0.0,10.0::-1143.545,505.3531987382685
-1143.545
10.0,10.0,0.0,10.0;0.0,10.0,10.0,0.0::-2064.955,449.225912515073
-2064.955
0.0,10.0,10.0,0.0;10.0,10.0,10.0,0.0::-2213.365,406.98295329780086
-2213.365
10.0,10.0,10.0,0.0;0.0,10.0,10.0,0.0::-2354.31,255.4894496843265
-2354.31
0.0,10.0,10.0,0.0;10.0,10.0,10.0,10.0::-2210.865,331.52983165169314
-2210.865
10.0,10.0,10.0,10.0;0.0,10.0,10.0,0.0::-2347.56,295.1921601262472
-2347.56
0.0,10.0,10.0,10.0;0.0,10.0,10.0,10.0::-2270.705,340.7728355884605
-2270.705
0.0,10.0,10.0,10.0;0.0,10.0,10.0,10.0::-2224.57,364.7539925758182
-2224.57
0.0,10.0,10.0,10.0;10.0,0.0,0.0,0.0::-1391.245,233.59324150111877
-1391.245
10.0,0.0,0.0,0.0;0.0,10.0,10.0,10.0::-1859.13,434.3794805236545
-1859.13
0.0,10.0,10.0,10.0;10.0,0.0,0.0,10.0::-1232.97,558.988724483777
-1232.97
10.0,0.0,0.0,10.0;0.0,10.0,10.0,10.0::-1619.705,553.3023951466323
-1619.705
0.0,10.0,10.0,10.0;10.0,0.0,10.0,0.0::-2372.0,391.9991836726194
-2372.0
10.0,0.0,10.0,0.0;0.0,10.0,10.0,10.0::-1958.125,398.65578118848345
-1958.125
0.0,10.0,10.0,10.0;10.0,0.0,10.0,10.0::-2381.4,291.8911612228092
-2381.4
10.0,0.0,10.0,10.0;0.0,10.0,10.0,10.0::-1965.975,414.7277382512532
-1965.975
0.0,10.0,10.0,10.0;10.0,10.0,0.0,0.0::-1262.78,242.87394178873947
-1262.78
10.0,10.0,0.0,0.0;0.0,10.0,10.0,10.0::-2026.02,561.4962062204874
-2026.02
0.0,10.0,10.0,10.0;10.0,10.0,0.0,10.0::-1154.545,555.3317031063507
-1154.545
10.0,10.0,0.0,10.0;0.0,10.0,10.0,10.0::-1847.855,619.235239206394
-1847.855
0.0,10.0,10.0,10.0;10.0,10.0,10.0,0.0::-2155.29,490.95426558896486
-2155.29
10.0,10.0,10.0,0.0;0.0,10.0,10.0,10.0::-2216.685,447.2601013672022
-2216.685
0.0,10.0,10.0,10.0;10.0,10.0,10.0,10.0::-2194.8,295.96382380284246
-2194.8
10.0,10.0,10.0,10.0;0.0,10.0,10.0,10.0::-2131.675,503.9941288100488
-2131.675
10.0,0.0,0.0,0.0;10.0,0.0,0.0,0.0::-1797.99,232.7252669995246
-1797.99
10.0,0.0,0.0,0.0;10.0,0.0,0.0,0.0::-1779.11,242.05980232165774
-1779.11
10.0,0.0,0.0,0.0;10.0,0.0,0.0,10.0::-1266.145,199.50707124059537
-1266.145
10.0,0.0,0.0,10.0;10.0,0.0,0.0,0.0::-1852.355,240.33505045040766
-1852.355
10.0,0.0,0.0,0.0;10.0,0.0,10.0,0.0::-2143.07,124.819209659411
-2143.07
10.0,0.0,10.0,0.0;10.0,0.0,0.0,0.0::-2002.105,249.0911308637865
-2002.105
10.0,0.0,0.0,0.0;10.0,0.0,10.0,10.0::-1878.855,413.1872898275067
-1878.855
10.0,0.0,10.0,10.0;10.0,0.0,0.0,0.0::-1980.37,221.22510730023384
-1980.37
10.0,0.0,0.0,0.0;10.0,10.0,0.0,0.0::-1875.63,231.95301916551983
-1875.63
10.0,10.0,0.0,0.0;10.0,0.0,0.0,0.0::-1556.17,218.9790654377719
-1556.17
10.0,0.0,0.0,0.0;10.0,10.0,0.0,10.0::-1361.285,253.38776859785483
-1361.285
10.0,10.0,0.0,10.0;10.0,0.0,0.0,0.0::-1618.29,205.35859100607408
-1618.29
10.0,0.0,0.0,0.0;10.0,10.0,10.0,0.0::-2218.69,128.73423748172047
-2218.69
10.0,10.0,10.0,0.0;10.0,0.0,0.0,0.0::-1777.01,254.93245164160646
-1777.01
10.0,0.0,0.0,0.0;10.0,10.0,10.0,10.0::-1940.34,415.89233510609455
-1940.34
10.0,10.0,10.0,10.0;10.0,0.0,0.0,0.0::-1767.86,230.61677172313378
-1767.86
10.0,0.0,0.0,10.0;10.0,0.0,0.0,10.0::-1277.1,133.0953793337695
-1277.1
10.0,0.0,0.0,10.0;10.0,0.0,0.0,10.0::-1281.3,125.81852009938758
-1281.3
10.0,0.0,0.0,10.0;10.0,0.0,10.0,0.0::-2150.61,85.23786071928365
-2150.61
10.0,0.0,10.0,0.0;10.0,0.0,0.0,10.0::-1495.99,186.52167407569553
-1495.99
10.0,0.0,0.0,10.0;10.0,0.0,10.0,10.0::-1917.58,387.88997615303236
-1917.58
10.0,0.0,10.0,10.0;10.0,0.0,0.0,10.0::-1438.245,167.41414956627773
-1438.245
10.0,0.0,0.0,10.0;10.0,10.0,0.0,0.0::-1882.29,212.0202841711142
-1882.29
10.0,10.0,0.0,0.0;10.0,0.0,0.0,10.0::-1240.76,183.21105970983305
-1240.76
10.0,0.0,0.0,10.0;10.0,10.0,0.0,10.0::-1297.94,178.77648447153223
-1297.94
10.0,10.0,0.0,10.0;10.0,0.0,0.0,10.0::-1313.385,231.7371447890907
-1313.385
10.0,0.0,0.0,10.0;10.0,10.0,10.0,0.0::-2144.335,67.08166869570256
-2144.335
10.0,10.0,10.0,0.0;10.0,0.0,0.0,10.0::-1472.265,145.65537159679351
-1472.265
10.0,0.0,0.0,10.0;10.0,10.0,10.0,10.0::-1872.555,401.6920331236356
-1872.555
10.0,10.0,10.0,10.0;10.0,0.0,0.0,10.0::-1446.745,228.48839680605226
-1446.745
10.0,0.0,10.0,0.0;10.0,0.0,10.0,0.0::-2367.04,102.05186622497403
-2367.04
10.0,0.0,10.0,0.0;10.0,0.0,10.0,0.0::-2328.41,113.53619202703602
-2328.41
10.0,0.0,10.0,0.0;10.0,0.0,10.0,10.0::-2057.405,400.34978890340386
-2057.405
10.0,0.0,10.0,10.0;10.0,0.0,10.0,0.0::-2313.595,136.17567137708556
-2313.595
10.0,0.0,10.0,0.0;10.0,10.0,0.0,0.0::-1859.325,235.41269480425225
-1859.325
10.0,10.0,0.0,0.0;10.0,0.0,10.0,0.0::-2269.1,196.45449854864617
-2269.1
10.0,0.0,10.0,0.0;10.0,10.0,0.0,10.0::-1334.415,201.36547686979515
-1334.415
10.0,10.0,0.0,10.0;10.0,0.0,10.0,0.0::-2288.085,214.29881071765192
-2288.085
10.0,0.0,10.0,0.0;10.0,10.0,10.0,0.0::-2221.625,170.99772476556524
-2221.625
10.0,10.0,10.0,0.0;10.0,0.0,10.0,0.0::-2425.075,292.55748473590626
-2425.075
10.0,0.0,10.0,0.0;10.0,10.0,10.0,10.0::-1805.85,438.765002592504
-1805.85
10.0,10.0,10.0,10.0;10.0,0.0,10.0,0.0::-2403.85,268.90974787091665
-2403.85
10.0,0.0,10.0,10.0;10.0,0.0,10.0,10.0::-2020.665,417.62219202887195
-2020.665
10.0,0.0,10.0,10.0;10.0,0.0,10.0,10.0::-2125.635,391.4678585465223
-2125.635
10.0,0.0,10.0,10.0;10.0,10.0,0.0,0.0::-1832.805,231.02908794132398
-1832.805
10.0,10.0,0.0,0.0;10.0,0.0,10.0,10.0::-1906.22,547.4498439126638
-1906.22
10.0,0.0,10.0,10.0;10.0,10.0,0.0,10.0::-1359.38,270.9744740745888
-1359.38
10.0,10.0,0.0,10.0;10.0,0.0,10.0,10.0::-1968.695,520.1094927753195
-1968.695
10.0,0.0,10.0,10.0;10.0,10.0,10.0,0.0::-2203.07,147.06146708094545
-2203.07
10.0,10.0,10.0,0.0;10.0,0.0,10.0,10.0::-2289.805,446.2302650818297
-2289.805
10.0,0.0,10.0,10.0;10.0,10.0,10.0,10.0::-1927.5,420.9326371285553
-1927.5
10.0,10.0,10.0,10.0;10.0,0.0,10.0,10.0::-2194.325,511.43104801625014
-2194.325
10.0,10.0,0.0,0.0;10.0,10.0,0.0,0.0::-1626.455,270.3182854987801
-1626.455
10.0,10.0,0.0,0.0;10.0,10.0,0.0,0.0::-1656.52,276.5105234887091
-1656.52
10.0,10.0,0.0,0.0;10.0,10.0,0.0,10.0::-1350.54,232.7193769328201
-1350.54
10.0,10.0,0.0,10.0;10.0,10.0,0.0,0.0::-1611.985,205.49184235633302
-1611.985
10.0,10.0,0.0,0.0;10.0,10.0,10.0,0.0::-2301.95,251.24722386525985
-2301.95
10.0,10.0,10.0,0.0;10.0,10.0,0.0,0.0::-1669.4,228.00336620322074
-1669.4
10.0,10.0,0.0,0.0;10.0,10.0,10.0,10.0::-2182.58,429.05276318886473
-2182.58
10.0,10.0,10.0,10.0;10.0,10.0,0.0,0.0::-1638.22,261.4963414658033
-1638.22
10.0,10.0,0.0,10.0;10.0,10.0,0.0,10.0::-1279.075,155.51433012748376
-1279.075
10.0,10.0,0.0,10.0;10.0,10.0,0.0,10.0::-1312.1,244.89853000783808
-1312.1
10.0,10.0,0.0,10.0;10.0,10.0,10.0,0.0::-2285.975,219.96353533029057
-2285.975
10.0,10.0,10.0,0.0;10.0,10.0,0.0,10.0::-1364.975,268.25842367948115
-1364.975
10.0,10.0,0.0,10.0;10.0,10.0,10.0,10.0::-2013.29,485.1871143177651
-2013.29
10.0,10.0,10.0,10.0;10.0,10.0,0.0,10.0::-1337.135,225.2576064753419
-1337.135
10.0,10.0,10.0,0.0;10.0,10.0,10.0,0.0::-2339.91,201.98032552701758
-2339.91
10.0,10.0,10.0,0.0;10.0,10.0,10.0,0.0::-2334.815,211.61867421142207
-2334.815
10.0,10.0,10.0,0.0;10.0,10.0,10.0,10.0::-2102.13,496.1587176499069
-2102.13
10.0,10.0,10.0,10.0;10.0,10.0,10.0,0.0::-2294.02,257.58508225438834
-2294.02
10.0,10.0,10.0,10.0;10.0,10.0,10.0,10.0::-2104.97,463.2746529867569
-2104.97
10.0,10.0,10.0,10.0;10.0,10.0,10.0,10.0::-2121.855,483.7366809277543
-2121.855
