3.0,1.0;3.0,1.0::0.0,0.0
0.0
3.0,1.0;3.0,1.0::0.0,0.0
0.0
3.0,1.0;3.0,2.0::-2500.0,0.0
-2500.0
3.0,2.0;3.0,1.0::-500.0,0.0
-500.0
3.0,1.0;3.0,3.0::0.0,0.0
0.0
3.0,3.0;3.0,1.0::0.0,0.0
0.0
3.0,1.0;3.0,4.0::-7.5,0.0
-7.5
3.0,4.0;3.0,1.0::-7.5,0.0
-7.5
3.0,1.0;4.0,0.0::-2537.5,0.0
-2537.5
4.0,0.0;3.0,1.0::-537.5,0.0
-537.5
3.0,1.0;4.0,1.0::-37.5,0.0
-37.5
4.0,1.0;3.0,1.0::-37.5,0.0
-37.5
3.0,1.0;4.0,2.0::-2537.5,0.0
-2537.5
4.0,2.0;3.0,1.0::-537.5,0.0
-537.5
3.0,1.0;4.0,3.0::-37.5,0.0
-37.5
4.0,3.0;3.0,1.0::-37.5,0.0
-37.5
3.0,1.0;4.0,4.0::-45.0,0.0
-45.0
4.0,4.0;3.0,1.0::-45.0,0.0
-45.0
