1.0,1.0;1.0,1.0::-1500.0,0.0
-1500.0
1.0,1.0;1.0,1.0::-1500.0,0.0
-1500.0
1.0,1.0;1.0,2.0::-1500.0,0.0
-1500.0
1.0,2.0;1.0,1.0::-1500.0,0.0
-1500.0
1.0,1.0;1.0,3.0::-750.0,0.0
-750.0
1.0,3.0;1.0,1.0::-750.0,0.0
-750.0
1.0,1.0;1.0,4.0::-757.5,0.0
-757.5
1.0,4.0;1.0,1.0::-757.5,0.0
-757.5
1.0,1.0;2.0,0.0::-2250.0,0.0
-2250.0
2.0,0.0;1.0,1.0::-2250.0,0.0
-2250.0
1.0,1.0;2.0,1.0::-1500.0,0.0
-1500.0
2.0,1.0;1.0,1.0::-1500.0,0.0
-1500.0
1.0,1.0;2.0,2.0::-1500.0,0.0
-1500.0
2.0,2.0;1.0,1.0::-1500.0,0.0
-1500.0
1.0,1.0;2.0,3.0::-750.0,0.0
-750.0
2.0,3.0;1.0,1.0::-750.0,0.0
-750.0
1.0,1.0;2.0,4.0::-757.5,0.0
-757.5
2.0,4.0;1.0,1.0::-757.5,0.0
-757.5
1.0,1.0;3.0,0.0::-1500.0,0.0
-1500.0
3.0,0.0;1.0,1.0::-1500.0,0.0
-1500.0
1.0,1.0;3.0,1.0::-750.0,0.0
-750.0
3.0,1.0;1.0,1.0::-750.0,0.0
-750.0
1.0,1.0;3.0,2.0::-750.0,0.0
-750.0
3.0,2.0;1.0,1.0::-750.0,0.0
-750.0
1.0,1.0;3.0,3.0::0.0,0.0
0.0
3.0,3.0;1.0,1.0::0.0,0.0
0.0
1.0,1.0;3.0,4.0::-7.5,0.0
-7.5
3.0,4.0;1.0,1.0::-7.5,0.0
-7.5
1.0,1.0;4.0,0.0::-1537.5,0.0
-1537.5
4.0,0.0;1.0,1.0::-1537.5,0.0
-1537.5
1.0,1.0;4.0,1.0::-787.5,0.0
-787.5
4.0,1.0;1.0,1.0::-787.5,0.0
-787.5
1.0,1.0;4.0,2.0::-787.5,0.0
-787.5
4.0,2.0;1.0,1.0::-787.5,0.0
-787.5
1.0,1.0;4.0,3.0::-37.5,0.0
-37.5
4.0,3.0;1.0,1.0::-37.5,0.0
-37.5
1.0,1.0;4.0,4.0::-45.0,0.0
-45.0
4.0,4.0;1.0,1.0::-45.0,0.0
-45.0
