0.0,0.0;0.0,0.0::-3000.0,0.0
-3000.0
0.0,0.0;0.0,0.0::-3000.0,0.0
-3000.0
0.0,0.0;0.0,1.0::-3000.0,0.0
-3000.0
0.0,1.0;0.0,0.0::-3000.0,0.0
-3000.0
0.0,0.0;0.0,2.0::-500.0,0.0
-500.0
0.0,2.0;0.0,0.0::-2500.0,0.0
-2500.0
0.0,0.0;0.0,3.0::-500.0,0.0
-500.0
0.0,3.0;0.0,0.0::-2500.0,0.0
-2500.0
0.0,0.0;0.0,4.0::-512.5,0.0
-512.5
0.0,4.0;0.0,0.0::-2502.5,0.0
-2502.5
0.0,0.0;1.0,0.0::-3000.0,0.0
-3000.0
1.0,0.0;0.0,0.0::-3000.0,0.0
-3000.0
0.0,0.0;1.0,1.0::-3000.0,0.0
-3000.0
1.0,1.0;0.0,0.0::-3000.0,0.0
-3000.0
0.0,0.0;1.0,2.0::-500.0,0.0
-500.0
1.0,2.0;0.0,0.0::-2500.0,0.0
-2500.0
0.0,0.0;1.0,3.0::-500.0,0.0
-500.0
1.0,3.0;0.0,0.0::-2500.0,0.0
-2500.0
0.0,0.0;1.0,4.0::-512.5,0.0
-512.5
1.0,4.0;0.0,0.0::-2502.5,0.0
-2502.5
0.0,0.0;2.0,0.0::-2000.0,0.0
-2000.0
2.0,0.0;0.0,0.0::-4000.0,0.0
-4000.0
0.0,0.0;2.0,1.0::-2000.0,0.0
-2000.0
2.0,1.0;0.0,0.0::-4000.0,0.0
-4000.0
0.0,0.0;2.0,2.0::500.0,0.0
500.0
2.0,2.0;0.0,0.0::-3500.0,0.0
-3500.0
0.0,0.0;2.0,3.0::500.0,0.0
500.0
2.0,3.0;0.0,0.0::-3500.0,0.0
-3500.0
0.0,0.0;2.0,4.0::487.5,0.0
487.5
2.0,4.0;0.0,0.0::-3502.5,0.0
-3502.5
0.0,0.0;3.0,0.0::-2000.0,0.0
-2000.0
3.0,0.0;0.0,0.0::-4000.0,0.0
-4000.0
0.0,0.0;3.0,1.0::-2000.0,0.0
-2000.0
3.0,1.0;0.0,0.0::-4000.0,0.0
-4000.0
0.0,0.0;3.0,2.0::500.0,0.0
500.0
3.0,2.0;0.0,0.0::-3500.0,0.0
-3500.0
0.0,0.0;3.0,3.0::500.0,0.0
500.0
3.0,3.0;0.0,0.0::-3500.0,0.0
-3500.0
0.0,0.0;3.0,4.0::487.5,0.0
487.5
3.0,4.0;0.0,0.0::-3502.5,0.0
-3502.5
0.0,0.0;4.0,0.0::-1537.5,0.0
-1537.5
4.0,0.0;0.0,0.0::-1537.5,0.0
-1537.5
0.0,0.0;4.0,1.0::-1537.5,0.0
-1537.5
4.0,1.0;0.0,0.0::-1537.5,0.0
-1537.5
0.0,0.0;4.0,2.0::962.5,0.0
962.5
4.0,2.0;0.0,0.0::-1037.5,0.0
-1037.5
0.0,0.0;4.0,3.0::962.5,0.0
962.5
4.0,3.0;0.0,0.0::-1037.5,0.0
-1037.5
0.0,0.0;4.0,4.0::950.0,0.0
950.0
4.0,4.0;0.0,0.0::-1040.0,0.0
-1040.0
0.0,1.0;0.0,1.0::-3000.0,0.0
-3000.0
0.0,1.0;0.0,1.0::-3000.0,0.0
-3000.0
0.0,1.0;0.0,2.0::-500.0,0.0
-500.0
0.0,2.0;0.0,1.0::-2500.0,0.0
-2500.0
0.0,1.0;0.0,3.0::-500.0,0.0
-500.0
0.0,3.0;0.0,1.0::-2500.0,0.0
-2500.0
0.0,1.0;0.0,4.0::-512.5,0.0
-512.5
0.0,4.0;0.0,1.0::-2502.5,0.0
-2502.5
0.0,1.0;1.0,0.0::-2250.0,0.0
-2250.0
1.0,0.0;0.0,1.0::-2250.0,0.0
-2250.0
0.0,1.0;1.0,1.0::-2250.0,0.0
-2250.0
1.0,1.0;0.0,1.0::-2250.0,0.0
-2250.0
0.0,1.0;1.0,2.0::250.0,0.0
250.0
1.0,2.0;0.0,1.0::-1750.0,0.0
-1750.0
0.0,1.0;1.0,3.0::250.0,0.0
250.0
1.0,3.0;0.0,1.0::-1750.0,0.0
-1750.0
0.0,1.0;1.0,4.0::237.5,0.0
237.5
1.0,4.0;0.0,1.0::-1752.5,0.0
-1752.5
0.0,1.0;2.0,0.0::-2250.0,0.0
-2250.0
2.0,0.0;0.0,1.0::-2250.0,0.0
-2250.0
0.0,1.0;2.0,1.0::-2250.0,0.0
-2250.0
2.0,1.0;0.0,1.0::-2250.0,0.0
-2250.0
0.0,1.0;2.0,2.0::250.0,0.0
250.0
2.0,2.0;0.0,1.0::-1750.0,0.0
-1750.0
0.0,1.0;2.0,3.0::250.0,0.0
250.0
2.0,3.0;0.0,1.0::-1750.0,0.0
-1750.0
0.0,1.0;2.0,4.0::237.5,0.0
237.5
2.0,4.0;0.0,1.0::-1752.5,0.0
-1752.5
0.0,1.0;3.0,0.0::-1500.0,0.0
-1500.0
3.0,0.0;0.0,1.0::-1500.0,0.0
-1500.0
0.0,1.0;3.0,1.0::-1500.0,0.0
-1500.0
3.0,1.0;0.0,1.0::-1500.0,0.0
-1500.0
0.0,1.0;3.0,2.0::1000.0,0.0
1000.0
3.0,2.0;0.0,1.0::-1000.0,0.0
-1000.0
0.0,1.0;3.0,3.0::1000.0,0.0
1000.0
3.0,3.0;0.0,1.0::-1000.0,0.0
-1000.0
0.0,1.0;3.0,4.0::987.5,0.0
987.5
3.0,4.0;0.0,1.0::-1002.5,0.0
-1002.5
0.0,1.0;4.0,0.0::-1537.5,0.0
-1537.5
4.0,0.0;0.0,1.0::-1537.5,0.0
-1537.5
0.0,1.0;4.0,1.0::-1537.5,0.0
-1537.5
4.0,1.0;0.0,1.0::-1537.5,0.0
-1537.5
0.0,1.0;4.0,2.0::962.5,0.0
962.5
4.0,2.0;0.0,1.0::-1037.5,0.0
-1037.5
0.0,1.0;4.0,3.0::962.5,0.0
962.5
4.0,3.0;0.0,1.0::-1037.5,0.0
-1037.5
0.0,1.0;4.0,4.0::950.0,0.0
950.0
4.0,4.0;0.0,1.0::-1040.0,0.0
-1040.0
0.0,2.0;0.0,2.0::0.0,0.0
0.0
0.0,2.0;0.0,2.0::0.0,0.0
0.0
0.0,2.0;0.0,3.0::0.0,0.0
0.0
0.0,3.0;0.0,2.0::0.0,0.0
0.0
0.0,2.0;0.0,4.0::-12.5,0.0
-12.5
0.0,4.0;0.0,2.0::-2.5,0.0
-2.5
0.0,2.0;1.0,0.0::-2250.0,0.0
-2250.0
1.0,0.0;0.0,2.0::-2250.0,0.0
-2250.0
0.0,2.0;1.0,1.0::-2250.0,0.0
-2250.0
1.0,1.0;0.0,2.0::-2250.0,0.0
-2250.0
0.0,2.0;1.0,2.0::250.0,0.0
250.0
1.0,2.0;0.0,2.0::-1750.0,0.0
-1750.0
0.0,2.0;1.0,3.0::250.0,0.0
250.0
1.0,3.0;0.0,2.0::-1750.0,0.0
-1750.0
0.0,2.0;1.0,4.0::237.5,0.0
237.5
1.0,4.0;0.0,2.0::-1752.5,0.0
-1752.5
0.0,2.0;2.0,0.0::-2250.0,0.0
-2250.0
2.0,0.0;0.0,2.0::-2250.0,0.0
-2250.0
0.0,2.0;2.0,1.0::-2250.0,0.0
-2250.0
2.0,1.0;0.0,2.0::-2250.0,0.0
-2250.0
0.0,2.0;2.0,2.0::250.0,0.0
250.0
2.0,2.0;0.0,2.0::-1750.0,0.0
-1750.0
0.0,2.0;2.0,3.0::250.0,0.0
250.0
2.0,3.0;0.0,2.0::-1750.0,0.0
-1750.0
0.0,2.0;2.0,4.0::237.5,0.0
237.5
2.0,4.0;0.0,2.0::-1752.5,0.0
-1752.5
0.0,2.0;3.0,0.0::-2000.0,0.0
-2000.0
3.0,0.0;0.0,2.0::-4000.0,0.0
-4000.0
0.0,2.0;3.0,1.0::-2000.0,0.0
-2000.0
3.0,1.0;0.0,2.0::-4000.0,0.0
-4000.0
0.0,2.0;3.0,2.0::500.0,0.0
500.0
3.0,2.0;0.0,2.0::-3500.0,0.0
-3500.0
0.0,2.0;3.0,3.0::500.0,0.0
500.0
3.0,3.0;0.0,2.0::-3500.0,0.0
-3500.0
0.0,2.0;3.0,4.0::487.5,0.0
487.5
3.0,4.0;0.0,2.0::-3502.5,0.0
-3502.5
0.0,2.0;4.0,0.0::-2500.0,0.0
-2500.0
4.0,0.0;0.0,2.0::-500.0,0.0
-500.0
0.0,2.0;4.0,1.0::-2500.0,0.0
-2500.0
4.0,1.0;0.0,2.0::-500.0,0.0
-500.0
0.0,2.0;4.0,2.0::0.0,0.0
0.0
4.0,2.0;0.0,2.0::0.0,0.0
0.0
0.0,2.0;4.0,3.0::0.0,0.0
0.0
4.0,3.0;0.0,2.0::0.0,0.0
0.0
0.0,2.0;4.0,4.0::-12.5,0.0
-12.5
4.0,4.0;0.0,2.0::-2.5,0.0
-2.5
0.0,3.0;0.0,3.0::0.0,0.0
0.0
0.0,3.0;0.0,3.0::0.0,0.0
0.0
0.0,3.0;0.0,4.0::-12.5,0.0
-12.5
0.0,4.0;0.0,3.0::-2.5,0.0
-2.5
0.0,3.0;1.0,0.0::-1500.0,0.0
-1500.0
1.0,0.0;0.0,3.0::-1500.0,0.0
-1500.0
0.0,3.0;1.0,1.0::-1500.0,0.0
-1500.0
1.0,1.0;0.0,3.0::-1500.0,0.0
-1500.0
0.0,3.0;1.0,2.0::1000.0,0.0
1000.0
1.0,2.0;0.0,3.0::-1000.0,0.0
-1000.0
0.0,3.0;1.0,3.0::1000.0,0.0
1000.0
1.0,3.0;0.0,3.0::-1000.0,0.0
-1000.0
0.0,3.0;1.0,4.0::987.5,0.0
987.5
1.0,4.0;0.0,3.0::-1002.5,0.0
-1002.5
0.0,3.0;2.0,0.0::-2500.0,0.0
-2500.0
2.0,0.0;0.0,3.0::-500.0,0.0
-500.0
0.0,3.0;2.0,1.0::-2500.0,0.0
-2500.0
2.0,1.0;0.0,3.0::-500.0,0.0
-500.0
0.0,3.0;2.0,2.0::0.0,0.0
0.0
2.0,2.0;0.0,3.0::0.0,0.0
0.0
0.0,3.0;2.0,3.0::0.0,0.0
0.0
2.0,3.0;0.0,3.0::0.0,0.0
0.0
0.0,3.0;2.0,4.0::-12.5,0.0
-12.5
2.0,4.0;0.0,3.0::-2.5,0.0
-2.5
0.0,3.0;3.0,0.0::-1500.0,0.0
-1500.0
3.0,0.0;0.0,3.0::-1500.0,0.0
-1500.0
0.0,3.0;3.0,1.0::-1500.0,0.0
-1500.0
3.0,1.0;0.0,3.0::-1500.0,0.0
-1500.0
0.0,3.0;3.0,2.0::1000.0,0.0
1000.0
3.0,2.0;0.0,3.0::-1000.0,0.0
-1000.0
0.0,3.0;3.0,3.0::1000.0,0.0
1000.0
3.0,3.0;0.0,3.0::-1000.0,0.0
-1000.0
0.0,3.0;3.0,4.0::987.5,0.0
987.5
3.0,4.0;0.0,3.0::-1002.5,0.0
-1002.5
0.0,3.0;4.0,0.0::-2500.0,0.0
-2500.0
4.0,0.0;0.0,3.0::-500.0,0.0
-500.0
0.0,3.0;4.0,1.0::-2500.0,0.0
-2500.0
4.0,1.0;0.0,3.0::-500.0,0.0
-500.0
0.0,3.0;4.0,2.0::0.0,0.0
0.0
4.0,2.0;0.0,3.0::0.0,0.0
0.0
0.0,3.0;4.0,3.0::0.0,0.0
0.0
4.0,3.0;0.0,3.0::0.0,0.0
0.0
0.0,3.0;4.0,4.0::-12.5,0.0
-12.5
4.0,4.0;0.0,3.0::-2.5,0.0
-2.5
0.0,4.0;0.0,4.0::-15.0,0.0
-15.0
0.0,4.0;0.0,4.0::-15.0,0.0
-15.0
0.0,4.0;1.0,0.0::-1507.5,0.0
-1507.5
1.0,0.0;0.0,4.0::-1507.5,0.0
-1507.5
0.0,4.0;1.0,1.0::-1507.5,0.0
-1507.5
1.0,1.0;0.0,4.0::-1507.5,0.0
-1507.5
0.0,4.0;1.0,2.0::992.5,0.0
992.5
1.0,2.0;0.0,4.0::-1007.5,0.0
-1007.5
0.0,4.0;1.0,3.0::992.5,0.0
992.5
1.0,3.0;0.0,4.0::-1007.5,0.0
-1007.5
0.0,4.0;1.0,4.0::980.0,0.0
980.0
1.0,4.0;0.0,4.0::-1010.0,0.0
-1010.0
0.0,4.0;2.0,0.0::-2000.0,0.0
-2000.0
2.0,0.0;0.0,4.0::-4000.0,0.0
-4000.0
0.0,4.0;2.0,1.0::-2000.0,0.0
-2000.0
2.0,1.0;0.0,4.0::-4000.0,0.0
-4000.0
0.0,4.0;2.0,2.0::500.0,0.0
500.0
2.0,2.0;0.0,4.0::-3500.0,0.0
-3500.0
0.0,4.0;2.0,3.0::500.0,0.0
500.0
2.0,3.0;0.0,4.0::-3500.0,0.0
-3500.0
0.0,4.0;2.0,4.0::487.5,0.0
487.5
2.0,4.0;0.0,4.0::-3502.5,0.0
-3502.5
0.0,4.0;3.0,0.0::-1507.5,0.0
-1507.5
3.0,0.0;0.0,4.0::-1507.5,0.0
-1507.5
0.0,4.0;3.0,1.0::-1507.5,0.0
-1507.5
3.0,1.0;0.0,4.0::-1507.5,0.0
-1507.5
0.0,4.0;3.0,2.0::992.5,0.0
992.5
3.0,2.0;0.0,4.0::-1007.5,0.0
-1007.5
0.0,4.0;3.0,3.0::992.5,0.0
992.5
3.0,3.0;0.0,4.0::-1007.5,0.0
-1007.5
0.0,4.0;3.0,4.0::980.0,0.0
980.0
3.0,4.0;0.0,4.0::-1010.0,0.0
-1010.0
0.0,4.0;4.0,0.0::-2502.5,0.0
-2502.5
4.0,0.0;0.0,4.0::-512.5,0.0
-512.5
0.0,4.0;4.0,1.0::-2502.5,0.0
-2502.5
4.0,1.0;0.0,4.0::-512.5,0.0
-512.5
0.0,4.0;4.0,2.0::-2.5,0.0
-2.5
4.0,2.0;0.0,4.0::-12.5,0.0
-12.5
0.0,4.0;4.0,3.0::-2.5,0.0
-2.5
4.0,3.0;0.0,4.0::-12.5,0.0
-12.5
0.0,4.0;4.0,4.0::-15.0,0.0
-15.0
4.0,4.0;0.0,4.0::-15.0,0.0
-15.0
1.0,0.0;1.0,0.0::-3000.0,0.0
-3000.0
1.0,0.0;1.0,0.0::-3000.0,0.0
-3000.0
1.0,0.0;1.0,1.0::-2250.0,0.0
-2250.0
1.0,1.0;1.0,0.0::-2250.0,0.0
-2250.0
1.0,0.0;1.0,2.0::-2250.0,0.0
-2250.0
1.0,2.0;1.0,0.0::-2250.0,0.0
-2250.0
1.0,0.0;1.0,3.0::-1500.0,0.0
-1500.0
1.0,3.0;1.0,0.0::-1500.0,0.0
-1500.0
1.0,0.0;1.0,4.0::-1507.5,0.0
-1507.5
1.0,4.0;1.0,0.0::-1507.5,0.0
-1507.5
1.0,0.0;2.0,0.0::-2000.0,0.0
-2000.0
2.0,0.0;1.0,0.0::-4000.0,0.0
-4000.0
1.0,0.0;2.0,1.0::-1250.0,0.0
-1250.0
2.0,1.0;1.0,0.0::-3250.0,0.0
-3250.0
1.0,0.0;2.0,2.0::-1250.0,0.0
-1250.0
2.0,2.0;1.0,0.0::-3250.0,0.0
-3250.0
1.0,0.0;2.0,3.0::-500.0,0.0
-500.0
2.0,3.0;1.0,0.0::-2500.0,0.0
-2500.0
1.0,0.0;2.0,4.0::-507.5,0.0
-507.5
2.0,4.0;1.0,0.0::-2507.5,0.0
-2507.5
1.0,0.0;3.0,0.0::-2000.0,0.0
-2000.0
3.0,0.0;1.0,0.0::-4000.0,0.0
-4000.0
1.0,0.0;3.0,1.0::-1250.0,0.0
-1250.0
3.0,1.0;1.0,0.0::-3250.0,0.0
-3250.0
1.0,0.0;3.0,2.0::-1250.0,0.0
-1250.0
3.0,2.0;1.0,0.0::-3250.0,0.0
-3250.0
1.0,0.0;3.0,3.0::-500.0,0.0
-500.0
3.0,3.0;1.0,0.0::-2500.0,0.0
-2500.0
1.0,0.0;3.0,4.0::-507.5,0.0
-507.5
3.0,4.0;1.0,0.0::-2507.5,0.0
-2507.5
1.0,0.0;4.0,0.0::-1537.5,0.0
-1537.5
4.0,0.0;1.0,0.0::-1537.5,0.0
-1537.5
1.0,0.0;4.0,1.0::-787.5,0.0
-787.5
4.0,1.0;1.0,0.0::-787.5,0.0
-787.5
1.0,0.0;4.0,2.0::-787.5,0.0
-787.5
4.0,2.0;1.0,0.0::-787.5,0.0
-787.5
1.0,0.0;4.0,3.0::-37.5,0.0
-37.5
4.0,3.0;1.0,0.0::-37.5,0.0
-37.5
1.0,0.0;4.0,4.0::-45.0,0.0
-45.0
4.0,4.0;1.0,0.0::-45.0,0.0
-45.0
1.0,1.0;1.0,1.0::-1500.0,0.0
-1500.0
1.0,1.0;1.0,1.0::-1500.0,0.0
-1500.0
1.0,1.0;1.0,2.0::-1500.0,0.0
-1500.0
1.0,2.0;1.0,1.0::-1500.0,0.0
-1500.0
1.0,1.0;1.0,3.0::-750.0,0.0
-750.0
1.0,3.0;1.0,1.0::-750.0,0.0
-750.0
1.0,1.0;1.0,4.0::-757.5,0.0
-757.5
1.0,4.0;1.0,1.0::-757.5,0.0
-757.5
1.0,1.0;2.0,0.0::-2250.0,0.0
-2250.0
2.0,0.0;1.0,1.0::-2250.0,0.0
-2250.0
1.0,1.0;2.0,1.0::-1500.0,0.0
-1500.0
2.0,1.0;1.0,1.0::-1500.0,0.0
-1500.0
1.0,1.0;2.0,2.0::-1500.0,0.0
-1500.0
2.0,2.0;1.0,1.0::-1500.0,0.0
-1500.0
1.0,1.0;2.0,3.0::-750.0,0.0
-750.0
2.0,3.0;1.0,1.0::-750.0,0.0
-750.0
1.0,1.0;2.0,4.0::-757.5,0.0
-757.5
2.0,4.0;1.0,1.0::-757.5,0.0
-757.5
1.0,1.0;3.0,0.0::-1500.0,0.0
-1500.0
3.0,0.0;1.0,1.0::-1500.0,0.0
-1500.0
1.0,1.0;3.0,1.0::-750.0,0.0
-750.0
3.0,1.0;1.0,1.0::-750.0,0.0
-750.0
1.0,1.0;3.0,2.0::-750.0,0.0
-750.0
3.0,2.0;1.0,1.0::-750.0,0.0
-750.0
1.0,1.0;3.0,3.0::0.0,0.0
0.0
3.0,3.0;1.0,1.0::0.0,0.0
0.0
1.0,1.0;3.0,4.0::-7.5,0.0
-7.5
3.0,4.0;1.0,1.0::-7.5,0.0
-7.5
1.0,1.0;4.0,0.0::-1537.5,0.0
-1537.5
4.0,0.0;1.0,1.0::-1537.5,0.0
-1537.5
1.0,1.0;4.0,1.0::-787.5,0.0
-787.5
4.0,1.0;1.0,1.0::-787.5,0.0
-787.5
1.0,1.0;4.0,2.0::-787.5,0.0
-787.5
4.0,2.0;1.0,1.0::-787.5,0.0
-787.5
1.0,1.0;4.0,3.0::-37.5,0.0
-37.5
4.0,3.0;1.0,1.0::-37.5,0.0
-37.5
1.0,1.0;4.0,4.0::-45.0,0.0
-45.0
4.0,4.0;1.0,1.0::-45.0,0.0
-45.0
1.0,2.0;1.0,2.0::-1500.0,0.0
-1500.0
1.0,2.0;1.0,2.0::-1500.0,0.0
-1500.0
1.0,2.0;1.0,3.0::-750.0,0.0
-750.0
1.0,3.0;1.0,2.0::-750.0,0.0
-750.0
1.0,2.0;1.0,4.0::-757.5,0.0
-757.5
1.0,4.0;1.0,2.0::-757.5,0.0
-757.5
1.0,2.0;2.0,0.0::-2250.0,0.0
-2250.0
2.0,0.0;1.0,2.0::-2250.0,0.0
-2250.0
1.0,2.0;2.0,1.0::-1500.0,0.0
-1500.0
2.0,1.0;1.0,2.0::-1500.0,0.0
-1500.0
1.0,2.0;2.0,2.0::-1500.0,0.0
-1500.0
2.0,2.0;1.0,2.0::-1500.0,0.0
-1500.0
1.0,2.0;2.0,3.0::-750.0,0.0
-750.0
2.0,3.0;1.0,2.0::-750.0,0.0
-750.0
1.0,2.0;2.0,4.0::-757.5,0.0
-757.5
2.0,4.0;1.0,2.0::-757.5,0.0
-757.5
1.0,2.0;3.0,0.0::-2000.0,0.0
-2000.0
3.0,0.0;1.0,2.0::-4000.0,0.0
-4000.0
1.0,2.0;3.0,1.0::-1250.0,0.0
-1250.0
3.0,1.0;1.0,2.0::-3250.0,0.0
-3250.0
1.0,2.0;3.0,2.0::-1250.0,0.0
-1250.0
3.0,2.0;1.0,2.0::-3250.0,0.0
-3250.0
1.0,2.0;3.0,3.0::-500.0,0.0
-500.0
3.0,3.0;1.0,2.0::-2500.0,0.0
-2500.0
1.0,2.0;3.0,4.0::-507.5,0.0
-507.5
3.0,4.0;1.0,2.0::-2507.5,0.0
-2507.5
1.0,2.0;4.0,0.0::-2500.0,0.0
-2500.0
4.0,0.0;1.0,2.0::-500.0,0.0
-500.0
1.0,2.0;4.0,1.0::-1750.0,0.0
-1750.0
4.0,1.0;1.0,2.0::250.0,0.0
250.0
1.0,2.0;4.0,2.0::-1750.0,0.0
-1750.0
4.0,2.0;1.0,2.0::250.0,0.0
250.0
1.0,2.0;4.0,3.0::-1000.0,0.0
-1000.0
4.0,3.0;1.0,2.0::1000.0,0.0
1000.0
1.0,2.0;4.0,4.0::-1007.5,0.0
-1007.5
4.0,4.0;1.0,2.0::992.5,0.0
992.5
1.0,3.0;1.0,3.0::0.0,0.0
0.0
1.0,3.0;1.0,3.0::0.0,0.0
0.0
1.0,3.0;1.0,4.0::-7.5,0.0
-7.5
1.0,4.0;1.0,3.0::-7.5,0.0
-7.5
1.0,3.0;2.0,0.0::-2500.0,0.0
-2500.0
2.0,0.0;1.0,3.0::-500.0,0.0
-500.0
1.0,3.0;2.0,1.0::-1750.0,0.0
-1750.0
2.0,1.0;1.0,3.0::250.0,0.0
250.0
1.0,3.0;2.0,2.0::-1750.0,0.0
-1750.0
2.0,2.0;1.0,3.0::250.0,0.0
250.0
1.0,3.0;2.0,3.0::-1000.0,0.0
-1000.0
2.0,3.0;1.0,3.0::1000.0,0.0
1000.0
1.0,3.0;2.0,4.0::-1007.5,0.0
-1007.5
2.0,4.0;1.0,3.0::992.5,0.0
992.5
1.0,3.0;3.0,0.0::-1500.0,0.0
-1500.0
3.0,0.0;1.0,3.0::-1500.0,0.0
-1500.0
1.0,3.0;3.0,1.0::-750.0,0.0
-750.0
3.0,1.0;1.0,3.0::-750.0,0.0
-750.0
1.0,3.0;3.0,2.0::-750.0,0.0
-750.0
3.0,2.0;1.0,3.0::-750.0,0.0
-750.0
1.0,3.0;3.0,3.0::0.0,0.0
0.0
3.0,3.0;1.0,3.0::0.0,0.0
0.0
1.0,3.0;3.0,4.0::-7.5,0.0
-7.5
3.0,4.0;1.0,3.0::-7.5,0.0
-7.5
1.0,3.0;4.0,0.0::-2500.0,0.0
-2500.0
4.0,0.0;1.0,3.0::-500.0,0.0
-500.0
1.0,3.0;4.0,1.0::-1750.0,0.0
-1750.0
4.0,1.0;1.0,3.0::250.0,0.0
250.0
1.0,3.0;4.0,2.0::-1750.0,0.0
-1750.0
4.0,2.0;1.0,3.0::250.0,0.0
250.0
1.0,3.0;4.0,3.0::-1000.0,0.0
-1000.0
4.0,3.0;1.0,3.0::1000.0,0.0
1000.0
1.0,3.0;4.0,4.0::-1007.5,0.0
-1007.5
4.0,4.0;1.0,3.0::992.5,0.0
992.5
1.0,4.0;1.0,4.0::-15.0,0.0
-15.0
1.0,4.0;1.0,4.0::-15.0,0.0
-15.0
1.0,4.0;2.0,0.0::-2000.0,0.0
-2000.0
2.0,0.0;1.0,4.0::-4000.0,0.0
-4000.0
1.0,4.0;2.0,1.0::-1250.0,0.0
-1250.0
2.0,1.0;1.0,4.0::-3250.0,0.0
-3250.0
1.0,4.0;2.0,2.0::-1250.0,0.0
-1250.0
2.0,2.0;1.0,4.0::-3250.0,0.0
-3250.0
1.0,4.0;2.0,3.0::-500.0,0.0
-500.0
2.0,3.0;1.0,4.0::-2500.0,0.0
-2500.0
1.0,4.0;2.0,4.0::-507.5,0.0
-507.5
2.0,4.0;1.0,4.0::-2507.5,0.0
-2507.5
1.0,4.0;3.0,0.0::-1507.5,0.0
-1507.5
3.0,0.0;1.0,4.0::-1507.5,0.0
-1507.5
1.0,4.0;3.0,1.0::-757.5,0.0
-757.5
3.0,1.0;1.0,4.0::-757.5,0.0
-757.5
1.0,4.0;3.0,2.0::-757.5,0.0
-757.5
3.0,2.0;1.0,4.0::-757.5,0.0
-757.5
1.0,4.0;3.0,3.0::-7.5,0.0
-7.5
3.0,3.0;1.0,4.0::-7.5,0.0
-7.5
1.0,4.0;3.0,4.0::-15.0,0.0
-15.0
3.0,4.0;1.0,4.0::-15.0,0.0
-15.0
1.0,4.0;4.0,0.0::-2502.5,0.0
-2502.5
4.0,0.0;1.0,4.0::-512.5,0.0
-512.5
1.0,4.0;4.0,1.0::-1752.5,0.0
-1752.5
4.0,1.0;1.0,4.0::237.5,0.0
237.5
1.0,4.0;4.0,2.0::-1752.5,0.0
-1752.5
4.0,2.0;1.0,4.0::237.5,0.0
237.5
1.0,4.0;4.0,3.0::-1002.5,0.0
-1002.5
4.0,3.0;1.0,4.0::987.5,0.0
987.5
1.0,4.0;4.0,4.0::-1010.0,0.0
-1010.0
4.0,4.0;1.0,4.0::980.0,0.0
980.0
2.0,0.0;2.0,0.0::-3000.0,0.0
-3000.0
2.0,0.0;2.0,0.0::-3000.0,0.0
-3000.0
2.0,0.0;2.0,1.0::-1250.0,0.0
-1250.0
2.0,1.0;2.0,0.0::-3250.0,0.0
-3250.0
2.0,0.0;2.0,2.0::-1250.0,0.0
-1250.0
2.0,2.0;2.0,0.0::-3250.0,0.0
-3250.0
2.0,0.0;2.0,3.0::500.0,0.0
500.0
2.0,3.0;2.0,0.0::-3500.0,0.0
-3500.0
2.0,0.0;2.0,4.0::-3000.0,0.0
-3000.0
2.0,4.0;2.0,0.0::-3000.0,0.0
-3000.0
2.0,0.0;3.0,0.0::-3000.0,0.0
-3000.0
3.0,0.0;2.0,0.0::-3000.0,0.0
-3000.0
2.0,0.0;3.0,1.0::-1250.0,0.0
-1250.0
3.0,1.0;2.0,0.0::-3250.0,0.0
-3250.0
2.0,0.0;3.0,2.0::-1250.0,0.0
-1250.0
3.0,2.0;2.0,0.0::-3250.0,0.0
-3250.0
2.0,0.0;3.0,3.0::500.0,0.0
500.0
3.0,3.0;2.0,0.0::-3500.0,0.0
-3500.0
2.0,0.0;3.0,4.0::-3000.0,0.0
-3000.0
3.0,4.0;2.0,0.0::-3000.0,0.0
-3000.0
2.0,0.0;4.0,0.0::-2537.5,0.0
-2537.5
4.0,0.0;2.0,0.0::-537.5,0.0
-537.5
2.0,0.0;4.0,1.0::-787.5,0.0
-787.5
4.0,1.0;2.0,0.0::-787.5,0.0
-787.5
2.0,0.0;4.0,2.0::-787.5,0.0
-787.5
4.0,2.0;2.0,0.0::-787.5,0.0
-787.5
2.0,0.0;4.0,3.0::962.5,0.0
962.5
4.0,3.0;2.0,0.0::-1037.5,0.0
-1037.5
2.0,0.0;4.0,4.0::-2537.5,0.0
-2537.5
4.0,4.0;2.0,0.0::-537.5,0.0
-537.5
2.0,1.0;2.0,1.0::-1500.0,0.0
-1500.0
2.0,1.0;2.0,1.0::-1500.0,0.0
-1500.0
2.0,1.0;2.0,2.0::-1500.0,0.0
-1500.0
2.0,2.0;2.0,1.0::-1500.0,0.0
-1500.0
2.0,1.0;2.0,3.0::250.0,0.0
250.0
2.0,3.0;2.0,1.0::-1750.0,0.0
-1750.0
2.0,1.0;2.0,4.0::-3250.0,0.0
-3250.0
2.0,4.0;2.0,1.0::-1250.0,0.0
-1250.0
2.0,1.0;3.0,0.0::-2500.0,0.0
-2500.0
3.0,0.0;2.0,1.0::-500.0,0.0
-500.0
2.0,1.0;3.0,1.0::-750.0,0.0
-750.0
3.0,1.0;2.0,1.0::-750.0,0.0
-750.0
2.0,1.0;3.0,2.0::-750.0,0.0
-750.0
3.0,2.0;2.0,1.0::-750.0,0.0
-750.0
2.0,1.0;3.0,3.0::1000.0,0.0
1000.0
3.0,3.0;2.0,1.0::-1000.0,0.0
-1000.0
2.0,1.0;3.0,4.0::-2500.0,0.0
-2500.0
3.0,4.0;2.0,1.0::-500.0,0.0
-500.0
2.0,1.0;4.0,0.0::-2537.5,0.0
-2537.5
4.0,0.0;2.0,1.0::-537.5,0.0
-537.5
2.0,1.0;4.0,1.0::-787.5,0.0
-787.5
4.0,1.0;2.0,1.0::-787.5,0.0
-787.5
2.0,1.0;4.0,2.0::-787.5,0.0
-787.5
4.0,2.0;2.0,1.0::-787.5,0.0
-787.5
2.0,1.0;4.0,3.0::962.5,0.0
962.5
4.0,3.0;2.0,1.0::-1037.5,0.0
-1037.5
2.0,1.0;4.0,4.0::-2537.5,0.0
-2537.5
4.0,4.0;2.0,1.0::-537.5,0.0
-537.5
2.0,2.0;2.0,2.0::-1500.0,0.0
-1500.0
2.0,2.0;2.0,2.0::-1500.0,0.0
-1500.0
2.0,2.0;2.0,3.0::250.0,0.0
250.0
2.0,3.0;2.0,2.0::-1750.0,0.0
-1750.0
2.0,2.0;2.0,4.0::-3250.0,0.0
-3250.0
2.0,4.0;2.0,2.0::-1250.0,0.0
-1250.0
2.0,2.0;3.0,0.0::-3000.0,0.0
-3000.0
3.0,0.0;2.0,2.0::-3000.0,0.0
-3000.0
2.0,2.0;3.0,1.0::-1250.0,0.0
-1250.0
3.0,1.0;2.0,2.0::-3250.0,0.0
-3250.0
2.0,2.0;3.0,2.0::-1250.0,0.0
-1250.0
3.0,2.0;2.0,2.0::-3250.0,0.0
-3250.0
2.0,2.0;3.0,3.0::500.0,0.0
500.0
3.0,3.0;2.0,2.0::-3500.0,0.0
-3500.0
2.0,2.0;3.0,4.0::-3000.0,0.0
-3000.0
3.0,4.0;2.0,2.0::-3000.0,0.0
-3000.0
2.0,2.0;4.0,0.0::-3500.0,0.0
-3500.0
4.0,0.0;2.0,2.0::500.0,0.0
500.0
2.0,2.0;4.0,1.0::-1750.0,0.0
-1750.0
4.0,1.0;2.0,2.0::250.0,0.0
250.0
2.0,2.0;4.0,2.0::-1750.0,0.0
-1750.0
4.0,2.0;2.0,2.0::250.0,0.0
250.0
2.0,2.0;4.0,3.0::0.0,0.0
0.0
4.0,3.0;2.0,2.0::0.0,0.0
0.0
2.0,2.0;4.0,4.0::-3500.0,0.0
-3500.0
4.0,4.0;2.0,2.0::500.0,0.0
500.0
2.0,3.0;2.0,3.0::0.0,0.0
0.0
2.0,3.0;2.0,3.0::0.0,0.0
0.0
2.0,3.0;2.0,4.0::-3500.0,0.0
-3500.0
2.0,4.0;2.0,3.0::500.0,0.0
500.0
2.0,3.0;3.0,0.0::-2500.0,0.0
-2500.0
3.0,0.0;2.0,3.0::-500.0,0.0
-500.0
2.0,3.0;3.0,1.0::-750.0,0.0
-750.0
3.0,1.0;2.0,3.0::-750.0,0.0
-750.0
2.0,3.0;3.0,2.0::-750.0,0.0
-750.0
3.0,2.0;2.0,3.0::-750.0,0.0
-750.0
2.0,3.0;3.0,3.0::1000.0,0.0
1000.0
3.0,3.0;2.0,3.0::-1000.0,0.0
-1000.0
2.0,3.0;3.0,4.0::-2500.0,0.0
-2500.0
3.0,4.0;2.0,3.0::-500.0,0.0
-500.0
2.0,3.0;4.0,0.0::-3500.0,0.0
-3500.0
4.0,0.0;2.0,3.0::500.0,0.0
500.0
2.0,3.0;4.0,1.0::-1750.0,0.0
-1750.0
4.0,1.0;2.0,3.0::250.0,0.0
250.0
2.0,3.0;4.0,2.0::-1750.0,0.0
-1750.0
4.0,2.0;2.0,3.0::250.0,0.0
250.0
2.0,3.0;4.0,3.0::0.0,0.0
0.0
4.0,3.0;2.0,3.0::0.0,0.0
0.0
2.0,3.0;4.0,4.0::-3500.0,0.0
-3500.0
4.0,4.0;2.0,3.0::500.0,0.0
500.0
2.0,4.0;2.0,4.0::-3000.0,0.0
-3000.0
2.0,4.0;2.0,4.0::-3000.0,0.0
-3000.0
2.0,4.0;3.0,0.0::-2507.5,0.0
-2507.5
3.0,0.0;2.0,4.0::-507.5,0.0
-507.5
2.0,4.0;3.0,1.0::-757.5,0.0
-757.5
3.0,1.0;2.0,4.0::-757.5,0.0
-757.5
2.0,4.0;3.0,2.0::-757.5,0.0
-757.5
3.0,2.0;2.0,4.0::-757.5,0.0
-757.5
2.0,4.0;3.0,3.0::992.5,0.0
992.5
3.0,3.0;2.0,4.0::-1007.5,0.0
-1007.5
2.0,4.0;3.0,4.0::-2507.5,0.0
-2507.5
3.0,4.0;2.0,4.0::-507.5,0.0
-507.5
2.0,4.0;4.0,0.0::-3502.5,0.0
-3502.5
4.0,0.0;2.0,4.0::487.5,0.0
487.5
2.0,4.0;4.0,1.0::-1752.5,0.0
-1752.5
4.0,1.0;2.0,4.0::237.5,0.0
237.5
2.0,4.0;4.0,2.0::-1752.5,0.0
-1752.5
4.0,2.0;2.0,4.0::237.5,0.0
237.5
2.0,4.0;4.0,3.0::-2.5,0.0
-2.5
4.0,3.0;2.0,4.0::-12.5,0.0
-12.5
2.0,4.0;4.0,4.0::-3502.5,0.0
-3502.5
4.0,4.0;2.0,4.0::487.5,0.0
487.5
3.0,0.0;3.0,0.0::-3000.0,0.0
-3000.0
3.0,0.0;3.0,0.0::-3000.0,0.0
-3000.0
3.0,0.0;3.0,1.0::-500.0,0.0
-500.0
3.0,1.0;3.0,0.0::-2500.0,0.0
-2500.0
3.0,0.0;3.0,2.0::-3000.0,0.0
-3000.0
3.0,2.0;3.0,0.0::-3000.0,0.0
-3000.0
3.0,0.0;3.0,3.0::-500.0,0.0
-500.0
3.0,3.0;3.0,0.0::-2500.0,0.0
-2500.0
3.0,0.0;3.0,4.0::-507.5,0.0
-507.5
3.0,4.0;3.0,0.0::-2507.5,0.0
-2507.5
3.0,0.0;4.0,0.0::-2537.5,0.0
-2537.5
4.0,0.0;3.0,0.0::-537.5,0.0
-537.5
3.0,0.0;4.0,1.0::-37.5,0.0
-37.5
4.0,1.0;3.0,0.0::-37.5,0.0
-37.5
3.0,0.0;4.0,2.0::-2537.5,0.0
-2537.5
4.0,2.0;3.0,0.0::-537.5,0.0
-537.5
3.0,0.0;4.0,3.0::-37.5,0.0
-37.5
4.0,3.0;3.0,0.0::-37.5,0.0
-37.5
3.0,0.0;4.0,4.0::-45.0,0.0
-45.0
4.0,4.0;3.0,0.0::-45.0,0.0
-45.0
3.0,1.0;3.0,1.0::0.0,0.0
0.0
3.0,1.0;3.0,1.0::0.0,0.0
0.0
3.0,1.0;3.0,2.0::-2500.0,0.0
-2500.0
3.0,2.0;3.0,1.0::-500.0,0.0
-500.0
3.0,1.0;3.0,3.0::0.0,0.0
0.0
3.0,3.0;3.0,1.0::0.0,0.0
0.0
3.0,1.0;3.0,4.0::-7.5,0.0
-7.5
3.0,4.0;3.0,1.0::-7.5,0.0
-7.5
3.0,1.0;4.0,0.0::-2537.5,0.0
-2537.5
4.0,0.0;3.0,1.0::-537.5,0.0
-537.5
3.0,1.0;4.0,1.0::-37.5,0.0
-37.5
4.0,1.0;3.0,1.0::-37.5,0.0
-37.5
3.0,1.0;4.0,2.0::-2537.5,0.0
-2537.5
4.0,2.0;3.0,1.0::-537.5,0.0
-537.5
3.0,1.0;4.0,3.0::-37.5,0.0
-37.5
4.0,3.0;3.0,1.0::-37.5,0.0
-37.5
3.0,1.0;4.0,4.0::-45.0,0.0
-45.0
4.0,4.0;3.0,1.0::-45.0,0.0
-45.0
3.0,2.0;3.0,2.0::-3000.0,0.0
-3000.0
3.0,2.0;3.0,2.0::-3000.0,0.0
-3000.0
3.0,2.0;3.0,3.0::-500.0,0.0
-500.0
3.0,3.0;3.0,2.0::-2500.0,0.0
-2500.0
3.0,2.0;3.0,4.0::-507.5,0.0
-507.5
3.0,4.0;3.0,2.0::-2507.5,0.0
-2507.5
3.0,2.0;4.0,0.0::-3500.0,0.0
-3500.0
4.0,0.0;3.0,2.0::500.0,0.0
500.0
3.0,2.0;4.0,1.0::-1000.0,0.0
-1000.0
4.0,1.0;3.0,2.0::1000.0,0.0
1000.0
3.0,2.0;4.0,2.0::-3500.0,0.0
-3500.0
4.0,2.0;3.0,2.0::500.0,0.0
500.0
3.0,2.0;4.0,3.0::-1000.0,0.0
-1000.0
4.0,3.0;3.0,2.0::1000.0,0.0
1000.0
3.0,2.0;4.0,4.0::-1007.5,0.0
-1007.5
4.0,4.0;3.0,2.0::992.5,0.0
992.5
3.0,3.0;3.0,3.0::0.0,0.0
0.0
3.0,3.0;3.0,3.0::0.0,0.0
0.0
3.0,3.0;3.0,4.0::-7.5,0.0
-7.5
3.0,4.0;3.0,3.0::-7.5,0.0
-7.5
3.0,3.0;4.0,0.0::-3500.0,0.0
-3500.0
4.0,0.0;3.0,3.0::500.0,0.0
500.0
3.0,3.0;4.0,1.0::-1000.0,0.0
-1000.0
4.0,1.0;3.0,3.0::1000.0,0.0
1000.0
3.0,3.0;4.0,2.0::-3500.0,0.0
-3500.0
4.0,2.0;3.0,3.0::500.0,0.0
500.0
3.0,3.0;4.0,3.0::-1000.0,0.0
-1000.0
4.0,3.0;3.0,3.0::1000.0,0.0
1000.0
3.0,3.0;4.0,4.0::-1007.5,0.0
-1007.5
4.0,4.0;3.0,3.0::992.5,0.0
992.5
3.0,4.0;3.0,4.0::-15.0,0.0
-15.0
3.0,4.0;3.0,4.0::-15.0,0.0
-15.0
3.0,4.0;4.0,0.0::-3502.5,0.0
-3502.5
4.0,0.0;3.0,4.0::487.5,0.0
487.5
3.0,4.0;4.0,1.0::-1002.5,0.0
-1002.5
4.0,1.0;3.0,4.0::987.5,0.0
987.5
3.0,4.0;4.0,2.0::-3502.5,0.0
-3502.5
4.0,2.0;3.0,4.0::487.5,0.0
487.5
3.0,4.0;4.0,3.0::-1002.5,0.0
-1002.5
4.0,3.0;3.0,4.0::987.5,0.0
987.5
3.0,4.0;4.0,4.0::-1010.0,0.0
-1010.0
4.0,4.0;3.0,4.0::980.0,0.0
980.0
4.0,0.0;4.0,0.0::-75.0,0.0
-75.0
4.0,0.0;4.0,0.0::-75.0,0.0
-75.0
4.0,0.0;4.0,1.0::-75.0,0.0
-75.0
4.0,1.0;4.0,0.0::-75.0,0.0
-75.0
4.0,0.0;4.0,2.0::962.5,0.0
962.5
4.0,2.0;4.0,0.0::-1037.5,0.0
-1037.5
4.0,0.0;4.0,3.0::962.5,0.0
962.5
4.0,3.0;4.0,0.0::-1037.5,0.0
-1037.5
4.0,0.0;4.0,4.0::950.0,0.0
950.0
4.0,4.0;4.0,0.0::-1040.0,0.0
-1040.0
4.0,1.0;4.0,1.0::-75.0,0.0
-75.0
4.0,1.0;4.0,1.0::-75.0,0.0
-75.0
4.0,1.0;4.0,2.0::962.5,0.0
962.5
4.0,2.0;4.0,1.0::-1037.5,0.0
-1037.5
4.0,1.0;4.0,3.0::962.5,0.0
962.5
4.0,3.0;4.0,1.0::-1037.5,0.0
-1037.5
4.0,1.0;4.0,4.0::950.0,0.0
950.0
4.0,4.0;4.0,1.0::-1040.0,0.0
-1040.0
4.0,2.0;4.0,2.0::0.0,0.0
0.0
4.0,2.0;4.0,2.0::0.0,0.0
0.0
4.0,2.0;4.0,3.0::0.0,0.0
0.0
4.0,3.0;4.0,2.0::0.0,0.0
0.0
4.0,2.0;4.0,4.0::-12.5,0.0
-12.5
4.0,4.0;4.0,2.0::-2.5,0.0
-2.5
4.0,3.0;4.0,3.0::0.0,0.0
0.0
4.0,3.0;4.0,3.0::0.0,0.0
0.0
4.0,3.0;4.0,4.0::-12.5,0.0
-12.5
4.0,4.0;4.0,3.0::-2.5,0.0
-2.5
4.0,4.0;4.0,4.0::-15.0,0.0
-15.0
4.0,4.0;4.0,4.0::-15.0,0.0
-15.0
