0.0,1.0;0.0,1.0::-1500.0,0.0
-1500.0
0.0,1.0;0.0,1.0::-1500.0,0.0
-1500.0
0.0,1.0;0.0,2.0::1000.0,0.0
1000.0
0.0,2.0;0.0,1.0::-1000.0,0.0
-1000.0
0.0,1.0;0.0,3.0::1000.0,0.0
1000.0
0.0,3.0;0.0,1.0::-1000.0,0.0
-1000.0
0.0,1.0;0.0,4.0::975.0,0.0
975.0
0.0,4.0;0.0,1.0::-1005.0,0.0
-1005.0
0.0,1.0;1.0,0.0::-750.0,0.0
-750.0
1.0,0.0;0.0,1.0::-1500.0,0.0
-1500.0
0.0,1.0;1.0,1.0::-750.0,0.0
-750.0
1.0,1.0;0.0,1.0::-1500.0,0.0
-1500.0
0.0,1.0;1.0,2.0::1750.0,0.0
1750.0
1.0,2.0;0.0,1.0::-1000.0,0.0
-1000.0
0.0,1.0;1.0,3.0::1750.0,0.0
1750.0
1.0,3.0;0.0,1.0::-1000.0,0.0
-1000.0
0.0,1.0;1.0,4.0::1725.0,0.0
1725.0
1.0,4.0;0.0,1.0::-1005.0,0.0
-1005.0
0.0,1.0;2.0,0.0::-750.0,0.0
-750.0
2.0,0.0;0.0,1.0::-1500.0,0.0
-1500.0
0.0,1.0;2.0,1.0::-750.0,0.0
-750.0
2.0,1.0;0.0,1.0::-1500.0,0.0
-1500.0
0.0,1.0;2.0,2.0::1750.0,0.0
1750.0
2.0,2.0;0.0,1.0::-1000.0,0.0
-1000.0
0.0,1.0;2.0,3.0::1750.0,0.0
1750.0
2.0,3.0;0.0,1.0::-1000.0,0.0
-1000.0
0.0,1.0;2.0,4.0::1725.0,0.0
1725.0
2.0,4.0;0.0,1.0::-1005.0,0.0
-1005.0
0.0,1.0;3.0,0.0::0.0,0.0
0.0
3.0,0.0;0.0,1.0::-1500.0,0.0
-1500.0
0.0,1.0;3.0,1.0::0.0,0.0
0.0
3.0,1.0;0.0,1.0::-1500.0,0.0
-1500.0
0.0,1.0;3.0,2.0::2500.0,0.0
2500.0
3.0,2.0;0.0,1.0::-1000.0,0.0
-1000.0
0.0,1.0;3.0,3.0::2500.0,0.0
2500.0
3.0,3.0;0.0,1.0::-1000.0,0.0
-1000.0
0.0,1.0;3.0,4.0::2475.0,0.0
2475.0
3.0,4.0;0.0,1.0::-1005.0,0.0
-1005.0
0.0,1.0;4.0,0.0::-7.5,0.0
-7.5
4.0,0.0;0.0,1.0::-1500.0,0.0
-1500.0
0.0,1.0;4.0,1.0::-7.5,0.0
-7.5
4.0,1.0;0.0,1.0::-1500.0,0.0
-1500.0
0.0,1.0;4.0,2.0::2492.5,0.0
2492.5
4.0,2.0;0.0,1.0::-1000.0,0.0
-1000.0
0.0,1.0;4.0,3.0::2492.5,0.0
2492.5
4.0,3.0;0.0,1.0::-1000.0,0.0
-1000.0
0.0,1.0;4.0,4.0::2467.5,0.0
2467.5
4.0,4.0;0.0,1.0::-1005.0,0.0
-1005.0
