2.0,4.0;2.0,4.0::-3000.0,0.0
-3000.0
2.0,4.0;2.0,4.0::-3000.0,0.0
-3000.0
2.0,4.0;3.0,0.0::-2515.0,0.0
-2515.0
3.0,0.0;2.0,4.0::-500.0,0.0
-500.0
2.0,4.0;3.0,1.0::-15.0,0.0
-15.0
3.0,1.0;2.0,4.0::-750.0,0.0
-750.0
2.0,4.0;3.0,2.0::-15.0,0.0
-15.0
3.0,2.0;2.0,4.0::-750.0,0.0
-750.0
2.0,4.0;3.0,3.0::2485.0,0.0
2485.0
3.0,3.0;2.0,4.0::-1000.0,0.0
-1000.0
2.0,4.0;3.0,4.0::-2515.0,0.0
-2515.0
3.0,4.0;2.0,4.0::-500.0,0.0
-500.0
2.0,4.0;4.0,0.0::-2507.5,0.0
-2507.5
4.0,0.0;2.0,4.0::-500.0,0.0
-500.0
2.0,4.0;4.0,1.0::-7.5,0.0
-7.5
4.0,1.0;2.0,4.0::-750.0,0.0
-750.0
2.0,4.0;4.0,2.0::-7.5,0.0
-7.5
4.0,2.0;2.0,4.0::-750.0,0.0
-750.0
2.0,4.0;4.0,3.0::2492.5,0.0
2492.5
4.0,3.0;2.0,4.0::-1000.0,0.0
-1000.0
2.0,4.0;4.0,4.0::-2507.5,0.0
-2507.5
4.0,4.0;2.0,4.0::-500.0,0.0
-500.0
