1.0,4.0;1.0,4.0::-15.0,0.0
-15.0
1.0,4.0;1.0,4.0::-15.0,0.0
-15.0
1.0,4.0;2.0,0.0::-500.0,0.0
-500.0
2.0,0.0;1.0,4.0::-4000.0,0.0
-4000.0
1.0,4.0;2.0,1.0::-500.0,0.0
-500.0
2.0,1.0;1.0,4.0::-3250.0,0.0
-3250.0
1.0,4.0;2.0,2.0::-500.0,0.0
-500.0
2.0,2.0;1.0,4.0::-3250.0,0.0
-3250.0
1.0,4.0;2.0,3.0::-500.0,0.0
-500.0
2.0,3.0;1.0,4.0::-2500.0,0.0
-2500.0
1.0,4.0;2.0,4.0::-500.0,0.0
-500.0
2.0,4.0;1.0,4.0::-2515.0,0.0
-2515.0
1.0,4.0;3.0,0.0::-15.0,0.0
-15.0
3.0,0.0;1.0,4.0::-1500.0,0.0
-1500.0
1.0,4.0;3.0,1.0::-15.0,0.0
-15.0
3.0,1.0;1.0,4.0::-750.0,0.0
-750.0
1.0,4.0;3.0,2.0::-15.0,0.0
-15.0
3.0,2.0;1.0,4.0::-750.0,0.0
-750.0
1.0,4.0;3.0,3.0::-15.0,0.0
-15.0
3.0,3.0;1.0,4.0::0.0,0.0
0.0
1.0,4.0;3.0,4.0::-15.0,0.0
-15.0
3.0,4.0;1.0,4.0::-15.0,0.0
-15.0
1.0,4.0;4.0,0.0::-7.5,0.0
-7.5
4.0,0.0;1.0,4.0::-1500.0,0.0
-1500.0
1.0,4.0;4.0,1.0::-7.5,0.0
-7.5
4.0,1.0;1.0,4.0::-750.0,0.0
-750.0
1.0,4.0;4.0,2.0::-7.5,0.0
-7.5
4.0,2.0;1.0,4.0::-750.0,0.0
-750.0
1.0,4.0;4.0,3.0::-7.5,0.0
-7.5
4.0,3.0;1.0,4.0::0.0,0.0
0.0
1.0,4.0;4.0,4.0::-7.5,0.0
-7.5
4.0,4.0;1.0,4.0::-15.0,0.0
-15.0
