0.0,0.0;0.0,0.0::-1500.0,0.0
-1500.0
0.0,0.0;0.0,0.0::-1500.0,0.0
-1500.0
0.0,0.0;0.0,1.0::-1500.0,0.0
-1500.0
0.0,1.0;0.0,0.0::-1500.0,0.0
-1500.0
0.0,0.0;0.0,2.0::1000.0,0.0
1000.0
0.0,2.0;0.0,0.0::-1000.0,0.0
-1000.0
0.0,0.0;0.0,3.0::1000.0,0.0
1000.0
0.0,3.0;0.0,0.0::-1000.0,0.0
-1000.0
0.0,0.0;0.0,4.0::975.0,0.0
975.0
0.0,4.0;0.0,0.0::-1005.0,0.0
-1005.0
0.0,0.0;1.0,0.0::-1500.0,0.0
-1500.0
1.0,0.0;0.0,0.0::-1500.0,0.0
-1500.0
0.0,0.0;1.0,1.0::-1500.0,0.0
-1500.0
1.0,1.0;0.0,0.0::-1500.0,0.0
-1500.0
0.0,0.0;1.0,2.0::1000.0,0.0
1000.0
1.0,2.0;0.0,0.0::-1000.0,0.0
-1000.0
0.0,0.0;1.0,3.0::1000.0,0.0
1000.0
1.0,3.0;0.0,0.0::-1000.0,0.0
-1000.0
0.0,0.0;1.0,4.0::975.0,0.0
975.0
1.0,4.0;0.0,0.0::-1005.0,0.0
-1005.0
0.0,0.0;2.0,0.0::-500.0,0.0
-500.0
2.0,0.0;0.0,0.0::-4000.0,0.0
-4000.0
0.0,0.0;2.0,1.0::-500.0,0.0
-500.0
2.0,1.0;0.0,0.0::-4000.0,0.0
-4000.0
0.0,0.0;2.0,2.0::2000.0,0.0
2000.0
2.0,2.0;0.0,0.0::-3500.0,0.0
-3500.0
0.0,0.0;2.0,3.0::2000.0,0.0
2000.0
2.0,3.0;0.0,0.0::-3500.0,0.0
-3500.0
0.0,0.0;2.0,4.0::1975.0,0.0
1975.0
2.0,4.0;0.0,0.0::-3505.0,0.0
-3505.0
0.0,0.0;3.0,0.0::-500.0,0.0
-500.0
3.0,0.0;0.0,0.0::-4000.0,0.0
-4000.0
0.0,0.0;3.0,1.0::-500.0,0.0
-500.0
3.0,1.0;0.0,0.0::-4000.0,0.0
-4000.0
0.0,0.0;3.0,2.0::2000.0,0.0
2000.0
3.0,2.0;0.0,0.0::-3500.0,0.0
-3500.0
0.0,0.0;3.0,3.0::2000.0,0.0
2000.0
3.0,3.0;0.0,0.0::-3500.0,0.0
-3500.0
0.0,0.0;3.0,4.0::1975.0,0.0
1975.0
3.0,4.0;0.0,0.0::-3505.0,0.0
-3505.0
0.0,0.0;4.0,0.0::-7.5,0.0
-7.5
4.0,0.0;0.0,0.0::-1500.0,0.0
-1500.0
0.0,0.0;4.0,1.0::-7.5,0.0
-7.5
4.0,1.0;0.0,0.0::-1500.0,0.0
-1500.0
0.0,0.0;4.0,2.0::2492.5,0.0
2492.5
4.0,2.0;0.0,0.0::-1000.0,0.0
-1000.0
0.0,0.0;4.0,3.0::2492.5,0.0
2492.5
4.0,3.0;0.0,0.0::-1000.0,0.0
-1000.0
0.0,0.0;4.0,4.0::2467.5,0.0
2467.5
4.0,4.0;0.0,0.0::-1005.0,0.0
-1005.0
0.0,1.0;0.0,1.0::-1500.0,0.0
-1500.0
0.0,1.0;0.0,1.0::-1500.0,0.0
-1500.0
0.0,1.0;0.0,2.0::1000.0,0.0
1000.0
0.0,2.0;0.0,1.0::-1000.0,0.0
-1000.0
0.0,1.0;0.0,3.0::1000.0,0.0
1000.0
0.0,3.0;0.0,1.0::-1000.0,0.0
-1000.0
0.0,1.0;0.0,4.0::975.0,0.0
975.0
0.0,4.0;0.0,1.0::-1005.0,0.0
-1005.0
0.0,1.0;1.0,0.0::-750.0,0.0
-750.0
1.0,0.0;0.0,1.0::-1500.0,0.0
-1500.0
0.0,1.0;1.0,1.0::-750.0,0.0
-750.0
1.0,1.0;0.0,1.0::-1500.0,0.0
-1500.0
0.0,1.0;1.0,2.0::1750.0,0.0
1750.0
1.0,2.0;0.0,1.0::-1000.0,0.0
-1000.0
0.0,1.0;1.0,3.0::1750.0,0.0
1750.0
1.0,3.0;0.0,1.0::-1000.0,0.0
-1000.0
0.0,1.0;1.0,4.0::1725.0,0.0
1725.0
1.0,4.0;0.0,1.0::-1005.0,0.0
-1005.0
0.0,1.0;2.0,0.0::-750.0,0.0
-750.0
2.0,0.0;0.0,1.0::-1500.0,0.0
-1500.0
0.0,1.0;2.0,1.0::-750.0,0.0
-750.0
2.0,1.0;0.0,1.0::-1500.0,0.0
-1500.0
0.0,1.0;2.0,2.0::1750.0,0.0
1750.0
2.0,2.0;0.0,1.0::-1000.0,0.0
-1000.0
0.0,1.0;2.0,3.0::1750.0,0.0
1750.0
2.0,3.0;0.0,1.0::-1000.0,0.0
-1000.0
0.0,1.0;2.0,4.0::1725.0,0.0
1725.0
2.0,4.0;0.0,1.0::-1005.0,0.0
-1005.0
0.0,1.0;3.0,0.0::0.0,0.0
0.0
3.0,0.0;0.0,1.0::-1500.0,0.0
-1500.0
0.0,1.0;3.0,1.0::0.0,0.0
0.0
3.0,1.0;0.0,1.0::-1500.0,0.0
-1500.0
0.0,1.0;3.0,2.0::2500.0,0.0
2500.0
3.0,2.0;0.0,1.0::-1000.0,0.0
-1000.0
0.0,1.0;3.0,3.0::2500.0,0.0
2500.0
3.0,3.0;0.0,1.0::-1000.0,0.0
-1000.0
0.0,1.0;3.0,4.0::2475.0,0.0
2475.0
3.0,4.0;0.0,1.0::-1005.0,0.0
-1005.0
0.0,1.0;4.0,0.0::-7.5,0.0
-7.5
4.0,0.0;0.0,1.0::-1500.0,0.0
-1500.0
0.0,1.0;4.0,1.0::-7.5,0.0
-7.5
4.0,1.0;0.0,1.0::-1500.0,0.0
-1500.0
0.0,1.0;4.0,2.0::2492.5,0.0
2492.5
4.0,2.0;0.0,1.0::-1000.0,0.0
-1000.0
0.0,1.0;4.0,3.0::2492.5,0.0
2492.5
4.0,3.0;0.0,1.0::-1000.0,0.0
-1000.0
0.0,1.0;4.0,4.0::2467.5,0.0
2467.5
4.0,4.0;0.0,1.0::-1005.0,0.0
-1005.0
0.0,2.0;0.0,2.0::1500.0,0.0
1500.0
0.0,2.0;0.0,2.0::1500.0,0.0
1500.0
0.0,2.0;0.0,3.0::1500.0,0.0
1500.0
0.0,3.0;0.0,2.0::1500.0,0.0
1500.0
0.0,2.0;0.0,4.0::1475.0,0.0
1475.0
0.0,4.0;0.0,2.0::1495.0,0.0
1495.0
0.0,2.0;1.0,0.0::-750.0,0.0
-750.0
1.0,0.0;0.0,2.0::-1500.0,0.0
-1500.0
0.0,2.0;1.0,1.0::-750.0,0.0
-750.0
1.0,1.0;0.0,2.0::-1500.0,0.0
-1500.0
0.0,2.0;1.0,2.0::1750.0,0.0
1750.0
1.0,2.0;0.0,2.0::-1000.0,0.0
-1000.0
0.0,2.0;1.0,3.0::1750.0,0.0
1750.0
1.0,3.0;0.0,2.0::-1000.0,0.0
-1000.0
0.0,2.0;1.0,4.0::1725.0,0.0
1725.0
1.0,4.0;0.0,2.0::-1005.0,0.0
-1005.0
0.0,2.0;2.0,0.0::-750.0,0.0
-750.0
2.0,0.0;0.0,2.0::-1500.0,0.0
-1500.0
0.0,2.0;2.0,1.0::-750.0,0.0
-750.0
2.0,1.0;0.0,2.0::-1500.0,0.0
-1500.0
0.0,2.0;2.0,2.0::1750.0,0.0
1750.0
2.0,2.0;0.0,2.0::-1000.0,0.0
-1000.0
0.0,2.0;2.0,3.0::1750.0,0.0
1750.0
2.0,3.0;0.0,2.0::-1000.0,0.0
-1000.0
0.0,2.0;2.0,4.0::1725.0,0.0
1725.0
2.0,4.0;0.0,2.0::-1005.0,0.0
-1005.0
0.0,2.0;3.0,0.0::-500.0,0.0
-500.0
3.0,0.0;0.0,2.0::-4000.0,0.0
-4000.0
0.0,2.0;3.0,1.0::-500.0,0.0
-500.0
3.0,1.0;0.0,2.0::-4000.0,0.0
-4000.0
0.0,2.0;3.0,2.0::2000.0,0.0
2000.0
3.0,2.0;0.0,2.0::-3500.0,0.0
-3500.0
0.0,2.0;3.0,3.0::2000.0,0.0
2000.0
3.0,3.0;0.0,2.0::-3500.0,0.0
-3500.0
0.0,2.0;3.0,4.0::1975.0,0.0
1975.0
3.0,4.0;0.0,2.0::-3505.0,0.0
-3505.0
0.0,2.0;4.0,0.0::-1000.0,0.0
-1000.0
4.0,0.0;0.0,2.0::1000.0,0.0
1000.0
0.0,2.0;4.0,1.0::-1000.0,0.0
-1000.0
4.0,1.0;0.0,2.0::1000.0,0.0
1000.0
0.0,2.0;4.0,2.0::1500.0,0.0
1500.0
4.0,2.0;0.0,2.0::1500.0,0.0
1500.0
0.0,2.0;4.0,3.0::1500.0,0.0
1500.0
4.0,3.0;0.0,2.0::1500.0,0.0
1500.0
0.0,2.0;4.0,4.0::1475.0,0.0
1475.0
4.0,4.0;0.0,2.0::1495.0,0.0
1495.0
0.0,3.0;0.0,3.0::1500.0,0.0
1500.0
0.0,3.0;0.0,3.0::1500.0,0.0
1500.0
0.0,3.0;0.0,4.0::1475.0,0.0
1475.0
0.0,4.0;0.0,3.0::1495.0,0.0
1495.0
0.0,3.0;1.0,0.0::0.0,0.0
0.0
1.0,0.0;0.0,3.0::-1500.0,0.0
-1500.0
0.0,3.0;1.0,1.0::0.0,0.0
0.0
1.0,1.0;0.0,3.0::-1500.0,0.0
-1500.0
0.0,3.0;1.0,2.0::2500.0,0.0
2500.0
1.0,2.0;0.0,3.0::-1000.0,0.0
-1000.0
0.0,3.0;1.0,3.0::2500.0,0.0
2500.0
1.0,3.0;0.0,3.0::-1000.0,0.0
-1000.0
0.0,3.0;1.0,4.0::2475.0,0.0
2475.0
1.0,4.0;0.0,3.0::-1005.0,0.0
-1005.0
0.0,3.0;2.0,0.0::-1000.0,0.0
-1000.0
2.0,0.0;0.0,3.0::1000.0,0.0
1000.0
0.0,3.0;2.0,1.0::-1000.0,0.0
-1000.0
2.0,1.0;0.0,3.0::1000.0,0.0
1000.0
0.0,3.0;2.0,2.0::1500.0,0.0
1500.0
2.0,2.0;0.0,3.0::1500.0,0.0
1500.0
0.0,3.0;2.0,3.0::1500.0,0.0
1500.0
2.0,3.0;0.0,3.0::1500.0,0.0
1500.0
0.0,3.0;2.0,4.0::1475.0,0.0
1475.0
2.0,4.0;0.0,3.0::1495.0,0.0
1495.0
0.0,3.0;3.0,0.0::0.0,0.0
0.0
3.0,0.0;0.0,3.0::-1500.0,0.0
-1500.0
0.0,3.0;3.0,1.0::0.0,0.0
0.0
3.0,1.0;0.0,3.0::-1500.0,0.0
-1500.0
0.0,3.0;3.0,2.0::2500.0,0.0
2500.0
3.0,2.0;0.0,3.0::-1000.0,0.0
-1000.0
0.0,3.0;3.0,3.0::2500.0,0.0
2500.0
3.0,3.0;0.0,3.0::-1000.0,0.0
-1000.0
0.0,3.0;3.0,4.0::2475.0,0.0
2475.0
3.0,4.0;0.0,3.0::-1005.0,0.0
-1005.0
0.0,3.0;4.0,0.0::-1000.0,0.0
-1000.0
4.0,0.0;0.0,3.0::1000.0,0.0
1000.0
0.0,3.0;4.0,1.0::-1000.0,0.0
-1000.0
4.0,1.0;0.0,3.0::1000.0,0.0
1000.0
0.0,3.0;4.0,2.0::1500.0,0.0
1500.0
4.0,2.0;0.0,3.0::1500.0,0.0
1500.0
0.0,3.0;4.0,3.0::1500.0,0.0
1500.0
4.0,3.0;0.0,3.0::1500.0,0.0
1500.0
0.0,3.0;4.0,4.0::1475.0,0.0
1475.0
4.0,4.0;0.0,3.0::1495.0,0.0
1495.0
0.0,4.0;0.0,4.0::1470.0,0.0
1470.0
0.0,4.0;0.0,4.0::1470.0,0.0
1470.0
0.0,4.0;1.0,0.0::-15.0,0.0
-15.0
1.0,0.0;0.0,4.0::-1500.0,0.0
-1500.0
0.0,4.0;1.0,1.0::-15.0,0.0
-15.0
1.0,1.0;0.0,4.0::-1500.0,0.0
-1500.0
0.0,4.0;1.0,2.0::2485.0,0.0
2485.0
1.0,2.0;0.0,4.0::-1000.0,0.0
-1000.0
0.0,4.0;1.0,3.0::2485.0,0.0
2485.0
1.0,3.0;0.0,4.0::-1000.0,0.0
-1000.0
0.0,4.0;1.0,4.0::2460.0,0.0
2460.0
1.0,4.0;0.0,4.0::-1005.0,0.0
-1005.0
0.0,4.0;2.0,0.0::-500.0,0.0
-500.0
2.0,0.0;0.0,4.0::-4000.0,0.0
-4000.0
0.0,4.0;2.0,1.0::-500.0,0.0
-500.0
2.0,1.0;0.0,4.0::-4000.0,0.0
-4000.0
0.0,4.0;2.0,2.0::2000.0,0.0
2000.0
2.0,2.0;0.0,4.0::-3500.0,0.0
-3500.0
0.0,4.0;2.0,3.0::2000.0,0.0
2000.0
2.0,3.0;0.0,4.0::-3500.0,0.0
-3500.0
0.0,4.0;2.0,4.0::1975.0,0.0
1975.0
2.0,4.0;0.0,4.0::-3505.0,0.0
-3505.0
0.0,4.0;3.0,0.0::-15.0,0.0
-15.0
3.0,0.0;0.0,4.0::-1500.0,0.0
-1500.0
0.0,4.0;3.0,1.0::-15.0,0.0
-15.0
3.0,1.0;0.0,4.0::-1500.0,0.0
-1500.0
0.0,4.0;3.0,2.0::2485.0,0.0
2485.0
3.0,2.0;0.0,4.0::-1000.0,0.0
-1000.0
0.0,4.0;3.0,3.0::2485.0,0.0
2485.0
3.0,3.0;0.0,4.0::-1000.0,0.0
-1000.0
0.0,4.0;3.0,4.0::2460.0,0.0
2460.0
3.0,4.0;0.0,4.0::-1005.0,0.0
-1005.0
0.0,4.0;4.0,0.0::-7.5,0.0
-7.5
4.0,0.0;0.0,4.0::-1500.0,0.0
-1500.0
0.0,4.0;4.0,1.0::-7.5,0.0
-7.5
4.0,1.0;0.0,4.0::-1500.0,0.0
-1500.0
0.0,4.0;4.0,2.0::2492.5,0.0
2492.5
4.0,2.0;0.0,4.0::-1000.0,0.0
-1000.0
0.0,4.0;4.0,3.0::2492.5,0.0
2492.5
4.0,3.0;0.0,4.0::-1000.0,0.0
-1000.0
0.0,4.0;4.0,4.0::2467.5,0.0
2467.5
4.0,4.0;0.0,4.0::-1005.0,0.0
-1005.0
1.0,0.0;1.0,0.0::-1500.0,0.0
-1500.0
1.0,0.0;1.0,0.0::-1500.0,0.0
-1500.0
1.0,0.0;1.0,1.0::-1500.0,0.0
-1500.0
1.0,1.0;1.0,0.0::-750.0,0.0
-750.0
1.0,0.0;1.0,2.0::-1500.0,0.0
-1500.0
1.0,2.0;1.0,0.0::-750.0,0.0
-750.0
1.0,0.0;1.0,3.0::-1500.0,0.0
-1500.0
1.0,3.0;1.0,0.0::0.0,0.0
0.0
1.0,0.0;1.0,4.0::-1500.0,0.0
-1500.0
1.0,4.0;1.0,0.0::-15.0,0.0
-15.0
1.0,0.0;2.0,0.0::-500.0,0.0
-500.0
2.0,0.0;1.0,0.0::-4000.0,0.0
-4000.0
1.0,0.0;2.0,1.0::-500.0,0.0
-500.0
2.0,1.0;1.0,0.0::-3250.0,0.0
-3250.0
1.0,0.0;2.0,2.0::-500.0,0.0
-500.0
2.0,2.0;1.0,0.0::-3250.0,0.0
-3250.0
1.0,0.0;2.0,3.0::-500.0,0.0
-500.0
2.0,3.0;1.0,0.0::-2500.0,0.0
-2500.0
1.0,0.0;2.0,4.0::-500.0,0.0
-500.0
2.0,4.0;1.0,0.0::-2515.0,0.0
-2515.0
1.0,0.0;3.0,0.0::-500.0,0.0
-500.0
3.0,0.0;1.0,0.0::-4000.0,0.0
-4000.0
1.0,0.0;3.0,1.0::-500.0,0.0
-500.0
3.0,1.0;1.0,0.0::-3250.0,0.0
-3250.0
1.0,0.0;3.0,2.0::-500.0,0.0
-500.0
3.0,2.0;1.0,0.0::-3250.0,0.0
-3250.0
1.0,0.0;3.0,3.0::-500.0,0.0
-500.0
3.0,3.0;1.0,0.0::-2500.0,0.0
-2500.0
1.0,0.0;3.0,4.0::-500.0,0.0
-500.0
3.0,4.0;1.0,0.0::-2515.0,0.0
-2515.0
1.0,0.0;4.0,0.0::-7.5,0.0
-7.5
4.0,0.0;1.0,0.0::-1500.0,0.0
-1500.0
1.0,0.0;4.0,1.0::-7.5,0.0
-7.5
4.0,1.0;1.0,0.0::-750.0,0.0
-750.0
1.0,0.0;4.0,2.0::-7.5,0.0
-7.5
4.0,2.0;1.0,0.0::-750.0,0.0
-750.0
1.0,0.0;4.0,3.0::-7.5,0.0
-7.5
4.0,3.0;1.0,0.0::0.0,0.0
0.0
1.0,0.0;4.0,4.0::-7.5,0.0
-7.5
4.0,4.0;1.0,0.0::-15.0,0.0
-15.0
1.0,1.0;1.0,1.0::-750.0,0.0
-750.0
1.0,1.0;1.0,1.0::-750.0,0.0
-750.0
1.0,1.0;1.0,2.0::-750.0,0.0
-750.0
1.0,2.0;1.0,1.0::-750.0,0.0
-750.0
1.0,1.0;1.0,3.0::-750.0,0.0
-750.0
1.0,3.0;1.0,1.0::0.0,0.0
0.0
1.0,1.0;1.0,4.0::-750.0,0.0
-750.0
1.0,4.0;1.0,1.0::-15.0,0.0
-15.0
1.0,1.0;2.0,0.0::-750.0,0.0
-750.0
2.0,0.0;1.0,1.0::-1500.0,0.0
-1500.0
1.0,1.0;2.0,1.0::-750.0,0.0
-750.0
2.0,1.0;1.0,1.0::-750.0,0.0
-750.0
1.0,1.0;2.0,2.0::-750.0,0.0
-750.0
2.0,2.0;1.0,1.0::-750.0,0.0
-750.0
1.0,1.0;2.0,3.0::-750.0,0.0
-750.0
2.0,3.0;1.0,1.0::0.0,0.0
0.0
1.0,1.0;2.0,4.0::-750.0,0.0
-750.0
2.0,4.0;1.0,1.0::-15.0,0.0
-15.0
1.0,1.0;3.0,0.0::0.0,0.0
0.0
3.0,0.0;1.0,1.0::-1500.0,0.0
-1500.0
1.0,1.0;3.0,1.0::0.0,0.0
0.0
3.0,1.0;1.0,1.0::-750.0,0.0
-750.0
1.0,1.0;3.0,2.0::0.0,0.0
0.0
3.0,2.0;1.0,1.0::-750.0,0.0
-750.0
1.0,1.0;3.0,3.0::0.0,0.0
0.0
3.0,3.0;1.0,1.0::0.0,0.0
0.0
1.0,1.0;3.0,4.0::0.0,0.0
0.0
3.0,4.0;1.0,1.0::-15.0,0.0
-15.0
1.0,1.0;4.0,0.0::-7.5,0.0
-7.5
4.0,0.0;1.0,1.0::-1500.0,0.0
-1500.0
1.0,1.0;4.0,1.0::-7.5,0.0
-7.5
4.0,1.0;1.0,1.0::-750.0,0.0
-750.0
1.0,1.0;4.0,2.0::-7.5,0.0
-7.5
4.0,2.0;1.0,1.0::-750.0,0.0
-750.0
1.0,1.0;4.0,3.0::-7.5,0.0
-7.5
4.0,3.0;1.0,1.0::0.0,0.0
0.0
1.0,1.0;4.0,4.0::-7.5,0.0
-7.5
4.0,4.0;1.0,1.0::-15.0,0.0
-15.0
1.0,2.0;1.0,2.0::-750.0,0.0
-750.0
1.0,2.0;1.0,2.0::-750.0,0.0
-750.0
1.0,2.0;1.0,3.0::-750.0,0.0
-750.0
1.0,3.0;1.0,2.0::0.0,0.0
0.0
1.0,2.0;1.0,4.0::-750.0,0.0
-750.0
1.0,4.0;1.0,2.0::-15.0,0.0
-15.0
1.0,2.0;2.0,0.0::-750.0,0.0
-750.0
2.0,0.0;1.0,2.0::-1500.0,0.0
-1500.0
1.0,2.0;2.0,1.0::-750.0,0.0
-750.0
2.0,1.0;1.0,2.0::-750.0,0.0
-750.0
1.0,2.0;2.0,2.0::-750.0,0.0
-750.0
2.0,2.0;1.0,2.0::-750.0,0.0
-750.0
1.0,2.0;2.0,3.0::-750.0,0.0
-750.0
2.0,3.0;1.0,2.0::0.0,0.0
0.0
1.0,2.0;2.0,4.0::-750.0,0.0
-750.0
2.0,4.0;1.0,2.0::-15.0,0.0
-15.0
1.0,2.0;3.0,0.0::-500.0,0.0
-500.0
3.0,0.0;1.0,2.0::-4000.0,0.0
-4000.0
1.0,2.0;3.0,1.0::-500.0,0.0
-500.0
3.0,1.0;1.0,2.0::-3250.0,0.0
-3250.0
1.0,2.0;3.0,2.0::-500.0,0.0
-500.0
3.0,2.0;1.0,2.0::-3250.0,0.0
-3250.0
1.0,2.0;3.0,3.0::-500.0,0.0
-500.0
3.0,3.0;1.0,2.0::-2500.0,0.0
-2500.0
1.0,2.0;3.0,4.0::-500.0,0.0
-500.0
3.0,4.0;1.0,2.0::-2515.0,0.0
-2515.0
1.0,2.0;4.0,0.0::-1000.0,0.0
-1000.0
4.0,0.0;1.0,2.0::1000.0,0.0
1000.0
1.0,2.0;4.0,1.0::-1000.0,0.0
-1000.0
4.0,1.0;1.0,2.0::1750.0,0.0
1750.0
1.0,2.0;4.0,2.0::-1000.0,0.0
-1000.0
4.0,2.0;1.0,2.0::1750.0,0.0
1750.0
1.0,2.0;4.0,3.0::-1000.0,0.0
-1000.0
4.0,3.0;1.0,2.0::2500.0,0.0
2500.0
1.0,2.0;4.0,4.0::-1000.0,0.0
-1000.0
4.0,4.0;1.0,2.0::2485.0,0.0
2485.0
1.0,3.0;1.0,3.0::0.0,0.0
0.0
1.0,3.0;1.0,3.0::0.0,0.0
0.0
1.0,3.0;1.0,4.0::0.0,0.0
0.0
1.0,4.0;1.0,3.0::-15.0,0.0
-15.0
1.0,3.0;2.0,0.0::-1000.0,0.0
-1000.0
2.0,0.0;1.0,3.0::1000.0,0.0
1000.0
1.0,3.0;2.0,1.0::-1000.0,0.0
-1000.0
2.0,1.0;1.0,3.0::1750.0,0.0
1750.0
1.0,3.0;2.0,2.0::-1000.0,0.0
-1000.0
2.0,2.0;1.0,3.0::1750.0,0.0
1750.0
1.0,3.0;2.0,3.0::-1000.0,0.0
-1000.0
2.0,3.0;1.0,3.0::2500.0,0.0
2500.0
1.0,3.0;2.0,4.0::-1000.0,0.0
-1000.0
2.0,4.0;1.0,3.0::2485.0,0.0
2485.0
1.0,3.0;3.0,0.0::0.0,0.0
0.0
3.0,0.0;1.0,3.0::-1500.0,0.0
-1500.0
1.0,3.0;3.0,1.0::0.0,0.0
0.0
3.0,1.0;1.0,3.0::-750.0,0.0
-750.0
1.0,3.0;3.0,2.0::0.0,0.0
0.0
3.0,2.0;1.0,3.0::-750.0,0.0
-750.0
1.0,3.0;3.0,3.0::0.0,0.0
0.0
3.0,3.0;1.0,3.0::0.0,0.0
0.0
1.0,3.0;3.0,4.0::0.0,0.0
0.0
3.0,4.0;1.0,3.0::-15.0,0.0
-15.0
1.0,3.0;4.0,0.0::-1000.0,0.0
-1000.0
4.0,0.0;1.0,3.0::1000.0,0.0
1000.0
1.0,3.0;4.0,1.0::-1000.0,0.0
-1000.0
4.0,1.0;1.0,3.0::1750.0,0.0
1750.0
1.0,3.0;4.0,2.0::-1000.0,0.0
-1000.0
4.0,2.0;1.0,3.0::1750.0,0.0
1750.0
1.0,3.0;4.0,3.0::-1000.0,0.0
-1000.0
4.0,3.0;1.0,3.0::2500.0,0.0
2500.0
1.0,3.0;4.0,4.0::-1000.0,0.0
-1000.0
4.0,4.0;1.0,3.0::2485.0,0.0
2485.0
1.0,4.0;1.0,4.0::-15.0,0.0
-15.0
1.0,4.0;1.0,4.0::-15.0,0.0
-15.0
1.0,4.0;2.0,0.0::-500.0,0.0
-500.0
2.0,0.0;1.0,4.0::-4000.0,0.0
-4000.0
1.0,4.0;2.0,1.0::-500.0,0.0
-500.0
2.0,1.0;1.0,4.0::-3250.0,0.0
-3250.0
1.0,4.0;2.0,2.0::-500.0,0.0
-500.0
2.0,2.0;1.0,4.0::-3250.0,0.0
-3250.0
1.0,4.0;2.0,3.0::-500.0,0.0
-500.0
2.0,3.0;1.0,4.0::-2500.0,0.0
-2500.0
1.0,4.0;2.0,4.0::-500.0,0.0
-500.0
2.0,4.0;1.0,4.0::-2515.0,0.0
-2515.0
1.0,4.0;3.0,0.0::-15.0,0.0
-15.0
3.0,0.0;1.0,4.0::-1500.0,0.0
-1500.0
1.0,4.0;3.0,1.0::-15.0,0.0
-15.0
3.0,1.0;1.0,4.0::-750.0,0.0
-750.0
1.0,4.0;3.0,2.0::-15.0,0.0
-15.0
3.0,2.0;1.0,4.0::-750.0,0.0
-750.0
1.0,4.0;3.0,3.0::-15.0,0.0
-15.0
3.0,3.0;1.0,4.0::0.0,0.0
0.0
1.0,4.0;3.0,4.0::-15.0,0.0
-15.0
3.0,4.0;1.0,4.0::-15.0,0.0
-15.0
1.0,4.0;4.0,0.0::-7.5,0.0
-7.5
4.0,0.0;1.0,4.0::-1500.0,0.0
-1500.0
1.0,4.0;4.0,1.0::-7.5,0.0
-7.5
4.0,1.0;1.0,4.0::-750.0,0.0
-750.0
1.0,4.0;4.0,2.0::-7.5,0.0
-7.5
4.0,2.0;1.0,4.0::-750.0,0.0
-750.0
1.0,4.0;4.0,3.0::-7.5,0.0
-7.5
4.0,3.0;1.0,4.0::0.0,0.0
0.0
1.0,4.0;4.0,4.0::-7.5,0.0
-7.5
4.0,4.0;1.0,4.0::-15.0,0.0
-15.0
2.0,0.0;2.0,0.0::-3000.0,0.0
-3000.0
2.0,0.0;2.0,0.0::-3000.0,0.0
-3000.0
2.0,0.0;2.0,1.0::-500.0,0.0
-500.0
2.0,1.0;2.0,0.0::-3250.0,0.0
-3250.0
2.0,0.0;2.0,2.0::-500.0,0.0
-500.0
2.0,2.0;2.0,0.0::-3250.0,0.0
-3250.0
2.0,0.0;2.0,3.0::2000.0,0.0
2000.0
2.0,3.0;2.0,0.0::-3500.0,0.0
-3500.0
2.0,0.0;2.0,4.0::-3000.0,0.0
-3000.0
2.0,4.0;2.0,0.0::-3000.0,0.0
-3000.0
2.0,0.0;3.0,0.0::-3000.0,0.0
-3000.0
3.0,0.0;2.0,0.0::-3000.0,0.0
-3000.0
2.0,0.0;3.0,1.0::-500.0,0.0
-500.0
3.0,1.0;2.0,0.0::-3250.0,0.0
-3250.0
2.0,0.0;3.0,2.0::-500.0,0.0
-500.0
3.0,2.0;2.0,0.0::-3250.0,0.0
-3250.0
2.0,0.0;3.0,3.0::2000.0,0.0
2000.0
3.0,3.0;2.0,0.0::-3500.0,0.0
-3500.0
2.0,0.0;3.0,4.0::-3000.0,0.0
-3000.0
3.0,4.0;2.0,0.0::-3000.0,0.0
-3000.0
2.0,0.0;4.0,0.0::-2507.5,0.0
-2507.5
4.0,0.0;2.0,0.0::-500.0,0.0
-500.0
2.0,0.0;4.0,1.0::-7.5,0.0
-7.5
4.0,1.0;2.0,0.0::-750.0,0.0
-750.0
2.0,0.0;4.0,2.0::-7.5,0.0
-7.5
4.0,2.0;2.0,0.0::-750.0,0.0
-750.0
2.0,0.0;4.0,3.0::2492.5,0.0
2492.5
4.0,3.0;2.0,0.0::-1000.0,0.0
-1000.0
2.0,0.0;4.0,4.0::-2507.5,0.0
-2507.5
4.0,4.0;2.0,0.0::-500.0,0.0
-500.0
2.0,1.0;2.0,1.0::-750.0,0.0
-750.0
2.0,1.0;2.0,1.0::-750.0,0.0
-750.0
2.0,1.0;2.0,2.0::-750.0,0.0
-750.0
2.0,2.0;2.0,1.0::-750.0,0.0
-750.0
2.0,1.0;2.0,3.0::1750.0,0.0
1750.0
2.0,3.0;2.0,1.0::-1000.0,0.0
-1000.0
2.0,1.0;2.0,4.0::-3250.0,0.0
-3250.0
2.0,4.0;2.0,1.0::-500.0,0.0
-500.0
2.0,1.0;3.0,0.0::-2500.0,0.0
-2500.0
3.0,0.0;2.0,1.0::-500.0,0.0
-500.0
2.0,1.0;3.0,1.0::0.0,0.0
0.0
3.0,1.0;2.0,1.0::-750.0,0.0
-750.0
2.0,1.0;3.0,2.0::0.0,0.0
0.0
3.0,2.0;2.0,1.0::-750.0,0.0
-750.0
2.0,1.0;3.0,3.0::2500.0,0.0
2500.0
3.0,3.0;2.0,1.0::-1000.0,0.0
-1000.0
2.0,1.0;3.0,4.0::-2500.0,0.0
-2500.0
3.0,4.0;2.0,1.0::-500.0,0.0
-500.0
2.0,1.0;4.0,0.0::-2507.5,0.0
-2507.5
4.0,0.0;2.0,1.0::-500.0,0.0
-500.0
2.0,1.0;4.0,1.0::-7.5,0.0
-7.5
4.0,1.0;2.0,1.0::-750.0,0.0
-750.0
2.0,1.0;4.0,2.0::-7.5,0.0
-7.5
4.0,2.0;2.0,1.0::-750.0,0.0
-750.0
2.0,1.0;4.0,3.0::2492.5,0.0
2492.5
4.0,3.0;2.0,1.0::-1000.0,0.0
-1000.0
2.0,1.0;4.0,4.0::-2507.5,0.0
-2507.5
4.0,4.0;2.0,1.0::-500.0,0.0
-500.0
2.0,2.0;2.0,2.0::-750.0,0.0
-750.0
2.0,2.0;2.0,2.0::-750.0,0.0
-750.0
2.0,2.0;2.0,3.0::1750.0,0.0
1750.0
2.0,3.0;2.0,2.0::-1000.0,0.0
-1000.0
2.0,2.0;2.0,4.0::-3250.0,0.0
-3250.0
2.0,4.0;2.0,2.0::-500.0,0.0
-500.0
2.0,2.0;3.0,0.0::-3000.0,0.0
-3000.0
3.0,0.0;2.0,2.0::-3000.0,0.0
-3000.0
2.0,2.0;3.0,1.0::-500.0,0.0
-500.0
3.0,1.0;2.0,2.0::-3250.0,0.0
-3250.0
2.0,2.0;3.0,2.0::-500.0,0.0
-500.0
3.0,2.0;2.0,2.0::-3250.0,0.0
-3250.0
2.0,2.0;3.0,3.0::2000.0,0.0
2000.0
3.0,3.0;2.0,2.0::-3500.0,0.0
-3500.0
2.0,2.0;3.0,4.0::-3000.0,0.0
-3000.0
3.0,4.0;2.0,2.0::-3000.0,0.0
-3000.0
2.0,2.0;4.0,0.0::-3500.0,0.0
-3500.0
4.0,0.0;2.0,2.0::2000.0,0.0
2000.0
2.0,2.0;4.0,1.0::-1000.0,0.0
-1000.0
4.0,1.0;2.0,2.0::1750.0,0.0
1750.0
2.0,2.0;4.0,2.0::-1000.0,0.0
-1000.0
4.0,2.0;2.0,2.0::1750.0,0.0
1750.0
2.0,2.0;4.0,3.0::1500.0,0.0
1500.0
4.0,3.0;2.0,2.0::1500.0,0.0
1500.0
2.0,2.0;4.0,4.0::-3500.0,0.0
-3500.0
4.0,4.0;2.0,2.0::2000.0,0.0
2000.0
2.0,3.0;2.0,3.0::1500.0,0.0
1500.0
2.0,3.0;2.0,3.0::1500.0,0.0
1500.0
2.0,3.0;2.0,4.0::-3500.0,0.0
-3500.0
2.0,4.0;2.0,3.0::2000.0,0.0
2000.0
2.0,3.0;3.0,0.0::-2500.0,0.0
-2500.0
3.0,0.0;2.0,3.0::-500.0,0.0
-500.0
2.0,3.0;3.0,1.0::0.0,0.0
0.0
3.0,1.0;2.0,3.0::-750.0,0.0
-750.0
2.0,3.0;3.0,2.0::0.0,0.0
0.0
3.0,2.0;2.0,3.0::-750.0,0.0
-750.0
2.0,3.0;3.0,3.0::2500.0,0.0
2500.0
3.0,3.0;2.0,3.0::-1000.0,0.0
-1000.0
2.0,3.0;3.0,4.0::-2500.0,0.0
-2500.0
3.0,4.0;2.0,3.0::-500.0,0.0
-500.0
2.0,3.0;4.0,0.0::-3500.0,0.0
-3500.0
4.0,0.0;2.0,3.0::2000.0,0.0
2000.0
2.0,3.0;4.0,1.0::-1000.0,0.0
-1000.0
4.0,1.0;2.0,3.0::1750.0,0.0
1750.0
2.0,3.0;4.0,2.0::-1000.0,0.0
-1000.0
4.0,2.0;2.0,3.0::1750.0,0.0
1750.0
2.0,3.0;4.0,3.0::1500.0,0.0
1500.0
4.0,3.0;2.0,3.0::1500.0,0.0
1500.0
2.0,3.0;4.0,4.0::-3500.0,0.0
-3500.0
4.0,4.0;2.0,3.0::2000.0,0.0
2000.0
2.0,4.0;2.0,4.0::-3000.0,0.0
-3000.0
2.0,4.0;2.0,4.0::-3000.0,0.0
-3000.0
2.0,4.0;3.0,0.0::-2515.0,0.0
-2515.0
3.0,0.0;2.0,4.0::-500.0,0.0
-500.0
2.0,4.0;3.0,1.0::-15.0,0.0
-15.0
3.0,1.0;2.0,4.0::-750.0,0.0
-750.0
2.0,4.0;3.0,2.0::-15.0,0.0
-15.0
3.0,2.0;2.0,4.0::-750.0,0.0
-750.0
2.0,4.0;3.0,3.0::2485.0,0.0
2485.0
3.0,3.0;2.0,4.0::-1000.0,0.0
-1000.0
2.0,4.0;3.0,4.0::-2515.0,0.0
-2515.0
3.0,4.0;2.0,4.0::-500.0,0.0
-500.0
2.0,4.0;4.0,0.0::-2507.5,0.0
-2507.5
4.0,0.0;2.0,4.0::-500.0,0.0
-500.0
2.0,4.0;4.0,1.0::-7.5,0.0
-7.5
4.0,1.0;2.0,4.0::-750.0,0.0
-750.0
2.0,4.0;4.0,2.0::-7.5,0.0
-7.5
4.0,2.0;2.0,4.0::-750.0,0.0
-750.0
2.0,4.0;4.0,3.0::2492.5,0.0
2492.5
4.0,3.0;2.0,4.0::-1000.0,0.0
-1000.0
2.0,4.0;4.0,4.0::-2507.5,0.0
-2507.5
4.0,4.0;2.0,4.0::-500.0,0.0
-500.0
3.0,0.0;3.0,0.0::-3000.0,0.0
-3000.0
3.0,0.0;3.0,0.0::-3000.0,0.0
-3000.0
3.0,0.0;3.0,1.0::-500.0,0.0
-500.0
3.0,1.0;3.0,0.0::-2500.0,0.0
-2500.0
3.0,0.0;3.0,2.0::-3000.0,0.0
-3000.0
3.0,2.0;3.0,0.0::-3000.0,0.0
-3000.0
3.0,0.0;3.0,3.0::-500.0,0.0
-500.0
3.0,3.0;3.0,0.0::-2500.0,0.0
-2500.0
3.0,0.0;3.0,4.0::-500.0,0.0
-500.0
3.0,4.0;3.0,0.0::-2515.0,0.0
-2515.0
3.0,0.0;4.0,0.0::-2507.5,0.0
-2507.5
4.0,0.0;3.0,0.0::-500.0,0.0
-500.0
3.0,0.0;4.0,1.0::-7.5,0.0
-7.5
4.0,1.0;3.0,0.0::0.0,0.0
0.0
3.0,0.0;4.0,2.0::-2507.5,0.0
-2507.5
4.0,2.0;3.0,0.0::-500.0,0.0
-500.0
3.0,0.0;4.0,3.0::-7.5,0.0
-7.5
4.0,3.0;3.0,0.0::0.0,0.0
0.0
3.0,0.0;4.0,4.0::-7.5,0.0
-7.5
4.0,4.0;3.0,0.0::-15.0,0.0
-15.0
3.0,1.0;3.0,1.0::0.0,0.0
0.0
3.0,1.0;3.0,1.0::0.0,0.0
0.0
3.0,1.0;3.0,2.0::-2500.0,0.0
-2500.0
3.0,2.0;3.0,1.0::-500.0,0.0
-500.0
3.0,1.0;3.0,3.0::0.0,0.0
0.0
3.0,3.0;3.0,1.0::0.0,0.0
0.0
3.0,1.0;3.0,4.0::0.0,0.0
0.0
3.0,4.0;3.0,1.0::-15.0,0.0
-15.0
3.0,1.0;4.0,0.0::-2507.5,0.0
-2507.5
4.0,0.0;3.0,1.0::-500.0,0.0
-500.0
3.0,1.0;4.0,1.0::-7.5,0.0
-7.5
4.0,1.0;3.0,1.0::0.0,0.0
0.0
3.0,1.0;4.0,2.0::-2507.5,0.0
-2507.5
4.0,2.0;3.0,1.0::-500.0,0.0
-500.0
3.0,1.0;4.0,3.0::-7.5,0.0
-7.5
4.0,3.0;3.0,1.0::0.0,0.0
0.0
3.0,1.0;4.0,4.0::-7.5,0.0
-7.5
4.0,4.0;3.0,1.0::-15.0,0.0
-15.0
3.0,2.0;3.0,2.0::-3000.0,0.0
-3000.0
3.0,2.0;3.0,2.0::-3000.0,0.0
-3000.0
3.0,2.0;3.0,3.0::-500.0,0.0
-500.0
3.0,3.0;3.0,2.0::-2500.0,0.0
-2500.0
3.0,2.0;3.0,4.0::-500.0,0.0
-500.0
3.0,4.0;3.0,2.0::-2515.0,0.0
-2515.0
3.0,2.0;4.0,0.0::-3500.0,0.0
-3500.0
4.0,0.0;3.0,2.0::2000.0,0.0
2000.0
3.0,2.0;4.0,1.0::-1000.0,0.0
-1000.0
4.0,1.0;3.0,2.0::2500.0,0.0
2500.0
3.0,2.0;4.0,2.0::-3500.0,0.0
-3500.0
4.0,2.0;3.0,2.0::2000.0,0.0
2000.0
3.0,2.0;4.0,3.0::-1000.0,0.0
-1000.0
4.0,3.0;3.0,2.0::2500.0,0.0
2500.0
3.0,2.0;4.0,4.0::-1000.0,0.0
-1000.0
4.0,4.0;3.0,2.0::2485.0,0.0
2485.0
3.0,3.0;3.0,3.0::0.0,0.0
0.0
3.0,3.0;3.0,3.0::0.0,0.0
0.0
3.0,3.0;3.0,4.0::0.0,0.0
0.0
3.0,4.0;3.0,3.0::-15.0,0.0
-15.0
3.0,3.0;4.0,0.0::-3500.0,0.0
-3500.0
4.0,0.0;3.0,3.0::2000.0,0.0
2000.0
3.0,3.0;4.0,1.0::-1000.0,0.0
-1000.0
4.0,1.0;3.0,3.0::2500.0,0.0
2500.0
3.0,3.0;4.0,2.0::-3500.0,0.0
-3500.0
4.0,2.0;3.0,3.0::2000.0,0.0
2000.0
3.0,3.0;4.0,3.0::-1000.0,0.0
-1000.0
4.0,3.0;3.0,3.0::2500.0,0.0
2500.0
3.0,3.0;4.0,4.0::-1000.0,0.0
-1000.0
4.0,4.0;3.0,3.0::2485.0,0.0
2485.0
3.0,4.0;3.0,4.0::-15.0,0.0
-15.0
3.0,4.0;3.0,4.0::-15.0,0.0
-15.0
3.0,4.0;4.0,0.0::-2507.5,0.0
-2507.5
4.0,0.0;3.0,4.0::-500.0,0.0
-500.0
3.0,4.0;4.0,1.0::-7.5,0.0
-7.5
4.0,1.0;3.0,4.0::0.0,0.0
0.0
3.0,4.0;4.0,2.0::-2507.5,0.0
-2507.5
4.0,2.0;3.0,4.0::-500.0,0.0
-500.0
3.0,4.0;4.0,3.0::-7.5,0.0
-7.5
4.0,3.0;3.0,4.0::0.0,0.0
0.0
3.0,4.0;4.0,4.0::-7.5,0.0
-7.5
4.0,4.0;3.0,4.0::-15.0,0.0
-15.0
4.0,0.0;4.0,0.0::-7.5,0.0
-7.5
4.0,0.0;4.0,0.0::-7.5,0.0
-7.5
4.0,0.0;4.0,1.0::-7.5,0.0
-7.5
4.0,1.0;4.0,0.0::-7.5,0.0
-7.5
4.0,0.0;4.0,2.0::2492.5,0.0
2492.5
4.0,2.0;4.0,0.0::-1000.0,0.0
-1000.0
4.0,0.0;4.0,3.0::2492.5,0.0
2492.5
4.0,3.0;4.0,0.0::-1000.0,0.0
-1000.0
4.0,0.0;4.0,4.0::-7.5,0.0
-7.5
4.0,4.0;4.0,0.0::-7.5,0.0
-7.5
4.0,1.0;4.0,1.0::-7.5,0.0
-7.5
4.0,1.0;4.0,1.0::-7.5,0.0
-7.5
4.0,1.0;4.0,2.0::2492.5,0.0
2492.5
4.0,2.0;4.0,1.0::-1000.0,0.0
-1000.0
4.0,1.0;4.0,3.0::2492.5,0.0
2492.5
4.0,3.0;4.0,1.0::-1000.0,0.0
-1000.0
4.0,1.0;4.0,4.0::-7.5,0.0
-7.5
4.0,4.0;4.0,1.0::-7.5,0.0
-7.5
4.0,2.0;4.0,2.0::1500.0,0.0
1500.0
4.0,2.0;4.0,2.0::1500.0,0.0
1500.0
4.0,2.0;4.0,3.0::1500.0,0.0
1500.0
4.0,3.0;4.0,2.0::1500.0,0.0
1500.0
4.0,2.0;4.0,4.0::-1000.0,0.0
-1000.0
4.0,4.0;4.0,2.0::2492.5,0.0
2492.5
4.0,3.0;4.0,3.0::1500.0,0.0
1500.0
4.0,3.0;4.0,3.0::1500.0,0.0
1500.0
4.0,3.0;4.0,4.0::-1000.0,0.0
-1000.0
4.0,4.0;4.0,3.0::2492.5,0.0
2492.5
4.0,4.0;4.0,4.0::-7.5,0.0
-7.5
4.0,4.0;4.0,4.0::-7.5,0.0
-7.5
