0.0,1.0;0.0,1.0::-2000.0,0.0
-2000.0
0.0,1.0;0.0,1.0::-2000.0,0.0
-2000.0
0.0,1.0;0.0,2.0::500.0,0.0
500.0
0.0,2.0;0.0,1.0::-1500.0,0.0
-1500.0
0.0,1.0;0.0,3.0::500.0,0.0
500.0
0.0,3.0;0.0,1.0::-1500.0,0.0
-1500.0
0.0,1.0;0.0,4.0::487.5,0.0
487.5
0.0,4.0;0.0,1.0::-1502.5,0.0
-1502.5
0.0,1.0;1.0,0.0::-1750.0,0.0
-1750.0
1.0,0.0;0.0,1.0::-1250.0,0.0
-1250.0
0.0,1.0;1.0,1.0::-1750.0,0.0
-1750.0
1.0,1.0;0.0,1.0::-1250.0,0.0
-1250.0
0.0,1.0;1.0,2.0::750.0,0.0
750.0
1.0,2.0;0.0,1.0::-750.0,0.0
-750.0
0.0,1.0;1.0,3.0::750.0,0.0
750.0
1.0,3.0;0.0,1.0::-750.0,0.0
-750.0
0.0,1.0;1.0,4.0::737.5,0.0
737.5
1.0,4.0;0.0,1.0::-752.5,0.0
-752.5
0.0,1.0;2.0,0.0::-1750.0,0.0
-1750.0
2.0,0.0;0.0,1.0::-1250.0,0.0
-1250.0
0.0,1.0;2.0,1.0::-1750.0,0.0
-1750.0
2.0,1.0;0.0,1.0::-1250.0,0.0
-1250.0
0.0,1.0;2.0,2.0::750.0,0.0
750.0
2.0,2.0;0.0,1.0::-750.0,0.0
-750.0
0.0,1.0;2.0,3.0::750.0,0.0
750.0
2.0,3.0;0.0,1.0::-750.0,0.0
-750.0
0.0,1.0;2.0,4.0::737.5,0.0
737.5
2.0,4.0;0.0,1.0::-752.5,0.0
-752.5
0.0,1.0;3.0,0.0::-1500.0,0.0
-1500.0
3.0,0.0;0.0,1.0::-500.0,0.0
-500.0
0.0,1.0;3.0,1.0::-1500.0,0.0
-1500.0
3.0,1.0;0.0,1.0::-500.0,0.0
-500.0
0.0,1.0;3.0,2.0::1000.0,0.0
1000.0
3.0,2.0;0.0,1.0::0.0,0.0
0.0
0.0,1.0;3.0,3.0::1000.0,0.0
1000.0
3.0,3.0;0.0,1.0::0.0,0.0
0.0
0.0,1.0;3.0,4.0::987.5,0.0
987.5
3.0,4.0;0.0,1.0::-2.5,0.0
-2.5
0.0,1.0;4.0,0.0::-1505.0,0.0
-1505.0
4.0,0.0;0.0,1.0::-515.0,0.0
-515.0
0.0,1.0;4.0,1.0::-1505.0,0.0
-1505.0
4.0,1.0;0.0,1.0::-515.0,0.0
-515.0
0.0,1.0;4.0,2.0::995.0,0.0
995.0
4.0,2.0;0.0,1.0::-15.0,0.0
-15.0
0.0,1.0;4.0,3.0::995.0,0.0
995.0
4.0,3.0;0.0,1.0::-15.0,0.0
-15.0
0.0,1.0;4.0,4.0::982.5,0.0
982.5
4.0,4.0;0.0,1.0::-17.5,0.0
-17.5
