0.0,4.0;0.0,4.0::985.0,0.0
985.0
0.0,4.0;0.0,4.0::985.0,0.0
985.0
0.0,4.0;1.0,0.0::-1502.5,0.0
-1502.5
1.0,0.0;0.0,4.0::-507.5,0.0
-507.5
0.0,4.0;1.0,1.0::-1502.5,0.0
-1502.5
1.0,1.0;0.0,4.0::-507.5,0.0
-507.5
0.0,4.0;1.0,2.0::997.5,0.0
997.5
1.0,2.0;0.0,4.0::-7.5,0.0
-7.5
0.0,4.0;1.0,3.0::997.5,0.0
997.5
1.0,3.0;0.0,4.0::-7.5,0.0
-7.5
0.0,4.0;1.0,4.0::985.0,0.0
985.0
1.0,4.0;0.0,4.0::-10.0,0.0
-10.0
0.0,4.0;2.0,0.0::-1500.0,0.0
-1500.0
2.0,0.0;0.0,4.0::500.0,0.0
500.0
0.0,4.0;2.0,1.0::-1500.0,0.0
-1500.0
2.0,1.0;0.0,4.0::500.0,0.0
500.0
0.0,4.0;2.0,2.0::1000.0,0.0
1000.0
2.0,2.0;0.0,4.0::1000.0,0.0
1000.0
0.0,4.0;2.0,3.0::1000.0,0.0
1000.0
2.0,3.0;0.0,4.0::1000.0,0.0
1000.0
0.0,4.0;2.0,4.0::987.5,0.0
987.5
2.0,4.0;0.0,4.0::997.5,0.0
997.5
0.0,4.0;3.0,0.0::-1502.5,0.0
-1502.5
3.0,0.0;0.0,4.0::-507.5,0.0
-507.5
0.0,4.0;3.0,1.0::-1502.5,0.0
-1502.5
3.0,1.0;0.0,4.0::-507.5,0.0
-507.5
0.0,4.0;3.0,2.0::997.5,0.0
997.5
3.0,2.0;0.0,4.0::-7.5,0.0
-7.5
0.0,4.0;3.0,3.0::997.5,0.0
997.5
3.0,3.0;0.0,4.0::-7.5,0.0
-7.5
0.0,4.0;3.0,4.0::985.0,0.0
985.0
3.0,4.0;0.0,4.0::-10.0,0.0
-10.0
0.0,4.0;4.0,0.0::-1502.5,0.0
-1502.5
4.0,0.0;0.0,4.0::487.5,0.0
487.5
0.0,4.0;4.0,1.0::-1502.5,0.0
-1502.5
4.0,1.0;0.0,4.0::487.5,0.0
487.5
0.0,4.0;4.0,2.0::997.5,0.0
997.5
4.0,2.0;0.0,4.0::987.5,0.0
987.5
0.0,4.0;4.0,3.0::997.5,0.0
997.5
4.0,3.0;0.0,4.0::987.5,0.0
987.5
0.0,4.0;4.0,4.0::985.0,0.0
985.0
4.0,4.0;0.0,4.0::985.0,0.0
985.0
