1.0,3.0;1.0,3.0::0.0,0.0
0.0
1.0,3.0;1.0,3.0::0.0,0.0
0.0
1.0,3.0;1.0,4.0::-7.5,0.0
-7.5
1.0,4.0;1.0,3.0::-2.5,0.0
-2.5
1.0,3.0;2.0,0.0::-1500.0,0.0
-1500.0
2.0,0.0;1.0,3.0::500.0,0.0
500.0
1.0,3.0;2.0,1.0::-750.0,0.0
-750.0
2.0,1.0;1.0,3.0::750.0,0.0
750.0
1.0,3.0;2.0,2.0::-750.0,0.0
-750.0
2.0,2.0;1.0,3.0::750.0,0.0
750.0
1.0,3.0;2.0,3.0::0.0,0.0
0.0
2.0,3.0;1.0,3.0::1000.0,0.0
1000.0
1.0,3.0;2.0,4.0::-7.5,0.0
-7.5
2.0,4.0;1.0,3.0::997.5,0.0
997.5
1.0,3.0;3.0,0.0::-1500.0,0.0
-1500.0
3.0,0.0;1.0,3.0::-500.0,0.0
-500.0
1.0,3.0;3.0,1.0::-750.0,0.0
-750.0
3.0,1.0;1.0,3.0::-250.0,0.0
-250.0
1.0,3.0;3.0,2.0::-750.0,0.0
-750.0
3.0,2.0;1.0,3.0::-250.0,0.0
-250.0
1.0,3.0;3.0,3.0::0.0,0.0
0.0
3.0,3.0;1.0,3.0::0.0,0.0
0.0
1.0,3.0;3.0,4.0::-7.5,0.0
-7.5
3.0,4.0;1.0,3.0::-2.5,0.0
-2.5
1.0,3.0;4.0,0.0::-1500.0,0.0
-1500.0
4.0,0.0;1.0,3.0::500.0,0.0
500.0
1.0,3.0;4.0,1.0::-750.0,0.0
-750.0
4.0,1.0;1.0,3.0::750.0,0.0
750.0
1.0,3.0;4.0,2.0::-750.0,0.0
-750.0
4.0,2.0;1.0,3.0::750.0,0.0
750.0
1.0,3.0;4.0,3.0::0.0,0.0
0.0
4.0,3.0;1.0,3.0::1000.0,0.0
1000.0
1.0,3.0;4.0,4.0::-7.5,0.0
-7.5
4.0,4.0;1.0,3.0::997.5,0.0
997.5
