2.0,1.0;2.0,1.0::-1500.0,0.0
-1500.0
2.0,1.0;2.0,1.0::-1500.0,0.0
-1500.0
2.0,1.0;2.0,2.0::-1500.0,0.0
-1500.0
2.0,2.0;2.0,1.0::-1500.0,0.0
-1500.0
2.0,1.0;2.0,3.0::250.0,0.0
250.0
2.0,3.0;2.0,1.0::-1750.0,0.0
-1750.0
2.0,1.0;2.0,4.0::-3250.0,0.0
-3250.0
2.0,4.0;2.0,1.0::-1250.0,0.0
-1250.0
2.0,1.0;3.0,0.0::-2500.0,0.0
-2500.0
3.0,0.0;2.0,1.0::-500.0,0.0
-500.0
2.0,1.0;3.0,1.0::-750.0,0.0
-750.0
3.0,1.0;2.0,1.0::-750.0,0.0
-750.0
2.0,1.0;3.0,2.0::-750.0,0.0
-750.0
3.0,2.0;2.0,1.0::-750.0,0.0
-750.0
2.0,1.0;3.0,3.0::1000.0,0.0
1000.0
3.0,3.0;2.0,1.0::-1000.0,0.0
-1000.0
2.0,1.0;3.0,4.0::-2500.0,0.0
-2500.0
3.0,4.0;2.0,1.0::-500.0,0.0
-500.0
2.0,1.0;4.0,0.0::-2522.5,0.0
-2522.5
4.0,0.0;2.0,1.0::-522.5,0.0
-522.5
2.0,1.0;4.0,1.0::-772.5,0.0
-772.5
4.0,1.0;2.0,1.0::-772.5,0.0
-772.5
2.0,1.0;4.0,2.0::-772.5,0.0
-772.5
4.0,2.0;2.0,1.0::-772.5,0.0
-772.5
2.0,1.0;4.0,3.0::977.5,0.0
977.5
4.0,3.0;2.0,1.0::-1022.5,0.0
-1022.5
2.0,1.0;4.0,4.0::-2522.5,0.0
-2522.5
4.0,4.0;2.0,1.0::-522.5,0.0
-522.5
