0.0,1.0;0.0,1.0::-3000.0,0.0
-3000.0
0.0,1.0;0.0,1.0::-3000.0,0.0
-3000.0
0.0,1.0;0.0,2.0::-500.0,0.0
-500.0
0.0,2.0;0.0,1.0::-2500.0,0.0
-2500.0
0.0,1.0;0.0,3.0::-500.0,0.0
-500.0
0.0,3.0;0.0,1.0::-2500.0,0.0
-2500.0
0.0,1.0;0.0,4.0::-515.0,0.0
-515.0
0.0,4.0;0.0,1.0::-2503.0,0.0
-2503.0
0.0,1.0;1.0,0.0::-2250.0,0.0
-2250.0
1.0,0.0;0.0,1.0::-2250.0,0.0
-2250.0
0.0,1.0;1.0,1.0::-2250.0,0.0
-2250.0
1.0,1.0;0.0,1.0::-2250.0,0.0
-2250.0
0.0,1.0;1.0,2.0::250.0,0.0
250.0
1.0,2.0;0.0,1.0::-1750.0,0.0
-1750.0
0.0,1.0;1.0,3.0::250.0,0.0
250.0
1.0,3.0;0.0,1.0::-1750.0,0.0
-1750.0
0.0,1.0;1.0,4.0::235.0,0.0
235.0
1.0,4.0;0.0,1.0::-1753.0,0.0
-1753.0
0.0,1.0;2.0,0.0::-2250.0,0.0
-2250.0
2.0,0.0;0.0,1.0::-2250.0,0.0
-2250.0
0.0,1.0;2.0,1.0::-2250.0,0.0
-2250.0
2.0,1.0;0.0,1.0::-2250.0,0.0
-2250.0
0.0,1.0;2.0,2.0::250.0,0.0
250.0
2.0,2.0;0.0,1.0::-1750.0,0.0
-1750.0
0.0,1.0;2.0,3.0::250.0,0.0
250.0
2.0,3.0;0.0,1.0::-1750.0,0.0
-1750.0
0.0,1.0;2.0,4.0::235.0,0.0
235.0
2.0,4.0;0.0,1.0::-1753.0,0.0
-1753.0
0.0,1.0;3.0,0.0::-1500.0,0.0
-1500.0
3.0,0.0;0.0,1.0::-1500.0,0.0
-1500.0
0.0,1.0;3.0,1.0::-1500.0,0.0
-1500.0
3.0,1.0;0.0,1.0::-1500.0,0.0
-1500.0
0.0,1.0;3.0,2.0::1000.0,0.0
1000.0
3.0,2.0;0.0,1.0::-1000.0,0.0
-1000.0
0.0,1.0;3.0,3.0::1000.0,0.0
1000.0
3.0,3.0;0.0,1.0::-1000.0,0.0
-1000.0
0.0,1.0;3.0,4.0::985.0,0.0
985.0
3.0,4.0;0.0,1.0::-1003.0,0.0
-1003.0
0.0,1.0;4.0,0.0::-1515.0,0.0
-1515.0
4.0,0.0;0.0,1.0::-1515.0,0.0
-1515.0
0.0,1.0;4.0,1.0::-1515.0,0.0
-1515.0
4.0,1.0;0.0,1.0::-1515.0,0.0
-1515.0
0.0,1.0;4.0,2.0::985.0,0.0
985.0
4.0,2.0;0.0,1.0::-1015.0,0.0
-1015.0
0.0,1.0;4.0,3.0::985.0,0.0
985.0
4.0,3.0;0.0,1.0::-1015.0,0.0
-1015.0
0.0,1.0;4.0,4.0::970.0,0.0
970.0
4.0,4.0;0.0,1.0::-1018.0,0.0
-1018.0
