2.0,4.0;2.0,4.0::-3000.0,0.0
-3000.0
2.0,4.0;2.0,4.0::-3000.0,0.0
-3000.0
2.0,4.0;3.0,0.0::-2509.0,0.0
-2509.0
3.0,0.0;2.0,4.0::-509.0,0.0
-509.0
2.0,4.0;3.0,1.0::-759.0,0.0
-759.0
3.0,1.0;2.0,4.0::-759.0,0.0
-759.0
2.0,4.0;3.0,2.0::-759.0,0.0
-759.0
3.0,2.0;2.0,4.0::-759.0,0.0
-759.0
2.0,4.0;3.0,3.0::991.0,0.0
991.0
3.0,3.0;2.0,4.0::-1009.0,0.0
-1009.0
2.0,4.0;3.0,4.0::-2509.0,0.0
-2509.0
3.0,4.0;2.0,4.0::-509.0,0.0
-509.0
2.0,4.0;4.0,0.0::-3503.0,0.0
-3503.0
4.0,0.0;2.0,4.0::485.0,0.0
485.0
2.0,4.0;4.0,1.0::-1753.0,0.0
-1753.0
4.0,1.0;2.0,4.0::235.0,0.0
235.0
2.0,4.0;4.0,2.0::-1753.0,0.0
-1753.0
4.0,2.0;2.0,4.0::235.0,0.0
235.0
2.0,4.0;4.0,3.0::-3.0,0.0
-3.0
4.0,3.0;2.0,4.0::-15.0,0.0
-15.0
2.0,4.0;4.0,4.0::-3503.0,0.0
-3503.0
4.0,4.0;2.0,4.0::485.0,0.0
485.0
