3.0,1.0;3.0,1.0::0.0,0.0
0.0
3.0,1.0;3.0,1.0::0.0,0.0
0.0
3.0,1.0;3.0,2.0::-2500.0,0.0
-2500.0
3.0,2.0;3.0,1.0::-500.0,0.0
-500.0
3.0,1.0;3.0,3.0::0.0,0.0
0.0
3.0,3.0;3.0,1.0::0.0,0.0
0.0
3.0,1.0;3.0,4.0::-9.0,0.0
-9.0
3.0,4.0;3.0,1.0::-9.0,0.0
-9.0
3.0,1.0;4.0,0.0::-2515.0,0.0
-2515.0
4.0,0.0;3.0,1.0::-515.0,0.0
-515.0
3.0,1.0;4.0,1.0::-15.0,0.0
-15.0
4.0,1.0;3.0,1.0::-15.0,0.0
-15.0
3.0,1.0;4.0,2.0::-2515.0,0.0
-2515.0
4.0,2.0;3.0,1.0::-515.0,0.0
-515.0
3.0,1.0;4.0,3.0::-15.0,0.0
-15.0
4.0,3.0;3.0,1.0::-15.0,0.0
-15.0
3.0,1.0;4.0,4.0::-24.0,0.0
-24.0
4.0,4.0;3.0,1.0::-24.0,0.0
-24.0
