0.0,4.0;0.0,4.0::-18.0,0.0
-18.0
0.0,4.0;0.0,4.0::-18.0,0.0
-18.0
0.0,4.0;1.0,0.0::-1509.0,0.0
-1509.0
1.0,0.0;0.0,4.0::-1509.0,0.0
-1509.0
0.0,4.0;1.0,1.0::-1509.0,0.0
-1509.0
1.0,1.0;0.0,4.0::-1509.0,0.0
-1509.0
0.0,4.0;1.0,2.0::991.0,0.0
991.0
1.0,2.0;0.0,4.0::-1009.0,0.0
-1009.0
0.0,4.0;1.0,3.0::991.0,0.0
991.0
1.0,3.0;0.0,4.0::-1009.0,0.0
-1009.0
0.0,4.0;1.0,4.0::976.0,0.0
976.0
1.0,4.0;0.0,4.0::-1012.0,0.0
-1012.0
0.0,4.0;2.0,0.0::-2000.0,0.0
-2000.0
2.0,0.0;0.0,4.0::-4000.0,0.0
-4000.0
0.0,4.0;2.0,1.0::-2000.0,0.0
-2000.0
2.0,1.0;0.0,4.0::-4000.0,0.0
-4000.0
0.0,4.0;2.0,2.0::500.0,0.0
500.0
2.0,2.0;0.0,4.0::-3500.0,0.0
-3500.0
0.0,4.0;2.0,3.0::500.0,0.0
500.0
2.0,3.0;0.0,4.0::-3500.0,0.0
-3500.0
0.0,4.0;2.0,4.0::485.0,0.0
485.0
2.0,4.0;0.0,4.0::-3503.0,0.0
-3503.0
0.0,4.0;3.0,0.0::-1509.0,0.0
-1509.0
3.0,0.0;0.0,4.0::-1509.0,0.0
-1509.0
0.0,4.0;3.0,1.0::-1509.0,0.0
-1509.0
3.0,1.0;0.0,4.0::-1509.0,0.0
-1509.0
0.0,4.0;3.0,2.0::991.0,0.0
991.0
3.0,2.0;0.0,4.0::-1009.0,0.0
-1009.0
0.0,4.0;3.0,3.0::991.0,0.0
991.0
3.0,3.0;0.0,4.0::-1009.0,0.0
-1009.0
0.0,4.0;3.0,4.0::976.0,0.0
976.0
3.0,4.0;0.0,4.0::-1012.0,0.0
-1012.0
0.0,4.0;4.0,0.0::-2503.0,0.0
-2503.0
4.0,0.0;0.0,4.0::-515.0,0.0
-515.0
0.0,4.0;4.0,1.0::-2503.0,0.0
-2503.0
4.0,1.0;0.0,4.0::-515.0,0.0
-515.0
0.0,4.0;4.0,2.0::-3.0,0.0
-3.0
4.0,2.0;0.0,4.0::-15.0,0.0
-15.0
0.0,4.0;4.0,3.0::-3.0,0.0
-3.0
4.0,3.0;0.0,4.0::-15.0,0.0
-15.0
0.0,4.0;4.0,4.0::-18.0,0.0
-18.0
4.0,4.0;0.0,4.0::-18.0,0.0
-18.0
