1.0,2.0;1.0,2.0::-1500.0,0.0
-1500.0
1.0,2.0;1.0,2.0::-1500.0,0.0
-1500.0
1.0,2.0;1.0,3.0::-750.0,0.0
-750.0
1.0,3.0;1.0,2.0::-750.0,0.0
-750.0
1.0,2.0;1.0,4.0::-759.0,0.0
-759.0
1.0,4.0;1.0,2.0::-759.0,0.0
-759.0
1.0,2.0;2.0,0.0::-2250.0,0.0
-2250.0
2.0,0.0;1.0,2.0::-2250.0,0.0
-2250.0
1.0,2.0;2.0,1.0::-1500.0,0.0
-1500.0
2.0,1.0;1.0,2.0::-1500.0,0.0
-1500.0
1.0,2.0;2.0,2.0::-1500.0,0.0
-1500.0
2.0,2.0;1.0,2.0::-1500.0,0.0
-1500.0
1.0,2.0;2.0,3.0::-750.0,0.0
-750.0
2.0,3.0;1.0,2.0::-750.0,0.0
-750.0
1.0,2.0;2.0,4.0::-759.0,0.0
-759.0
2.0,4.0;1.0,2.0::-759.0,0.0
-759.0
1.0,2.0;3.0,0.0::-2000.0,0.0
-2000.0
3.0,0.0;1.0,2.0::-4000.0,0.0
-4000.0
1.0,2.0;3.0,1.0::-1250.0,0.0
-1250.0
3.0,1.0;1.0,2.0::-3250.0,0.0
-3250.0
1.0,2.0;3.0,2.0::-1250.0,0.0
-1250.0
3.0,2.0;1.0,2.0::-3250.0,0.0
-3250.0
1.0,2.0;3.0,3.0::-500.0,0.0
-500.0
3.0,3.0;1.0,2.0::-2500.0,0.0
-2500.0
1.0,2.0;3.0,4.0::-509.0,0.0
-509.0
3.0,4.0;1.0,2.0::-2509.0,0.0
-2509.0
1.0,2.0;4.0,0.0::-2500.0,0.0
-2500.0
4.0,0.0;1.0,2.0::-500.0,0.0
-500.0
1.0,2.0;4.0,1.0::-1750.0,0.0
-1750.0
4.0,1.0;1.0,2.0::250.0,0.0
250.0
1.0,2.0;4.0,2.0::-1750.0,0.0
-1750.0
4.0,2.0;1.0,2.0::250.0,0.0
250.0
1.0,2.0;4.0,3.0::-1000.0,0.0
-1000.0
4.0,3.0;1.0,2.0::1000.0,0.0
1000.0
1.0,2.0;4.0,4.0::-1009.0,0.0
-1009.0
4.0,4.0;1.0,2.0::991.0,0.0
991.0
