1.0,4.0;1.0,4.0::-18.0,0.0
-18.0
1.0,4.0;1.0,4.0::-18.0,0.0
-18.0
1.0,4.0;2.0,0.0::-2000.0,0.0
-2000.0
2.0,0.0;1.0,4.0::-4000.0,0.0
-4000.0
1.0,4.0;2.0,1.0::-1250.0,0.0
-1250.0
2.0,1.0;1.0,4.0::-3250.0,0.0
-3250.0
1.0,4.0;2.0,2.0::-1250.0,0.0
-1250.0
2.0,2.0;1.0,4.0::-3250.0,0.0
-3250.0
1.0,4.0;2.0,3.0::-500.0,0.0
-500.0
2.0,3.0;1.0,4.0::-2500.0,0.0
-2500.0
1.0,4.0;2.0,4.0::-509.0,0.0
-509.0
2.0,4.0;1.0,4.0::-2509.0,0.0
-2509.0
1.0,4.0;3.0,0.0::-1509.0,0.0
-1509.0
3.0,0.0;1.0,4.0::-1509.0,0.0
-1509.0
1.0,4.0;3.0,1.0::-759.0,0.0
-759.0
3.0,1.0;1.0,4.0::-759.0,0.0
-759.0
1.0,4.0;3.0,2.0::-759.0,0.0
-759.0
3.0,2.0;1.0,4.0::-759.0,0.0
-759.0
1.0,4.0;3.0,3.0::-9.0,0.0
-9.0
3.0,3.0;1.0,4.0::-9.0,0.0
-9.0
1.0,4.0;3.0,4.0::-18.0,0.0
-18.0
3.0,4.0;1.0,4.0::-18.0,0.0
-18.0
1.0,4.0;4.0,0.0::-2503.0,0.0
-2503.0
4.0,0.0;1.0,4.0::-515.0,0.0
-515.0
1.0,4.0;4.0,1.0::-1753.0,0.0
-1753.0
4.0,1.0;1.0,4.0::235.0,0.0
235.0
1.0,4.0;4.0,2.0::-1753.0,0.0
-1753.0
4.0,2.0;1.0,4.0::235.0,0.0
235.0
1.0,4.0;4.0,3.0::-1003.0,0.0
-1003.0
4.0,3.0;1.0,4.0::985.0,0.0
985.0
1.0,4.0;4.0,4.0::-1012.0,0.0
-1012.0
4.0,4.0;1.0,4.0::976.0,0.0
976.0
