0.0,0.0,0.0,0.0;0.0,0.0,0.0,0.0::-752.16,316.8075352639203
-752.16
0.0,0.0,0.0,0.0;0.0,0.0,0.0,0.0::-745.56,308.7852431707189
-745.56
0.0,0.0,0.0,0.0;0.0,0.0,0.0,10.0::-507.555,187.30976876553981
-507.555
0.0,0.0,0.0,10.0;0.0,0.0,0.0,0.0::-584.235,268.6961337179975
-584.235
0.0,0.0,0.0,0.0;0.0,0.0,10.0,0.0::-1946.485,213.4766316836576
-1946.485
0.0,0.0,10.0,0.0;0.0,0.0,0.0,0.0::-1542.005,248.37992566831963
-1542.005
0.0,0.0,0.0,0.0;0.0,0.0,10.0,10.0::-1763.12,373.7742374749763
-1763.12
0.0,0.0,10.0,10.0;0.0,0.0,0.0,0.0::-1441.72,300.95454241463113
-1441.72
0.0,0.0,0.0,0.0;0.0,10.0,0.0,0.0::-775.28,312.5144822244243
-775.28
0.0,10.0,0.0,0.0;0.0,0.0,0.0,0.0::-655.78,264.217016106079
-655.78
0.0,0.0,0.0,0.0;0.0,10.0,0.0,10.0::-545.365,243.0596105382382
-545.365
0.0,10.0,0.0,10.0;0.0,0.0,0.0,0.0::-500.825,189.73406883056086
-500.825
0.0,0.0,0.0,0.0;0.0,10.0,10.0,0.0::-2028.615,264.65309232087196
-2028.615
0.0,10.0,10.0,0.0;0.0,0.0,0.0,0.0::-1497.015,207.61981426395698
-1497.015
0.0,0.0,0.0,0.0;0.0,10.0,10.0,10.0::-1829.62,432.65190465315186
-1829.62
0.0,10.0,10.0,10.0;0.0,0.0,0.0,0.0::-1406.72,289.8236646652581
-1406.72
0.0,0.0,0.0,0.0;10.0,0.0,0.0,0.0::-1127.035,269.3370774234398
-1127.035
10.0,0.0,0.0,0.0;0.0,0.0,0.0,0.0::-1418.735,235.39582042806106
-1418.735
0.0,0.0,0.0,0.0;10.0,0.0,0.0,10.0::-890.485,96.8298108797079
-890.485
10.0,0.0,0.0,10.0;0.0,0.0,0.0,0.0::-1202.885,180.28345535572583
-1202.885
0.0,0.0,0.0,0.0;10.0,0.0,10.0,0.0::-2349.0,72.34421193157058
-2349.0
10.0,0.0,10.0,0.0;0.0,0.0,0.0,0.0::-2231.58,165.82957697588208
-2231.58
0.0,0.0,0.0,0.0;10.0,0.0,10.0,10.0::-2113.415,360.76430709675253
-2113.415
10.0,0.0,10.0,10.0;0.0,0.0,0.0,0.0::-2102.275,262.4770311379645
-2102.275
0.0,0.0,0.0,0.0;10.0,10.0,0.0,0.0::-1024.33,210.58873687830507
-1024.33
10.0,10.0,0.0,0.0;0.0,0.0,0.0,0.0::-1314.59,212.1384851930455
-1314.59
0.0,0.0,0.0,0.0;10.0,10.0,0.0,10.0::-888.78,62.103676219689284
-888.78
10.0,10.0,0.0,10.0;0.0,0.0,0.0,0.0::-1218.12,165.3764813992606
-1218.12
0.0,0.0,0.0,0.0;10.0,10.0,10.0,0.0::-2342.61,97.71769491755317
-2342.61
10.0,10.0,10.0,0.0;0.0,0.0,0.0,0.0::-2185.83,189.28700721391317
-2185.83
0.0,0.0,0.0,0.0;10.0,10.0,10.0,10.0::-2155.75,344.13768683479003
-2155.75
10.0,10.0,10.0,10.0;0.0,0.0,0.0,0.0::-2104.37,279.53578143057103
-2104.37
