0.0,0.0,0.0,10.0;0.0,0.0,0.0,10.0::-343.11,25.454329690643988
-343.11
0.0,0.0,0.0,10.0;0.0,0.0,0.0,10.0::-345.27,23.667743872198717
-345.27
0.0,0.0,0.0,10.0;0.0,0.0,10.0,0.0::-1776.99,92.21100747741565
-1776.99
0.0,0.0,10.0,0.0;0.0,0.0,0.0,10.0::-1324.71,81.58054853946497
-1324.71
0.0,0.0,0.0,10.0;0.0,0.0,10.0,10.0::-1581.885,343.68556017819543
-1581.885
0.0,0.0,10.0,10.0;0.0,0.0,0.0,10.0::-1234.485,205.3578395752157
-1234.485
0.0,0.0,0.0,10.0;0.0,10.0,0.0,0.0::-661.085,428.6435760337486
-661.085
0.0,10.0,0.0,0.0;0.0,0.0,0.0,10.0::-576.325,343.39864134122604
-576.325
0.0,0.0,0.0,10.0;0.0,10.0,0.0,10.0::-431.645,257.99363650098036
-431.645
0.0,10.0,0.0,10.0;0.0,0.0,0.0,10.0::-417.865,225.00832045726662
-417.865
0.0,0.0,0.0,10.0;0.0,10.0,10.0,0.0::-1856.295,253.0698233195732
-1856.295
0.0,10.0,10.0,0.0;0.0,0.0,0.0,10.0::-1393.275,218.9002898010873
-1393.275
0.0,0.0,0.0,10.0;0.0,10.0,10.0,10.0::-1648.81,409.6472432471626
-1648.81
0.0,10.0,10.0,10.0;0.0,0.0,0.0,10.0::-1281.47,270.6241288207687
-1281.47
0.0,0.0,0.0,10.0;10.0,0.0,0.0,0.0::-1137.545,226.99927417284832
-1137.545
10.0,0.0,0.0,0.0;0.0,0.0,0.0,10.0::-996.445,159.49607981075897
-996.445
0.0,0.0,0.0,10.0;10.0,0.0,0.0,10.0::-963.65,21.94612722099278
-963.65
10.0,0.0,0.0,10.0;0.0,0.0,0.0,10.0::-876.07,19.7000025380709
-876.07
0.0,0.0,0.0,10.0;10.0,0.0,10.0,0.0::-2419.235,70.51256820595887
-2419.235
10.0,0.0,10.0,0.0;0.0,0.0,0.0,10.0::-1875.955,54.947661233213566
-1875.955
0.0,0.0,0.0,10.0;10.0,0.0,10.0,10.0::-2226.815,343.84142169756103
-2226.815
10.0,0.0,10.0,10.0;0.0,0.0,0.0,10.0::-1774.075,196.83506261588653
-1774.075
0.0,0.0,0.0,10.0;10.0,10.0,0.0,0.0::-1192.19,262.85001217424355
-1192.19
10.0,10.0,0.0,0.0;0.0,0.0,0.0,10.0::-1044.49,203.58424521558632
-1044.49
0.0,0.0,0.0,10.0;10.0,10.0,0.0,10.0::-960.375,24.186295189631668
-960.375
10.0,10.0,0.0,10.0;0.0,0.0,0.0,10.0::-878.415,21.903088252572967
-878.415
0.0,0.0,0.0,10.0;10.0,10.0,10.0,0.0::-2426.14,58.07891527912689
-2426.14
10.0,10.0,10.0,0.0;0.0,0.0,0.0,10.0::-1882.34,48.63994654602326
-1882.34
0.0,0.0,0.0,10.0;10.0,10.0,10.0,10.0::-2238.455,333.562018933511
-2238.455
10.0,10.0,10.0,10.0;0.0,0.0,0.0,10.0::-1780.735,196.47632751810073
-1780.735
