10.0,0.0,10.0,0.0;10.0,0.0,10.0,0.0::-2780.84,148.8741394601494
-2780.84
10.0,0.0,10.0,0.0;10.0,0.0,10.0,0.0::-2825.38,107.38375389229041
-2825.38
10.0,0.0,10.0,0.0;10.0,0.0,10.0,10.0::-2526.235,407.67645538465916
-2526.235
10.0,0.0,10.0,10.0;10.0,0.0,10.0,0.0::-2703.635,242.86999459587432
-2703.635
10.0,0.0,10.0,0.0;10.0,10.0,0.0,0.0::-2086.465,182.35696113666734
-2086.465
10.0,10.0,0.0,0.0;10.0,0.0,10.0,0.0::-2421.485,338.7011252933772
-2421.485
10.0,0.0,10.0,0.0;10.0,10.0,0.0,10.0::-1734.36,87.51788617191345
-1734.36
10.0,10.0,0.0,10.0;10.0,0.0,10.0,0.0::-2500.26,302.1049195230028
-2500.26
10.0,0.0,10.0,0.0;10.0,10.0,10.0,0.0::-2631.195,87.92539152599775
-2631.195
10.0,10.0,10.0,0.0;10.0,0.0,10.0,0.0::-2958.315,260.26740724685453
-2958.315
10.0,0.0,10.0,0.0;10.0,10.0,10.0,10.0::-2397.135,420.956546777693
-2397.135
10.0,10.0,10.0,10.0;10.0,0.0,10.0,0.0::-2757.855,404.59728307911314
-2757.855
