10.0,0.0,10.0,10.0;10.0,0.0,10.0,10.0::-2503.09,440.58291149339885
-2503.09
10.0,0.0,10.0,10.0;10.0,0.0,10.0,10.0::-2484.83,477.7183282018808
-2484.83
10.0,0.0,10.0,10.0;10.0,10.0,0.0,0.0::-2028.995,213.2678186576681
-2028.995
10.0,10.0,0.0,0.0;10.0,0.0,10.0,10.0::-2221.795,493.61062637974067
-2221.795
10.0,0.0,10.0,10.0;10.0,10.0,0.0,10.0::-1661.61,137.4077978136612
-1661.61
10.0,10.0,0.0,10.0;10.0,0.0,10.0,10.0::-2253.39,510.859846631148
-2253.39
10.0,0.0,10.0,10.0;10.0,10.0,10.0,0.0::-2568.91,206.32296745636438
-2568.91
10.0,10.0,10.0,0.0;10.0,0.0,10.0,10.0::-2617.31,513.8978292423506
-2617.31
10.0,0.0,10.0,10.0;10.0,10.0,10.0,10.0::-2361.555,388.99647103155064
-2361.555
10.0,10.0,10.0,10.0;10.0,0.0,10.0,10.0::-2608.875,524.0748103801593
-2608.875
