10.0,10.0,0.0,0.0;10.0,10.0,0.0,0.0::-1779.94,167.49151142669893
-1779.94
10.0,10.0,0.0,0.0;10.0,10.0,0.0,0.0::-1766.36,194.34176185267026
-1766.36
10.0,10.0,0.0,0.0;10.0,10.0,0.0,10.0::-1442.21,78.77516042509846
-1442.21
10.0,10.0,0.0,10.0;10.0,10.0,0.0,0.0::-1846.03,154.3870755600999
-1846.03
10.0,10.0,0.0,0.0;10.0,10.0,10.0,0.0::-2462.07,270.579323119857
-2462.07
10.0,10.0,10.0,0.0;10.0,10.0,0.0,0.0::-2057.73,192.3118875680856
-2057.73
10.0,10.0,0.0,0.0;10.0,10.0,10.0,10.0::-2178.675,508.4338028445789
-2178.675
10.0,10.0,10.0,10.0;10.0,10.0,0.0,0.0::-2013.015,233.33040366613173
-2013.015
