0.0,0.0,10.0,0.0;0.0,0.0,10.0,0.0::-2800.855,71.29492601160338
-2800.855
0.0,0.0,10.0,0.0;0.0,0.0,10.0,0.0::-2796.335,69.94530202236602
-2796.335
0.0,0.0,10.0,0.0;0.0,0.0,10.0,10.0::-2592.45,353.4411513958159
-2592.45
0.0,0.0,10.0,10.0;0.0,0.0,10.0,0.0::-2688.03,203.57118926802974
-2688.03
0.0,0.0,10.0,0.0;0.0,10.0,0.0,0.0::-1376.295,257.7645737392941
-1376.295
0.0,10.0,0.0,0.0;0.0,0.0,10.0,0.0::-1920.255,485.0392329234824
-1920.255
0.0,0.0,10.0,0.0;0.0,10.0,0.0,10.0::-1202.14,89.42927596710152
-1202.14
0.0,10.0,0.0,10.0;0.0,0.0,10.0,0.0::-1839.74,417.04046254530266
-1839.74
0.0,0.0,10.0,0.0;0.0,10.0,10.0,0.0::-2657.885,91.2577354255517
-2657.885
0.0,10.0,10.0,0.0;0.0,0.0,10.0,0.0::-2647.765,589.768202156576
-2647.765
0.0,0.0,10.0,0.0;0.0,10.0,10.0,10.0::-2462.615,355.91590196983344
-2462.615
0.0,10.0,10.0,10.0;0.0,0.0,10.0,0.0::-2623.195,565.5344547196042
-2623.195
0.0,0.0,10.0,0.0;10.0,0.0,0.0,0.0::-1567.56,272.0818744422348
-1567.56
10.0,0.0,0.0,0.0;0.0,0.0,10.0,0.0::-1904.94,210.90072640937012
-1904.94
0.0,0.0,10.0,0.0;10.0,0.0,0.0,10.0::-1375.48,78.4675385111576
-1375.48
10.0,0.0,0.0,10.0;0.0,0.0,10.0,0.0::-1780.04,80.5892263270966
-1780.04
0.0,0.0,10.0,0.0;10.0,0.0,10.0,0.0::-2845.525,99.95662496803301
-2845.525
10.0,0.0,10.0,0.0;0.0,0.0,10.0,0.0::-2753.525,140.63145762950762
-2753.525
0.0,0.0,10.0,0.0;10.0,0.0,10.0,10.0::-2654.59,341.4399242912287
-2654.59
10.0,0.0,10.0,10.0;0.0,0.0,10.0,0.0::-2672.39,215.30624212966984
-2672.39
0.0,0.0,10.0,0.0;10.0,10.0,0.0,0.0::-1382.225,244.74518764421086
-1382.225
10.0,10.0,0.0,0.0;0.0,0.0,10.0,0.0::-1969.285,402.8820004356114
-1969.285
0.0,0.0,10.0,0.0;10.0,10.0,0.0,10.0::-1212.355,98.21131032116413
-1212.355
10.0,10.0,0.0,10.0;0.0,0.0,10.0,0.0::-1896.935,283.2887807079553
-1896.935
0.0,0.0,10.0,0.0;10.0,10.0,10.0,0.0::-2694.675,124.42438215639251
-2694.675
10.0,10.0,10.0,0.0;0.0,0.0,10.0,0.0::-2753.775,467.26972069137975
-2753.775
0.0,0.0,10.0,0.0;10.0,10.0,10.0,10.0::-2483.475,378.401911827887
-2483.475
10.0,10.0,10.0,10.0;0.0,0.0,10.0,0.0::-2684.595,413.7179576414347
-2684.595
