0.0,0.0,10.0,10.0;0.0,0.0,10.0,10.0::-2488.735,380.33055001537804
-2488.735
0.0,0.0,10.0,10.0;0.0,0.0,10.0,10.0::-2465.135,395.2627724375266
-2465.135
0.0,0.0,10.0,10.0;0.0,10.0,0.0,0.0::-1514.265,333.50177252152645
-1514.265
0.0,10.0,0.0,0.0;0.0,0.0,10.0,10.0::-1873.245,342.3587189995313
-1873.245
0.0,0.0,10.0,10.0;0.0,10.0,0.0,10.0::-1280.685,158.8104948515683
-1280.685
0.0,10.0,0.0,10.0;0.0,0.0,10.0,10.0::-1735.785,326.26764515501685
-1735.785
0.0,0.0,10.0,10.0;0.0,10.0,10.0,0.0::-2723.63,183.30580487262262
-2723.63
0.0,10.0,10.0,0.0;0.0,0.0,10.0,10.0::-2733.01,310.34795778287315
-2733.01
0.0,0.0,10.0,10.0;0.0,10.0,10.0,10.0::-2520.84,353.83108879803086
-2520.84
0.0,10.0,10.0,10.0;0.0,0.0,10.0,10.0::-2682.66,360.6533091488278
-2682.66
0.0,0.0,10.0,10.0;10.0,0.0,0.0,0.0::-1532.365,343.6093992820917
-1532.365
10.0,0.0,0.0,0.0;0.0,0.0,10.0,10.0::-1748.405,437.3283302908697
-1748.405
0.0,0.0,10.0,10.0;10.0,0.0,0.0,10.0::-1284.885,204.2604447145849
-1284.885
10.0,0.0,0.0,10.0;0.0,0.0,10.0,10.0::-1537.425,389.58172682378205
-1537.425
0.0,0.0,10.0,10.0;10.0,0.0,10.0,0.0::-2750.51,221.35036683954243
-2750.51
10.0,0.0,10.0,0.0;0.0,0.0,10.0,10.0::-2531.23,394.9679633843737
-2531.23
0.0,0.0,10.0,10.0;10.0,0.0,10.0,10.0::-2607.67,347.50925325809675
-2607.67
10.0,0.0,10.0,10.0;0.0,0.0,10.0,10.0::-2447.33,413.59896167664635
-2447.33
0.0,0.0,10.0,10.0;10.0,10.0,0.0,0.0::-1352.58,282.6458713655658
-1352.58
10.0,10.0,0.0,0.0;0.0,0.0,10.0,10.0::-1902.66,448.3040590938253
-1902.66
0.0,0.0,10.0,10.0;10.0,10.0,0.0,10.0::-1165.93,201.67111865609314
-1165.93
10.0,10.0,0.0,10.0;0.0,0.0,10.0,10.0::-1565.81,498.83216506155657
-1565.81
0.0,0.0,10.0,10.0;10.0,10.0,10.0,0.0::-2605.15,175.47873802828644
-2605.15
10.0,10.0,10.0,0.0;0.0,0.0,10.0,10.0::-2701.49,469.1853044373833
-2701.49
0.0,0.0,10.0,10.0;10.0,10.0,10.0,10.0::-2395.08,390.4813934107488
-2395.08
10.0,10.0,10.0,10.0;0.0,0.0,10.0,10.0::-2513.1,554.3264516510104
-2513.1
