0.0,10.0,0.0,0.0;0.0,10.0,0.0,0.0::-705.86,315.1261182447434
-705.86
0.0,10.0,0.0,0.0;0.0,10.0,0.0,0.0::-693.52,319.9622784016891
-693.52
0.0,10.0,0.0,0.0;0.0,10.0,0.0,10.0::-612.35,340.3466431448973
-612.35
0.0,10.0,0.0,10.0;0.0,10.0,0.0,0.0::-554.35,306.2923399303352
-554.35
0.0,10.0,0.0,0.0;0.0,10.0,10.0,0.0::-1948.095,625.777806793274
-1948.095
0.0,10.0,10.0,0.0;0.0,10.0,0.0,0.0::-1360.335,229.20724306836377
-1360.335
0.0,10.0,0.0,0.0;0.0,10.0,10.0,10.0::-1963.17,393.35241336491123
-1963.17
0.0,10.0,10.0,10.0;0.0,10.0,0.0,0.0::-1415.91,289.8790125207412
-1415.91
0.0,10.0,0.0,0.0;10.0,0.0,0.0,0.0::-1018.885,195.4155425625096
-1018.885
10.0,0.0,0.0,0.0;0.0,10.0,0.0,0.0::-1427.405,316.62918923403134
-1427.405
0.0,10.0,0.0,0.0;10.0,0.0,0.0,10.0::-981.44,250.70681362898776
-981.44
10.0,0.0,0.0,10.0;0.0,10.0,0.0,0.0::-1367.92,324.05640496678967
-1367.92
0.0,10.0,0.0,0.0;10.0,0.0,10.0,0.0::-2347.575,492.313392947013
-2347.575
10.0,0.0,10.0,0.0;0.0,10.0,0.0,0.0::-2092.395,152.1739842252939
-2092.395
0.0,10.0,0.0,0.0;10.0,0.0,10.0,10.0::-2320.35,310.83174307010535
-2320.35
10.0,0.0,10.0,10.0;0.0,10.0,0.0,0.0::-2115.09,221.13305248198424
-2115.09
0.0,10.0,0.0,0.0;10.0,10.0,0.0,0.0::-1048.125,207.82108140176732
-1048.125
10.0,10.0,0.0,0.0;0.0,10.0,0.0,0.0::-1454.565,271.30524925810045
-1454.565
0.0,10.0,0.0,0.0;10.0,10.0,0.0,10.0::-967.54,264.3223286065708
-967.54
10.0,10.0,0.0,10.0;0.0,10.0,0.0,0.0::-1298.36,337.46332452579196
-1298.36
0.0,10.0,0.0,0.0;10.0,10.0,10.0,0.0::-2306.36,528.6061108235508
-2306.36
10.0,10.0,10.0,0.0;0.0,10.0,0.0,0.0::-2085.52,163.05857720463524
-2085.52
0.0,10.0,0.0,0.0;10.0,10.0,10.0,10.0::-2370.895,303.4487625201329
-2370.895
10.0,10.0,10.0,10.0;0.0,10.0,0.0,0.0::-2117.495,216.1643760544276
-2117.495
