0.0,10.0,0.0,10.0;0.0,10.0,0.0,10.0::-541.47,401.2757955571206
-541.47
0.0,10.0,0.0,10.0;0.0,10.0,0.0,10.0::-530.79,385.6164167926464
-530.79
0.0,10.0,0.0,10.0;0.0,10.0,10.0,0.0::-1861.005,513.4780350462909
-1861.005
0.0,10.0,10.0,0.0;0.0,10.0,0.0,10.0::-1261.545,193.80127831105764
-1261.545
0.0,10.0,0.0,10.0;0.0,10.0,10.0,10.0::-1857.925,418.0049663281525
-1857.925
0.0,10.0,10.0,10.0;0.0,10.0,0.0,10.0::-1342.025,245.32341281459446
-1342.025
0.0,10.0,0.0,10.0;10.0,0.0,0.0,0.0::-1149.845,202.2021970083412
-1149.845
10.0,0.0,0.0,0.0;0.0,10.0,0.0,10.0::-1111.345,246.87272728067794
-1111.345
0.0,10.0,0.0,10.0;10.0,0.0,0.0,10.0::-1001.725,179.44354787787714
-1001.725
10.0,0.0,0.0,10.0;0.0,10.0,0.0,10.0::-926.645,207.88565721328632
-926.645
0.0,10.0,0.0,10.0;10.0,0.0,10.0,0.0::-2308.455,596.8873976513494
-2308.455
10.0,0.0,10.0,0.0;0.0,10.0,0.0,10.0::-1735.575,81.87741981156952
-1735.575
0.0,10.0,0.0,10.0;10.0,0.0,10.0,10.0::-2367.595,317.45025354376384
-2367.595
10.0,0.0,10.0,10.0;0.0,10.0,0.0,10.0::-1822.175,149.84304079602762
-1822.175
0.0,10.0,0.0,10.0;10.0,10.0,0.0,0.0::-1122.495,216.3305514138029
-1122.495
10.0,10.0,0.0,0.0;0.0,10.0,0.0,10.0::-1116.015,267.79341342721636
-1116.015
0.0,10.0,0.0,10.0;10.0,10.0,0.0,10.0::-1020.605,222.00883197521665
-1020.605
10.0,10.0,0.0,10.0;0.0,10.0,0.0,10.0::-945.265,257.9966032237634
-945.265
0.0,10.0,0.0,10.0;10.0,10.0,10.0,0.0::-2318.86,596.6504004859128
-2318.86
10.0,10.0,10.0,0.0;0.0,10.0,0.0,10.0::-1740.02,77.6219015484676
-1740.02
0.0,10.0,0.0,10.0;10.0,10.0,10.0,10.0::-2356.59,314.2914044322561
-2356.59
10.0,10.0,10.0,10.0;0.0,10.0,0.0,10.0::-1819.53,172.0620065557763
-1819.53
