0.0,10.0,10.0,0.0;0.0,10.0,10.0,0.0::-2550.615,560.9914119440689
-2550.615
0.0,10.0,10.0,0.0;0.0,10.0,10.0,0.0::-2617.935,521.256729716749
-2617.935
0.0,10.0,10.0,0.0;0.0,10.0,10.0,10.0::-2633.72,297.4059373987009
-2633.72
0.0,10.0,10.0,10.0;0.0,10.0,10.0,0.0::-2722.72,505.8206120750716
-2722.72
0.0,10.0,10.0,0.0;10.0,0.0,0.0,0.0::-1544.285,227.21756374673149
-1544.285
10.0,0.0,0.0,0.0;0.0,10.0,10.0,0.0::-1993.885,258.4099635753235
-1993.885
0.0,10.0,10.0,0.0;10.0,0.0,0.0,10.0::-1450.17,242.6233626425947
-1450.17
10.0,0.0,0.0,10.0;0.0,10.0,10.0,0.0::-1859.97,287.886269384283
-1859.97
0.0,10.0,10.0,0.0;10.0,0.0,10.0,0.0::-2730.535,584.833729597567
-2730.535
10.0,0.0,10.0,0.0;0.0,10.0,10.0,0.0::-2636.435,103.50888017460146
-2636.435
0.0,10.0,10.0,0.0;10.0,0.0,10.0,10.0::-2862.345,290.76142019704054
-2862.345
10.0,0.0,10.0,10.0;0.0,10.0,10.0,0.0::-2692.785,158.3670618373656
-2692.785
0.0,10.0,10.0,0.0;10.0,10.0,0.0,0.0::-1362.065,221.22688189955576
-1362.065
10.0,10.0,0.0,0.0;0.0,10.0,10.0,0.0::-2122.165,330.78550493484437
-2122.165
0.0,10.0,10.0,0.0;10.0,10.0,0.0,10.0::-1271.925,209.729639953441
-1271.925
10.0,10.0,0.0,10.0;0.0,10.0,10.0,0.0::-1901.505,419.5613929748541
-1901.505
0.0,10.0,10.0,0.0;10.0,10.0,10.0,0.0::-2680.855,475.7297199828911
-2680.855
10.0,10.0,10.0,0.0;0.0,10.0,10.0,0.0::-2689.535,389.1856128828505
-2689.535
0.0,10.0,10.0,0.0;10.0,10.0,10.0,10.0::-2662.78,327.909052330063
-2662.78
10.0,10.0,10.0,10.0;0.0,10.0,10.0,0.0::-2823.38,290.5338372720121
-2823.38
