0.0,10.0,10.0,10.0;0.0,10.0,10.0,10.0::-2684.73,339.757078071966
-2684.73
0.0,10.0,10.0,10.0;0.0,10.0,10.0,10.0::-2676.87,334.07287842625
-2676.87
0.0,10.0,10.0,10.0;10.0,0.0,0.0,0.0::-1434.72,313.7212243377868
-1434.72
10.0,0.0,0.0,0.0;0.0,10.0,10.0,10.0::-1736.1,464.10780536422794
-1736.1
0.0,10.0,10.0,10.0;10.0,0.0,0.0,10.0::-1314.845,305.28880338951177
-1314.845
10.0,0.0,0.0,10.0;0.0,10.0,10.0,10.0::-1544.305,489.64843967381336
-1544.305
0.0,10.0,10.0,10.0;10.0,0.0,10.0,0.0::-2598.94,632.3848167057776
-2598.94
10.0,0.0,10.0,0.0;0.0,10.0,10.0,10.0::-2364.86,418.36835492183195
-2364.86
0.0,10.0,10.0,10.0;10.0,0.0,10.0,10.0::-2773.195,360.28304772081634
-2773.195
10.0,0.0,10.0,10.0;0.0,10.0,10.0,10.0::-2469.815,404.51549818888276
-2469.815
0.0,10.0,10.0,10.0;10.0,10.0,0.0,0.0::-1279.77,257.3033173124668
-1279.77
10.0,10.0,0.0,0.0;0.0,10.0,10.0,10.0::-1836.15,569.8824856933227
-1836.15
0.0,10.0,10.0,10.0;10.0,10.0,0.0,10.0::-1173.915,214.0056898192195
-1173.915
10.0,10.0,0.0,10.0;0.0,10.0,10.0,10.0::-1703.055,527.069624883658
-1703.055
0.0,10.0,10.0,10.0;10.0,10.0,10.0,0.0::-2460.505,626.010568980269
-2460.505
10.0,10.0,10.0,0.0;0.0,10.0,10.0,10.0::-2597.345,465.4300145832883
-2597.345
0.0,10.0,10.0,10.0;10.0,10.0,10.0,10.0::-2633.765,319.8301303426555
-2633.765
10.0,10.0,10.0,10.0;0.0,10.0,10.0,10.0::-2554.285,522.0624160720631
-2554.285
