10.0,0.0,0.0,0.0;10.0,0.0,0.0,0.0::-1787.43,168.89637385095043
-1787.43
10.0,0.0,0.0,0.0;10.0,0.0,0.0,0.0::-1801.89,159.4862310671363
-1801.89
10.0,0.0,0.0,0.0;10.0,0.0,0.0,10.0::-1419.055,55.68567567157645
-1419.055
10.0,0.0,0.0,10.0;10.0,0.0,0.0,0.0::-1830.215,157.66293564119627
-1830.215
10.0,0.0,0.0,0.0;10.0,0.0,10.0,0.0::-2327.62,113.52189480448256
-2327.62
10.0,0.0,10.0,0.0;10.0,0.0,0.0,0.0::-2261.72,165.83373179181612
-2261.72
10.0,0.0,0.0,0.0;10.0,0.0,10.0,10.0::-2048.785,401.79771188372894
-2048.785
10.0,0.0,10.0,10.0;10.0,0.0,0.0,0.0::-2181.725,252.32562667117259
-2181.725
10.0,0.0,0.0,0.0;10.0,10.0,0.0,0.0::-1796.9,163.52342339860675
-1796.9
10.0,10.0,0.0,0.0;10.0,0.0,0.0,0.0::-1786.9,150.7983090090867
-1786.9
10.0,0.0,0.0,0.0;10.0,10.0,0.0,10.0::-1431.65,63.039610563517904
-1431.65
10.0,10.0,0.0,10.0;10.0,0.0,0.0,0.0::-1829.17,167.54022233481726
-1829.17
10.0,0.0,0.0,0.0;10.0,10.0,10.0,0.0::-2318.46,150.10059426930997
-2318.46
10.0,10.0,10.0,0.0;10.0,0.0,0.0,0.0::-2283.6,168.98656751351572
-2283.6
10.0,0.0,0.0,0.0;10.0,10.0,10.0,10.0::-2112.88,387.71511525861354
-2112.88
10.0,10.0,10.0,10.0;10.0,0.0,0.0,0.0::-2181.62,287.92509546755383
-2181.62
