10.0,0.0,0.0,10.0;10.0,0.0,0.0,10.0::-1494.985,18.823848570364135
-1494.985
10.0,0.0,0.0,10.0;10.0,0.0,0.0,10.0::-1491.005,16.174593503392906
-1491.005
10.0,0.0,0.0,10.0;10.0,0.0,10.0,0.0::-2376.415,124.43906249646852
-2376.415
10.0,0.0,10.0,0.0;10.0,0.0,0.0,10.0::-1928.795,70.96520608720868
-1928.795
10.0,0.0,0.0,10.0;10.0,0.0,10.0,10.0::-2200.215,364.4192109027734
-2200.215
10.0,0.0,10.0,10.0;10.0,0.0,0.0,10.0::-1848.255,192.128088719479
-1848.255
10.0,0.0,0.0,10.0;10.0,10.0,0.0,0.0::-1850.15,153.29441444488444
-1850.15
10.0,10.0,0.0,0.0;10.0,0.0,0.0,10.0::-1422.67,51.111359794081004
-1422.67
10.0,0.0,0.0,10.0;10.0,10.0,0.0,10.0::-1492.655,16.645524173182412
-1492.655
10.0,10.0,0.0,10.0;10.0,0.0,0.0,10.0::-1494.055,19.01156161392325
-1494.055
10.0,0.0,0.0,10.0;10.0,10.0,10.0,0.0::-2377.835,133.9654256702079
-2377.835
10.0,10.0,10.0,0.0;10.0,0.0,0.0,10.0::-1914.295,83.64780615772298
-1914.295
10.0,0.0,0.0,10.0;10.0,10.0,10.0,10.0::-2127.15,398.0863505572629
-2127.15
10.0,10.0,10.0,10.0;10.0,0.0,0.0,10.0::-1815.51,217.0569162685216
-1815.51
