0.0,0.0,0.0,0.0;0.0,0.0,0.0,0.0::-752.16,316.8075352639203
-752.16
0.0,0.0,0.0,0.0;0.0,0.0,0.0,0.0::-745.56,308.7852431707189
-745.56
0.0,0.0,0.0,0.0;0.0,0.0,0.0,10.0::-507.555,187.30976876553981
-507.555
0.0,0.0,0.0,10.0;0.0,0.0,0.0,0.0::-584.235,268.6961337179975
-584.235
0.0,0.0,0.0,0.0;0.0,0.0,10.0,0.0::-1946.485,213.4766316836576
-1946.485
0.0,0.0,10.0,0.0;0.0,0.0,0.0,0.0::-1542.005,248.37992566831963
-1542.005
0.0,0.0,0.0,0.0;0.0,0.0,10.0,10.0::-1763.12,373.7742374749763
-1763.12
0.0,0.0,10.0,10.0;0.0,0.0,0.0,0.0::-1441.72,300.95454241463113
-1441.72
0.0,0.0,0.0,0.0;0.0,10.0,0.0,0.0::-775.28,312.5144822244243
-775.28
0.0,10.0,0.0,0.0;0.0,0.0,0.0,0.0::-655.78,264.217016106079
-655.78
0.0,0.0,0.0,0.0;0.0,10.0,0.0,10.0::-545.365,243.0596105382382
-545.365
0.0,10.0,0.0,10.0;0.0,0.0,0.0,0.0::-500.825,189.73406883056086
-500.825
0.0,0.0,0.0,0.0;0.0,10.0,10.0,0.0::-2028.615,264.65309232087196
-2028.615
0.0,10.0,10.0,0.0;0.0,0.0,0.0,0.0::-1497.015,207.61981426395698
-1497.015
0.0,0.0,0.0,0.0;0.0,10.0,10.0,10.0::-1829.62,432.65190465315186
-1829.62
0.0,10.0,10.0,10.0;0.0,0.0,0.0,0.0::-1406.72,289.8236646652581
-1406.72
0.0,0.0,0.0,0.0;10.0,0.0,0.0,0.0::-1127.035,269.3370774234398
-1127.035
10.0,0.0,0.0,0.0;0.0,0.0,0.0,0.0::-1418.735,235.39582042806106
-1418.735
0.0,0.0,0.0,0.0;10.0,0.0,0.0,10.0::-890.485,96.8298108797079
-890.485
10.0,0.0,0.0,10.0;0.0,0.0,0.0,0.0::-1202.885,180.28345535572583
-1202.885
0.0,0.0,0.0,0.0;10.0,0.0,10.0,0.0::-2349.0,72.34421193157058
-2349.0
10.0,0.0,10.0,0.0;0.0,0.0,0.0,0.0::-2231.58,165.82957697588208
-2231.58
0.0,0.0,0.0,0.0;10.0,0.0,10.0,10.0::-2113.415,360.76430709675253
-2113.415
10.0,0.0,10.0,10.0;0.0,0.0,0.0,0.0::-2102.275,262.4770311379645
-2102.275
0.0,0.0,0.0,0.0;10.0,10.0,0.0,0.0::-1024.33,210.58873687830507
-1024.33
10.0,10.0,0.0,0.0;0.0,0.0,0.0,0.0::-1314.59,212.1384851930455
-1314.59
0.0,0.0,0.0,0.0;10.0,10.0,0.0,10.0::-888.78,62.103676219689284
-888.78
10.0,10.0,0.0,10.0;0.0,0.0,0.0,0.0::-1218.12,165.3764813992606
-1218.12
0.0,0.0,0.0,0.0;10.0,10.0,10.0,0.0::-2342.61,97.71769491755317
-2342.61
10.0,10.0,10.0,0.0;0.0,0.0,0.0,0.0::-2185.83,189.28700721391317
-2185.83
0.0,0.0,0.0,0.0;10.0,10.0,10.0,10.0::-2155.75,344.13768683479003
-2155.75
10.0,10.0,10.0,10.0;0.0,0.0,0.0,0.0::-2104.37,279.53578143057103
-2104.37
0.0,0.0,0.0,10.0;0.0,0.0,0.0,10.0::-343.11,25.454329690643988
-343.11
0.0,0.0,0.0,10.0;0.0,0.0,0.0,10.0::-345.27,23.667743872198717
-345.27
0.0,0.0,0.0,10.0;0.0,0.0,10.0,0.0::-1776.99,92.21100747741565
-1776.99
0.0,0.0,10.0,0.0;0.0,0.0,0.0,10.0::-1324.71,81.58054853946497
-1324.71
0.0,0.0,0.0,10.0;0.0,0.0,10.0,10.0::-1581.885,343.68556017819543
-1581.885
0.0,0.0,10.0,10.0;0.0,0.0,0.0,10.0::-1234.485,205.3578395752157
-1234.485
0.0,0.0,0.0,10.0;0.0,10.0,0.0,0.0::-661.085,428.6435760337486
-661.085
0.0,10.0,0.0,0.0;0.0,0.0,0.0,10.0::-576.325,343.39864134122604
-576.325
0.0,0.0,0.0,10.0;0.0,10.0,0.0,10.0::-431.645,257.99363650098036
-431.645
0.0,10.0,0.0,10.0;0.0,0.0,0.0,10.0::-417.865,225.00832045726662
-417.865
0.0,0.0,0.0,10.0;0.0,10.0,10.0,0.0::-1856.295,253.0698233195732
-1856.295
0.0,10.0,10.0,0.0;0.0,0.0,0.0,10.0::-1393.275,218.9002898010873
-1393.275
0.0,0.0,0.0,10.0;0.0,10.0,10.0,10.0::-1648.81,409.6472432471626
-1648.81
0.0,10.0,10.0,10.0;0.0,0.0,0.0,10.0::-1281.47,270.6241288207687
-1281.47
0.0,0.0,0.0,10.0;10.0,0.0,0.0,0.0::-1137.545,226.99927417284832
-1137.545
10.0,0.0,0.0,0.0;0.0,0.0,0.0,10.0::-996.445,159.49607981075897
-996.445
0.0,0.0,0.0,10.0;10.0,0.0,0.0,10.0::-963.65,21.94612722099278
-963.65
10.0,0.0,0.0,10.0;0.0,0.0,0.0,10.0::-876.07,19.7000025380709
-876.07
0.0,0.0,0.0,10.0;10.0,0.0,10.0,0.0::-2419.235,70.51256820595887
-2419.235
10.0,0.0,10.0,0.0;0.0,0.0,0.0,10.0::-1875.955,54.947661233213566
-1875.955
0.0,0.0,0.0,10.0;10.0,0.0,10.0,10.0::-2226.815,343.84142169756103
-2226.815
10.0,0.0,10.0,10.0;0.0,0.0,0.0,10.0::-1774.075,196.83506261588653
-1774.075
0.0,0.0,0.0,10.0;10.0,10.0,0.0,0.0::-1192.19,262.85001217424355
-1192.19
10.0,10.0,0.0,0.0;0.0,0.0,0.0,10.0::-1044.49,203.58424521558632
-1044.49
0.0,0.0,0.0,10.0;10.0,10.0,0.0,10.0::-960.375,24.186295189631668
-960.375
10.0,10.0,0.0,10.0;0.0,0.0,0.0,10.0::-878.415,21.903088252572967
-878.415
0.0,0.0,0.0,10.0;10.0,10.0,10.0,0.0::-2426.14,58.07891527912689
-2426.14
10.0,10.0,10.0,0.0;0.0,0.0,0.0,10.0::-1882.34,48.63994654602326
-1882.34
0.0,0.0,0.0,10.0;10.0,10.0,10.0,10.0::-2238.455,333.562018933511
-2238.455
10.0,10.0,10.0,10.0;0.0,0.0,0.0,10.0::-1780.735,196.47632751810073
-1780.735
0.0,0.0,10.0,0.0;0.0,0.0,10.0,0.0::-2800.855,71.29492601160338
-2800.855
0.0,0.0,10.0,0.0;0.0,0.0,10.0,0.0::-2796.335,69.94530202236602
-2796.335
0.0,0.0,10.0,0.0;0.0,0.0,10.0,10.0::-2592.45,353.4411513958159
-2592.45
0.0,0.0,10.0,10.0;0.0,0.0,10.0,0.0::-2688.03,203.57118926802974
-2688.03
0.0,0.0,10.0,0.0;0.0,10.0,0.0,0.0::-1376.295,257.7645737392941
-1376.295
0.0,10.0,0.0,0.0;0.0,0.0,10.0,0.0::-1920.255,485.0392329234824
-1920.255
0.0,0.0,10.0,0.0;0.0,10.0,0.0,10.0::-1202.14,89.42927596710152
-1202.14
0.0,10.0,0.0,10.0;0.0,0.0,10.0,0.0::-1839.74,417.04046254530266
-1839.74
0.0,0.0,10.0,0.0;0.0,10.0,10.0,0.0::-2657.885,91.2577354255517
-2657.885
0.0,10.0,10.0,0.0;0.0,0.0,10.0,0.0::-2647.765,589.768202156576
-2647.765
0.0,0.0,10.0,0.0;0.0,10.0,10.0,10.0::-2462.615,355.91590196983344
-2462.615
0.0,10.0,10.0,10.0;0.0,0.0,10.0,0.0::-2623.195,565.5344547196042
-2623.195
0.0,0.0,10.0,0.0;10.0,0.0,0.0,0.0::-1567.56,272.0818744422348
-1567.56
10.0,0.0,0.0,0.0;0.0,0.0,10.0,0.0::-1904.94,210.90072640937012
-1904.94
0.0,0.0,10.0,0.0;10.0,0.0,0.0,10.0::-1375.48,78.4675385111576
-1375.48
10.0,0.0,0.0,10.0;0.0,0.0,10.0,0.0::-1780.04,80.5892263270966
-1780.04
0.0,0.0,10.0,0.0;10.0,0.0,10.0,0.0::-2845.525,99.95662496803301
-2845.525
10.0,0.0,10.0,0.0;0.0,0.0,10.0,0.0::-2753.525,140.63145762950762
-2753.525
0.0,0.0,10.0,0.0;10.0,0.0,10.0,10.0::-2654.59,341.4399242912287
-2654.59
10.0,0.0,10.0,10.0;0.0,0.0,10.0,0.0::-2672.39,215.30624212966984
-2672.39
0.0,0.0,10.0,0.0;10.0,10.0,0.0,0.0::-1382.225,244.74518764421086
-1382.225
10.0,10.0,0.0,0.0;0.0,0.0,10.0,0.0::-1969.285,402.8820004356114
-1969.285
0.0,0.0,10.0,0.0;10.0,10.0,0.0,10.0::-1212.355,98.21131032116413
-1212.355
10.0,10.0,0.0,10.0;0.0,0.0,10.0,0.0::-1896.935,283.2887807079553
-1896.935
0.0,0.0,10.0,0.0;10.0,10.0,10.0,0.0::-2694.675,124.42438215639251
-2694.675
10.0,10.0,10.0,0.0;0.0,0.0,10.0,0.0::-2753.775,467.26972069137975
-2753.775
0.0,0.0,10.0,0.0;10.0,10.0,10.0,10.0::-2483.475,378.401911827887
-2483.475
10.0,10.0,10.0,10.0;0.0,0.0,10.0,0.0::-2684.595,413.7179576414347
-2684.595
0.0,0.0,10.0,10.0;0.0,0.0,10.0,10.0::-2488.735,380.33055001537804
-2488.735
0.0,0.0,10.0,10.0;0.0,0.0,10.0,10.0::-2465.135,395.2627724375266
-2465.135
0.0,0.0,10.0,10.0;0.0,10.0,0.0,0.0::-1514.265,333.50177252152645
-1514.265
0.0,10.0,0.0,0.0;0.0,0.0,10.0,10.0::-1873.245,342.3587189995313
-1873.245
0.0,0.0,10.0,10.0;0.0,10.0,0.0,10.0::-1280.685,158.8104948515683
-1280.685
0.0,10.0,0.0,10.0;0.0,0.0,10.0,10.0::-1735.785,326.26764515501685
-1735.785
0.0,0.0,10.0,10.0;0.0,10.0,10.0,0.0::-2723.63,183.30580487262262
-2723.63
0.0,10.0,10.0,0.0;0.0,0.0,10.0,10.0::-2733.01,310.34795778287315
-2733.01
0.0,0.0,10.0,10.0;0.0,10.0,10.0,10.0::-2520.84,353.83108879803086
-2520.84
0.0,10.0,10.0,10.0;0.0,0.0,10.0,10.0::-2682.66,360.6533091488278
-2682.66
0.0,0.0,10.0,10.0;10.0,0.0,0.0,0.0::-1532.365,343.6093992820917
-1532.365
10.0,0.0,0.0,0.0;0.0,0.0,10.0,10.0::-1748.405,437.3283302908697
-1748.405
0.0,0.0,10.0,10.0;10.0,0.0,0.0,10.0::-1284.885,204.2604447145849
-1284.885
10.0,0.0,0.0,10.0;0.0,0.0,10.0,10.0::-1537.425,389.58172682378205
-1537.425
0.0,0.0,10.0,10.0;10.0,0.0,10.0,0.0::-2750.51,221.35036683954243
-2750.51
10.0,0.0,10.0,0.0;0.0,0.0,10.0,10.0::-2531.23,394.9679633843737
-2531.23
0.0,0.0,10.0,10.0;10.0,0.0,10.0,10.0::-2607.67,347.50925325809675
-2607.67
10.0,0.0,10.0,10.0;0.0,0.0,10.0,10.0::-2447.33,413.59896167664635
-2447.33
0.0,0.0,10.0,10.0;10.0,10.0,0.0,0.0::-1352.58,282.6458713655658
-1352.58
10.0,10.0,0.0,0.0;0.0,0.0,10.0,10.0::-1902.66,448.3040590938253
-1902.66
0.0,0.0,10.0,10.0;10.0,10.0,0.0,10.0::-1165.93,201.67111865609314
-1165.93
10.0,10.0,0.0,10.0;0.0,0.0,10.0,10.0::-1565.81,498.83216506155657
-1565.81
0.0,0.0,10.0,10.0;10.0,10.0,10.0,0.0::-2605.15,175.47873802828644
-2605.15
10.0,10.0,10.0,0.0;0.0,0.0,10.0,10.0::-2701.49,469.1853044373833
-2701.49
0.0,0.0,10.0,10.0;10.0,10.0,10.0,10.0::-2395.08,390.4813934107488
-2395.08
10.0,10.0,10.0,10.0;0.0,0.0,10.0,10.0::-2513.1,554.3264516510104
-2513.1
0.0,10.0,0.0,0.0;0.0,10.0,0.0,0.0::-705.86,315.1261182447434
-705.86
0.0,10.0,0.0,0.0;0.0,10.0,0.0,0.0::-693.52,319.9622784016891
-693.52
0.0,10.0,0.0,0.0;0.0,10.0,0.0,10.0::-612.35,340.3466431448973
-612.35
0.0,10.0,0.0,10.0;0.0,10.0,0.0,0.0::-554.35,306.2923399303352
-554.35
0.0,10.0,0.0,0.0;0.0,10.0,10.0,0.0::-1948.095,625.777806793274
-1948.095
0.0,10.0,10.0,0.0;0.0,10.0,0.0,0.0::-1360.335,229.20724306836377
-1360.335
0.0,10.0,0.0,0.0;0.0,10.0,10.0,10.0::-1963.17,393.35241336491123
-1963.17
0.0,10.0,10.0,10.0;0.0,10.0,0.0,0.0::-1415.91,289.8790125207412
-1415.91
0.0,10.0,0.0,0.0;10.0,0.0,0.0,0.0::-1018.885,195.4155425625096
-1018.885
10.0,0.0,0.0,0.0;0.0,10.0,0.0,0.0::-1427.405,316.62918923403134
-1427.405
0.0,10.0,0.0,0.0;10.0,0.0,0.0,10.0::-981.44,250.70681362898776
-981.44
10.0,0.0,0.0,10.0;0.0,10.0,0.0,0.0::-1367.92,324.05640496678967
-1367.92
0.0,10.0,0.0,0.0;10.0,0.0,10.0,0.0::-2347.575,492.313392947013
-2347.575
10.0,0.0,10.0,0.0;0.0,10.0,0.0,0.0::-2092.395,152.1739842252939
-2092.395
0.0,10.0,0.0,0.0;10.0,0.0,10.0,10.0::-2320.35,310.83174307010535
-2320.35
10.0,0.0,10.0,10.0;0.0,10.0,0.0,0.0::-2115.09,221.13305248198424
-2115.09
0.0,10.0,0.0,0.0;10.0,10.0,0.0,0.0::-1048.125,207.82108140176732
-1048.125
10.0,10.0,0.0,0.0;0.0,10.0,0.0,0.0::-1454.565,271.30524925810045
-1454.565
0.0,10.0,0.0,0.0;10.0,10.0,0.0,10.0::-967.54,264.3223286065708
-967.54
10.0,10.0,0.0,10.0;0.0,10.0,0.0,0.0::-1298.36,337.46332452579196
-1298.36
0.0,10.0,0.0,0.0;10.0,10.0,10.0,0.0::-2306.36,528.6061108235508
-2306.36
10.0,10.0,10.0,0.0;0.0,10.0,0.0,0.0::-2085.52,163.05857720463524
-2085.52
0.0,10.0,0.0,0.0;10.0,10.0,10.0,10.0::-2370.895,303.4487625201329
-2370.895
10.0,10.0,10.0,10.0;0.0,10.0,0.0,0.0::-2117.495,216.1643760544276
-2117.495
0.0,10.0,0.0,10.0;0.0,10.0,0.0,10.0::-541.47,401.2757955571206
-541.47
0.0,10.0,0.0,10.0;0.0,10.0,0.0,10.0::-530.79,385.6164167926464
-530.79
0.0,10.0,0.0,10.0;0.0,10.0,10.0,0.0::-1861.005,513.4780350462909
-1861.005
0.0,10.0,10.0,0.0;0.0,10.0,0.0,10.0::-1261.545,193.80127831105764
-1261.545
0.0,10.0,0.0,10.0;0.0,10.0,10.0,10.0::-1857.925,418.0049663281525
-1857.925
0.0,10.0,10.0,10.0;0.0,10.0,0.0,10.0::-1342.025,245.32341281459446
-1342.025
0.0,10.0,0.0,10.0;10.0,0.0,0.0,0.0::-1149.845,202.2021970083412
-1149.845
10.0,0.0,0.0,0.0;0.0,10.0,0.0,10.0::-1111.345,246.87272728067794
-1111.345
0.0,10.0,0.0,10.0;10.0,0.0,0.0,10.0::-1001.725,179.44354787787714
-1001.725
10.0,0.0,0.0,10.0;0.0,10.0,0.0,10.0::-926.645,207.88565721328632
-926.645
0.0,10.0,0.0,10.0;10.0,0.0,10.0,0.0::-2308.455,596.8873976513494
-2308.455
10.0,0.0,10.0,0.0;0.0,10.0,0.0,10.0::-1735.575,81.87741981156952
-1735.575
0.0,10.0,0.0,10.0;10.0,0.0,10.0,10.0::-2367.595,317.45025354376384
-2367.595
10.0,0.0,10.0,10.0;0.0,10.0,0.0,10.0::-1822.175,149.84304079602762
-1822.175
0.0,10.0,0.0,10.0;10.0,10.0,0.0,0.0::-1122.495,216.3305514138029
-1122.495
10.0,10.0,0.0,0.0;0.0,10.0,0.0,10.0::-1116.015,267.79341342721636
-1116.015
0.0,10.0,0.0,10.0;10.0,10.0,0.0,10.0::-1020.605,222.00883197521665
-1020.605
10.0,10.0,0.0,10.0;0.0,10.0,0.0,10.0::-945.265,257.9966032237634
-945.265
0.0,10.0,0.0,10.0;10.0,10.0,10.0,0.0::-2318.86,596.6504004859128
-2318.86
10.0,10.0,10.0,0.0;0.0,10.0,0.0,10.0::-1740.02,77.6219015484676
-1740.02
0.0,10.0,0.0,10.0;10.0,10.0,10.0,10.0::-2356.59,314.2914044322561
-2356.59
10.0,10.0,10.0,10.0;0.0,10.0,0.0,10.0::-1819.53,172.0620065557763
-1819.53
0.0,10.0,10.0,0.0;0.0,10.0,10.0,0.0::-2550.615,560.9914119440689
-2550.615
0.0,10.0,10.0,0.0;0.0,10.0,10.0,0.0::-2617.935,521.256729716749
-2617.935
0.0,10.0,10.0,0.0;0.0,10.0,10.0,10.0::-2633.72,297.4059373987009
-2633.72
0.0,10.0,10.0,10.0;0.0,10.0,10.0,0.0::-2722.72,505.8206120750716
-2722.72
0.0,10.0,10.0,0.0;10.0,0.0,0.0,0.0::-1544.285,227.21756374673149
-1544.285
10.0,0.0,0.0,0.0;0.0,10.0,10.0,0.0::-1993.885,258.4099635753235
-1993.885
0.0,10.0,10.0,0.0;10.0,0.0,0.0,10.0::-1450.17,242.6233626425947
-1450.17
10.0,0.0,0.0,10.0;0.0,10.0,10.0,0.0::-1859.97,287.886269384283
-1859.97
0.0,10.0,10.0,0.0;10.0,0.0,10.0,0.0::-2730.535,584.833729597567
-2730.535
10.0,0.0,10.0,0.0;0.0,10.0,10.0,0.0::-2636.435,103.50888017460146
-2636.435
0.0,10.0,10.0,0.0;10.0,0.0,10.0,10.0::-2862.345,290.76142019704054
-2862.345
10.0,0.0,10.0,10.0;0.0,10.0,10.0,0.0::-2692.785,158.3670618373656
-2692.785
0.0,10.0,10.0,0.0;10.0,10.0,0.0,0.0::-1362.065,221.22688189955576
-1362.065
10.0,10.0,0.0,0.0;0.0,10.0,10.0,0.0::-2122.165,330.78550493484437
-2122.165
0.0,10.0,10.0,0.0;10.0,10.0,0.0,10.0::-1271.925,209.729639953441
-1271.925
10.0,10.0,0.0,10.0;0.0,10.0,10.0,0.0::-1901.505,419.5613929748541
-1901.505
0.0,10.0,10.0,0.0;10.0,10.0,10.0,0.0::-2680.855,475.7297199828911
-2680.855
10.0,10.0,10.0,0.0;0.0,10.0,10.0,0.0::-2689.535,389.1856128828505
-2689.535
0.0,10.0,10.0,0.0;10.0,10.0,10.0,10.0::-2662.78,327.909052330063
-2662.78
10.0,10.0,10.0,10.0;0.0,10.0,10.0,0.0::-2823.38,290.5338372720121
-2823.38
0.0,10.0,10.0,10.0;0.0,10.0,10.0,10.0::-2684.73,339.757078071966
-2684.73
0.0,10.0,10.0,10.0;0.0,10.0,10.0,10.0::-2676.87,334.07287842625
-2676.87
0.0,10.0,10.0,10.0;10.0,0.0,0.0,0.0::-1434.72,313.7212243377868
-1434.72
10.0,0.0,0.0,0.0;0.0,10.0,10.0,10.0::-1736.1,464.10780536422794
-1736.1
0.0,10.0,10.0,10.0;10.0,0.0,0.0,10.0::-1314.845,305.28880338951177
-1314.845
10.0,0.0,0.0,10.0;0.0,10.0,10.0,10.0::-1544.305,489.64843967381336
-1544.305
0.0,10.0,10.0,10.0;10.0,0.0,10.0,0.0::-2598.94,632.3848167057776
-2598.94
10.0,0.0,10.0,0.0;0.0,10.0,10.0,10.0::-2364.86,418.36835492183195
-2364.86
0.0,10.0,10.0,10.0;10.0,0.0,10.0,10.0::-2773.195,360.28304772081634
-2773.195
10.0,0.0,10.0,10.0;0.0,10.0,10.0,10.0::-2469.815,404.51549818888276
-2469.815
0.0,10.0,10.0,10.0;10.0,10.0,0.0,0.0::-1279.77,257.3033173124668
-1279.77
10.0,10.0,0.0,0.0;0.0,10.0,10.0,10.0::-1836.15,569.8824856933227
-1836.15
0.0,10.0,10.0,10.0;10.0,10.0,0.0,10.0::-1173.915,214.0056898192195
-1173.915
10.0,10.0,0.0,10.0;0.0,10.0,10.0,10.0::-1703.055,527.069624883658
-1703.055
0.0,10.0,10.0,10.0;10.0,10.0,10.0,0.0::-2460.505,626.010568980269
-2460.505
10.0,10.0,10.0,0.0;0.0,10.0,10.0,10.0::-2597.345,465.4300145832883
-2597.345
0.0,10.0,10.0,10.0;10.0,10.0,10.0,10.0::-2633.765,319.8301303426555
-2633.765
10.0,10.0,10.0,10.0;0.0,10.0,10.0,10.0::-2554.285,522.0624160720631
-2554.285
10.0,0.0,0.0,0.0;10.0,0.0,0.0,0.0::-1787.43,168.89637385095043
-1787.43
10.0,0.0,0.0,0.0;10.0,0.0,0.0,0.0::-1801.89,159.4862310671363
-1801.89
10.0,0.0,0.0,0.0;10.0,0.0,0.0,10.0::-1419.055,55.68567567157645
-1419.055
10.0,0.0,0.0,10.0;10.0,0.0,0.0,0.0::-1830.215,157.66293564119627
-1830.215
10.0,0.0,0.0,0.0;10.0,0.0,10.0,0.0::-2327.62,113.52189480448256
-2327.62
10.0,0.0,10.0,0.0;10.0,0.0,0.0,0.0::-2261.72,165.83373179181612
-2261.72
10.0,0.0,0.0,0.0;10.0,0.0,10.0,10.0::-2048.785,401.79771188372894
-2048.785
10.0,0.0,10.0,10.0;10.0,0.0,0.0,0.0::-2181.725,252.32562667117259
-2181.725
10.0,0.0,0.0,0.0;10.0,10.0,0.0,0.0::-1796.9,163.52342339860675
-1796.9
10.0,10.0,0.0,0.0;10.0,0.0,0.0,0.0::-1786.9,150.7983090090867
-1786.9
10.0,0.0,0.0,0.0;10.0,10.0,0.0,10.0::-1431.65,63.039610563517904
-1431.65
10.0,10.0,0.0,10.0;10.0,0.0,0.0,0.0::-1829.17,167.54022233481726
-1829.17
10.0,0.0,0.0,0.0;10.0,10.0,10.0,0.0::-2318.46,150.10059426930997
-2318.46
10.0,10.0,10.0,0.0;10.0,0.0,0.0,0.0::-2283.6,168.98656751351572
-2283.6
10.0,0.0,0.0,0.0;10.0,10.0,10.0,10.0::-2112.88,387.71511525861354
-2112.88
10.0,10.0,10.0,10.0;10.0,0.0,0.0,0.0::-2181.62,287.92509546755383
-2181.62
10.0,0.0,0.0,10.0;10.0,0.0,0.0,10.0::-1494.985,18.823848570364135
-1494.985
10.0,0.0,0.0,10.0;10.0,0.0,0.0,10.0::-1491.005,16.174593503392906
-1491.005
10.0,0.0,0.0,10.0;10.0,0.0,10.0,0.0::-2376.415,124.43906249646852
-2376.415
10.0,0.0,10.0,0.0;10.0,0.0,0.0,10.0::-1928.795,70.96520608720868
-1928.795
10.0,0.0,0.0,10.0;10.0,0.0,10.0,10.0::-2200.215,364.4192109027734
-2200.215
10.0,0.0,10.0,10.0;10.0,0.0,0.0,10.0::-1848.255,192.128088719479
-1848.255
10.0,0.0,0.0,10.0;10.0,10.0,0.0,0.0::-1850.15,153.29441444488444
-1850.15
10.0,10.0,0.0,0.0;10.0,0.0,0.0,10.0::-1422.67,51.111359794081004
-1422.67
10.0,0.0,0.0,10.0;10.0,10.0,0.0,10.0::-1492.655,16.645524173182412
-1492.655
10.0,10.0,0.0,10.0;10.0,0.0,0.0,10.0::-1494.055,19.01156161392325
-1494.055
10.0,0.0,0.0,10.0;10.0,10.0,10.0,0.0::-2377.835,133.9654256702079
-2377.835
10.0,10.0,10.0,0.0;10.0,0.0,0.0,10.0::-1914.295,83.64780615772298
-1914.295
10.0,0.0,0.0,10.0;10.0,10.0,10.0,10.0::-2127.15,398.0863505572629
-2127.15
10.0,10.0,10.0,10.0;10.0,0.0,0.0,10.0::-1815.51,217.0569162685216
-1815.51
10.0,0.0,10.0,0.0;10.0,0.0,10.0,0.0::-2780.84,148.8741394601494
-2780.84
10.0,0.0,10.0,0.0;10.0,0.0,10.0,0.0::-2825.38,107.38375389229041
-2825.38
10.0,0.0,10.0,0.0;10.0,0.0,10.0,10.0::-2526.235,407.67645538465916
-2526.235
10.0,0.0,10.0,10.0;10.0,0.0,10.0,0.0::-2703.635,242.86999459587432
-2703.635
10.0,0.0,10.0,0.0;10.0,10.0,0.0,0.0::-2086.465,182.35696113666734
-2086.465
10.0,10.0,0.0,0.0;10.0,0.0,10.0,0.0::-2421.485,338.7011252933772
-2421.485
10.0,0.0,10.0,0.0;10.0,10.0,0.0,10.0::-1734.36,87.51788617191345
-1734.36
10.0,10.0,0.0,10.0;10.0,0.0,10.0,0.0::-2500.26,302.1049195230028
-2500.26
10.0,0.0,10.0,0.0;10.0,10.0,10.0,0.0::-2631.195,87.92539152599775
-2631.195
10.0,10.0,10.0,0.0;10.0,0.0,10.0,0.0::-2958.315,260.26740724685453
-2958.315
10.0,0.0,10.0,0.0;10.0,10.0,10.0,10.0::-2397.135,420.956546777693
-2397.135
10.0,10.0,10.0,10.0;10.0,0.0,10.0,0.0::-2757.855,404.59728307911314
-2757.855
10.0,0.0,10.0,10.0;10.0,0.0,10.0,10.0::-2503.09,440.58291149339885
-2503.09
10.0,0.0,10.0,10.0;10.0,0.0,10.0,10.0::-2484.83,477.7183282018808
-2484.83
10.0,0.0,10.0,10.0;10.0,10.0,0.0,0.0::-2028.995,213.2678186576681
-2028.995
10.0,10.0,0.0,0.0;10.0,0.0,10.0,10.0::-2221.795,493.61062637974067
-2221.795
10.0,0.0,10.0,10.0;10.0,10.0,0.0,10.0::-1661.61,137.4077978136612
-1661.61
10.0,10.0,0.0,10.0;10.0,0.0,10.0,10.0::-2253.39,510.859846631148
-2253.39
10.0,0.0,10.0,10.0;10.0,10.0,10.0,0.0::-2568.91,206.32296745636438
-2568.91
10.0,10.0,10.0,0.0;10.0,0.0,10.0,10.0::-2617.31,513.8978292423506
-2617.31
10.0,0.0,10.0,10.0;10.0,10.0,10.0,10.0::-2361.555,388.99647103155064
-2361.555
10.0,10.0,10.0,10.0;10.0,0.0,10.0,10.0::-2608.875,524.0748103801593
-2608.875
10.0,10.0,0.0,0.0;10.0,10.0,0.0,0.0::-1779.94,167.49151142669893
-1779.94
10.0,10.0,0.0,0.0;10.0,10.0,0.0,0.0::-1766.36,194.34176185267026
-1766.36
10.0,10.0,0.0,0.0;10.0,10.0,0.0,10.0::-1442.21,78.77516042509846
-1442.21
10.0,10.0,0.0,10.0;10.0,10.0,0.0,0.0::-1846.03,154.3870755600999
-1846.03
10.0,10.0,0.0,0.0;10.0,10.0,10.0,0.0::-2462.07,270.579323119857
-2462.07
10.0,10.0,10.0,0.0;10.0,10.0,0.0,0.0::-2057.73,192.3118875680856
-2057.73
10.0,10.0,0.0,0.0;10.0,10.0,10.0,10.0::-2178.675,508.4338028445789
-2178.675
10.0,10.0,10.0,10.0;10.0,10.0,0.0,0.0::-2013.015,233.33040366613173
-2013.015
10.0,10.0,0.0,10.0;10.0,10.0,0.0,10.0::-1504.155,65.64798911619457
-1504.155
10.0,10.0,0.0,10.0;10.0,10.0,0.0,10.0::-1499.835,56.59854481344905
-1499.835
10.0,10.0,0.0,10.0;10.0,10.0,10.0,0.0::-2521.415,257.5360853841652
-2521.415
10.0,10.0,10.0,0.0;10.0,10.0,0.0,10.0::-1739.635,89.32045832282769
-1739.635
10.0,10.0,0.0,10.0;10.0,10.0,10.0,10.0::-2302.005,481.2997896062287
-2302.005
10.0,10.0,10.0,10.0;10.0,10.0,0.0,10.0::-1692.885,159.40647500964323
-1692.885
10.0,10.0,10.0,0.0;10.0,10.0,10.0,0.0::-2729.305,357.0432039333615
-2729.305
10.0,10.0,10.0,0.0;10.0,10.0,10.0,0.0::-2769.605,319.0579202511669
-2769.605
10.0,10.0,10.0,0.0;10.0,10.0,10.0,10.0::-2567.135,468.30266844744745
-2567.135
10.0,10.0,10.0,10.0;10.0,10.0,10.0,0.0::-2713.735,331.34004779833043
-2713.735
10.0,10.0,10.0,10.0;10.0,10.0,10.0,10.0::-2402.445,574.6730979217665
-2402.445
10.0,10.0,10.0,10.0;10.0,10.0,10.0,10.0::-2408.685,520.6040705517005
-2408.685
