2.0,4.0;2.0,4.0::-3000.0,0.0
-3000.0
2.0,4.0;2.0,4.0::-3000.0,0.0
-3000.0
2.0,4.0;3.0,0.0::-2513.5,0.0
-2513.5
3.0,0.0;2.0,4.0::-513.5,0.0
-513.5
2.0,4.0;3.0,1.0::-763.5,0.0
-763.5
3.0,1.0;2.0,4.0::-763.5,0.0
-763.5
2.0,4.0;3.0,2.0::-763.5,0.0
-763.5
3.0,2.0;2.0,4.0::-763.5,0.0
-763.5
2.0,4.0;3.0,3.0::986.5,0.0
986.5
3.0,3.0;2.0,4.0::-1013.5,0.0
-1013.5
2.0,4.0;3.0,4.0::-2513.5,0.0
-2513.5
3.0,4.0;2.0,4.0::-513.5,0.0
-513.5
2.0,4.0;4.0,0.0::-3504.5,0.0
-3504.5
4.0,0.0;2.0,4.0::477.5,0.0
477.5
2.0,4.0;4.0,1.0::-1754.5,0.0
-1754.5
4.0,1.0;2.0,4.0::227.5,0.0
227.5
2.0,4.0;4.0,2.0::-1754.5,0.0
-1754.5
4.0,2.0;2.0,4.0::227.5,0.0
227.5
2.0,4.0;4.0,3.0::-4.5,0.0
-4.5
4.0,3.0;2.0,4.0::-22.5,0.0
-22.5
2.0,4.0;4.0,4.0::-3504.5,0.0
-3504.5
4.0,4.0;2.0,4.0::477.5,0.0
477.5
