0.0,4.0;0.0,4.0::-27.0,0.0
-27.0
0.0,4.0;0.0,4.0::-27.0,0.0
-27.0
0.0,4.0;1.0,0.0::-1513.5,0.0
-1513.5
1.0,0.0;0.0,4.0::-1513.5,0.0
-1513.5
0.0,4.0;1.0,1.0::-1513.5,0.0
-1513.5
1.0,1.0;0.0,4.0::-1513.5,0.0
-1513.5
0.0,4.0;1.0,2.0::986.5,0.0
986.5
1.0,2.0;0.0,4.0::-1013.5,0.0
-1013.5
0.0,4.0;1.0,3.0::986.5,0.0
986.5
1.0,3.0;0.0,4.0::-1013.5,0.0
-1013.5
0.0,4.0;1.0,4.0::964.0,0.0
964.0
1.0,4.0;0.0,4.0::-1018.0,0.0
-1018.0
0.0,4.0;2.0,0.0::-2000.0,0.0
-2000.0
2.0,0.0;0.0,4.0::-4000.0,0.0
-4000.0
0.0,4.0;2.0,1.0::-2000.0,0.0
-2000.0
2.0,1.0;0.0,4.0::-4000.0,0.0
-4000.0
0.0,4.0;2.0,2.0::500.0,0.0
500.0
2.0,2.0;0.0,4.0::-3500.0,0.0
-3500.0
0.0,4.0;2.0,3.0::500.0,0.0
500.0
2.0,3.0;0.0,4.0::-3500.0,0.0
-3500.0
0.0,4.0;2.0,4.0::477.5,0.0
477.5
2.0,4.0;0.0,4.0::-3504.5,0.0
-3504.5
0.0,4.0;3.0,0.0::-1513.5,0.0
-1513.5
3.0,0.0;0.0,4.0::-1513.5,0.0
-1513.5
0.0,4.0;3.0,1.0::-1513.5,0.0
-1513.5
3.0,1.0;0.0,4.0::-1513.5,0.0
-1513.5
0.0,4.0;3.0,2.0::986.5,0.0
986.5
3.0,2.0;0.0,4.0::-1013.5,0.0
-1013.5
0.0,4.0;3.0,3.0::986.5,0.0
986.5
3.0,3.0;0.0,4.0::-1013.5,0.0
-1013.5
0.0,4.0;3.0,4.0::964.0,0.0
964.0
3.0,4.0;0.0,4.0::-1018.0,0.0
-1018.0
0.0,4.0;4.0,0.0::-2504.5,0.0
-2504.5
4.0,0.0;0.0,4.0::-522.5,0.0
-522.5
0.0,4.0;4.0,1.0::-2504.5,0.0
-2504.5
4.0,1.0;0.0,4.0::-522.5,0.0
-522.5
0.0,4.0;4.0,2.0::-4.5,0.0
-4.5
4.0,2.0;0.0,4.0::-22.5,0.0
-22.5
0.0,4.0;4.0,3.0::-4.5,0.0
-4.5
4.0,3.0;0.0,4.0::-22.5,0.0
-22.5
0.0,4.0;4.0,4.0::-27.0,0.0
-27.0
4.0,4.0;0.0,4.0::-27.0,0.0
-27.0
