1.0,4.0;1.0,4.0::-27.0,0.0
-27.0
1.0,4.0;1.0,4.0::-27.0,0.0
-27.0
1.0,4.0;2.0,0.0::-2000.0,0.0
-2000.0
2.0,0.0;1.0,4.0::-4000.0,0.0
-4000.0
1.0,4.0;2.0,1.0::-1250.0,0.0
-1250.0
2.0,1.0;1.0,4.0::-3250.0,0.0
-3250.0
1.0,4.0;2.0,2.0::-1250.0,0.0
-1250.0
2.0,2.0;1.0,4.0::-3250.0,0.0
-3250.0
1.0,4.0;2.0,3.0::-500.0,0.0
-500.0
2.0,3.0;1.0,4.0::-2500.0,0.0
-2500.0
1.0,4.0;2.0,4.0::-513.5,0.0
-513.5
2.0,4.0;1.0,4.0::-2513.5,0.0
-2513.5
1.0,4.0;3.0,0.0::-1513.5,0.0
-1513.5
3.0,0.0;1.0,4.0::-1513.5,0.0
-1513.5
1.0,4.0;3.0,1.0::-763.5,0.0
-763.5
3.0,1.0;1.0,4.0::-763.5,0.0
-763.5
1.0,4.0;3.0,2.0::-763.5,0.0
-763.5
3.0,2.0;1.0,4.0::-763.5,0.0
-763.5
1.0,4.0;3.0,3.0::-13.5,0.0
-13.5
3.0,3.0;1.0,4.0::-13.5,0.0
-13.5
1.0,4.0;3.0,4.0::-27.0,0.0
-27.0
3.0,4.0;1.0,4.0::-27.0,0.0
-27.0
1.0,4.0;4.0,0.0::-2504.5,0.0
-2504.5
4.0,0.0;1.0,4.0::-522.5,0.0
-522.5
1.0,4.0;4.0,1.0::-1754.5,0.0
-1754.5
4.0,1.0;1.0,4.0::227.5,0.0
227.5
1.0,4.0;4.0,2.0::-1754.5,0.0
-1754.5
4.0,2.0;1.0,4.0::227.5,0.0
227.5
1.0,4.0;4.0,3.0::-1004.5,0.0
-1004.5
4.0,3.0;1.0,4.0::977.5,0.0
977.5
1.0,4.0;4.0,4.0::-1018.0,0.0
-1018.0
4.0,4.0;1.0,4.0::964.0,0.0
964.0
