0.0,1.0;0.0,1.0::-3000.0,0.0
-3000.0
0.0,1.0;0.0,1.0::-3000.0,0.0
-3000.0
0.0,1.0;0.0,2.0::-500.0,0.0
-500.0
0.0,2.0;0.0,1.0::-2500.0,0.0
-2500.0
0.0,1.0;0.0,3.0::-500.0,0.0
-500.0
0.0,3.0;0.0,1.0::-2500.0,0.0
-2500.0
0.0,1.0;0.0,4.0::-510.0,0.0
-510.0
0.0,4.0;0.0,1.0::-2502.0,0.0
-2502.0
0.0,1.0;1.0,0.0::-2250.0,0.0
-2250.0
1.0,0.0;0.0,1.0::-2250.0,0.0
-2250.0
0.0,1.0;1.0,1.0::-2250.0,0.0
-2250.0
1.0,1.0;0.0,1.0::-2250.0,0.0
-2250.0
0.0,1.0;1.0,2.0::250.0,0.0
250.0
1.0,2.0;0.0,1.0::-1750.0,0.0
-1750.0
0.0,1.0;1.0,3.0::250.0,0.0
250.0
1.0,3.0;0.0,1.0::-1750.0,0.0
-1750.0
0.0,1.0;1.0,4.0::240.0,0.0
240.0
1.0,4.0;0.0,1.0::-1752.0,0.0
-1752.0
0.0,1.0;2.0,0.0::-2250.0,0.0
-2250.0
2.0,0.0;0.0,1.0::-2250.0,0.0
-2250.0
0.0,1.0;2.0,1.0::-2250.0,0.0
-2250.0
2.0,1.0;0.0,1.0::-2250.0,0.0
-2250.0
0.0,1.0;2.0,2.0::250.0,0.0
250.0
2.0,2.0;0.0,1.0::-1750.0,0.0
-1750.0
0.0,1.0;2.0,3.0::250.0,0.0
250.0
2.0,3.0;0.0,1.0::-1750.0,0.0
-1750.0
0.0,1.0;2.0,4.0::240.0,0.0
240.0
2.0,4.0;0.0,1.0::-1752.0,0.0
-1752.0
0.0,1.0;3.0,0.0::-1500.0,0.0
-1500.0
3.0,0.0;0.0,1.0::-1500.0,0.0
-1500.0
0.0,1.0;3.0,1.0::-1500.0,0.0
-1500.0
3.0,1.0;0.0,1.0::-1500.0,0.0
-1500.0
0.0,1.0;3.0,2.0::1000.0,0.0
1000.0
3.0,2.0;0.0,1.0::-1000.0,0.0
-1000.0
0.0,1.0;3.0,3.0::1000.0,0.0
1000.0
3.0,3.0;0.0,1.0::-1000.0,0.0
-1000.0
0.0,1.0;3.0,4.0::990.0,0.0
990.0
3.0,4.0;0.0,1.0::-1002.0,0.0
-1002.0
0.0,1.0;4.0,0.0::-1515.0,0.0
-1515.0
4.0,0.0;0.0,1.0::-1515.0,0.0
-1515.0
0.0,1.0;4.0,1.0::-1515.0,0.0
-1515.0
4.0,1.0;0.0,1.0::-1515.0,0.0
-1515.0
0.0,1.0;4.0,2.0::985.0,0.0
985.0
4.0,2.0;0.0,1.0::-1015.0,0.0
-1015.0
0.0,1.0;4.0,3.0::985.0,0.0
985.0
4.0,3.0;0.0,1.0::-1015.0,0.0
-1015.0
0.0,1.0;4.0,4.0::975.0,0.0
975.0
4.0,4.0;0.0,1.0::-1017.0,0.0
-1017.0
