2.0,4.0;2.0,4.0::-3000.0,0.0
-3000.0
2.0,4.0;2.0,4.0::-3000.0,0.0
-3000.0
2.0,4.0;3.0,0.0::-2506.0,0.0
-2506.0
3.0,0.0;2.0,4.0::-506.0,0.0
-506.0
2.0,4.0;3.0,1.0::-756.0,0.0
-756.0
3.0,1.0;2.0,4.0::-756.0,0.0
-756.0
2.0,4.0;3.0,2.0::-756.0,0.0
-756.0
3.0,2.0;2.0,4.0::-756.0,0.0
-756.0
2.0,4.0;3.0,3.0::994.0,0.0
994.0
3.0,3.0;2.0,4.0::-1006.0,0.0
-1006.0
2.0,4.0;3.0,4.0::-2506.0,0.0
-2506.0
3.0,4.0;2.0,4.0::-506.0,0.0
-506.0
2.0,4.0;4.0,0.0::-3502.0,0.0
-3502.0
4.0,0.0;2.0,4.0::490.0,0.0
490.0
2.0,4.0;4.0,1.0::-1752.0,0.0
-1752.0
4.0,1.0;2.0,4.0::240.0,0.0
240.0
2.0,4.0;4.0,2.0::-1752.0,0.0
-1752.0
4.0,2.0;2.0,4.0::240.0,0.0
240.0
2.0,4.0;4.0,3.0::-2.0,0.0
-2.0
4.0,3.0;2.0,4.0::-10.0,0.0
-10.0
2.0,4.0;4.0,4.0::-3502.0,0.0
-3502.0
4.0,4.0;2.0,4.0::490.0,0.0
490.0
