0.0,2.0;0.0,2.0::0.0,0.0
0.0
0.0,2.0;0.0,2.0::0.0,0.0
0.0
0.0,2.0;0.0,3.0::0.0,0.0
0.0
0.0,3.0;0.0,2.0::0.0,0.0
0.0
0.0,2.0;0.0,4.0::-10.0,0.0
-10.0
0.0,4.0;0.0,2.0::-2.0,0.0
-2.0
0.0,2.0;1.0,0.0::-2250.0,0.0
-2250.0
1.0,0.0;0.0,2.0::-2250.0,0.0
-2250.0
0.0,2.0;1.0,1.0::-2250.0,0.0
-2250.0
1.0,1.0;0.0,2.0::-2250.0,0.0
-2250.0
0.0,2.0;1.0,2.0::250.0,0.0
250.0
1.0,2.0;0.0,2.0::-1750.0,0.0
-1750.0
0.0,2.0;1.0,3.0::250.0,0.0
250.0
1.0,3.0;0.0,2.0::-1750.0,0.0
-1750.0
0.0,2.0;1.0,4.0::240.0,0.0
240.0
1.0,4.0;0.0,2.0::-1752.0,0.0
-1752.0
0.0,2.0;2.0,0.0::-2250.0,0.0
-2250.0
2.0,0.0;0.0,2.0::-2250.0,0.0
-2250.0
0.0,2.0;2.0,1.0::-2250.0,0.0
-2250.0
2.0,1.0;0.0,2.0::-2250.0,0.0
-2250.0
0.0,2.0;2.0,2.0::250.0,0.0
250.0
2.0,2.0;0.0,2.0::-1750.0,0.0
-1750.0
0.0,2.0;2.0,3.0::250.0,0.0
250.0
2.0,3.0;0.0,2.0::-1750.0,0.0
-1750.0
0.0,2.0;2.0,4.0::240.0,0.0
240.0
2.0,4.0;0.0,2.0::-1752.0,0.0
-1752.0
0.0,2.0;3.0,0.0::-2000.0,0.0
-2000.0
3.0,0.0;0.0,2.0::-4000.0,0.0
-4000.0
0.0,2.0;3.0,1.0::-2000.0,0.0
-2000.0
3.0,1.0;0.0,2.0::-4000.0,0.0
-4000.0
0.0,2.0;3.0,2.0::500.0,0.0
500.0
3.0,2.0;0.0,2.0::-3500.0,0.0
-3500.0
0.0,2.0;3.0,3.0::500.0,0.0
500.0
3.0,3.0;0.0,2.0::-3500.0,0.0
-3500.0
0.0,2.0;3.0,4.0::490.0,0.0
490.0
3.0,4.0;0.0,2.0::-3502.0,0.0
-3502.0
0.0,2.0;4.0,0.0::-2500.0,0.0
-2500.0
4.0,0.0;0.0,2.0::-500.0,0.0
-500.0
0.0,2.0;4.0,1.0::-2500.0,0.0
-2500.0
4.0,1.0;0.0,2.0::-500.0,0.0
-500.0
0.0,2.0;4.0,2.0::0.0,0.0
0.0
4.0,2.0;0.0,2.0::0.0,0.0
0.0
0.0,2.0;4.0,3.0::0.0,0.0
0.0
4.0,3.0;0.0,2.0::0.0,0.0
0.0
0.0,2.0;4.0,4.0::-10.0,0.0
-10.0
4.0,4.0;0.0,2.0::-2.0,0.0
-2.0
