0.0,4.0;0.0,4.0::-12.0,0.0
-12.0
0.0,4.0;0.0,4.0::-12.0,0.0
-12.0
0.0,4.0;1.0,0.0::-1506.0,0.0
-1506.0
1.0,0.0;0.0,4.0::-1506.0,0.0
-1506.0
0.0,4.0;1.0,1.0::-1506.0,0.0
-1506.0
1.0,1.0;0.0,4.0::-1506.0,0.0
-1506.0
0.0,4.0;1.0,2.0::994.0,0.0
994.0
1.0,2.0;0.0,4.0::-1006.0,0.0
-1006.0
0.0,4.0;1.0,3.0::994.0,0.0
994.0
1.0,3.0;0.0,4.0::-1006.0,0.0
-1006.0
0.0,4.0;1.0,4.0::984.0,0.0
984.0
1.0,4.0;0.0,4.0::-1008.0,0.0
-1008.0
0.0,4.0;2.0,0.0::-2000.0,0.0
-2000.0
2.0,0.0;0.0,4.0::-4000.0,0.0
-4000.0
0.0,4.0;2.0,1.0::-2000.0,0.0
-2000.0
2.0,1.0;0.0,4.0::-4000.0,0.0
-4000.0
0.0,4.0;2.0,2.0::500.0,0.0
500.0
2.0,2.0;0.0,4.0::-3500.0,0.0
-3500.0
0.0,4.0;2.0,3.0::500.0,0.0
500.0
2.0,3.0;0.0,4.0::-3500.0,0.0
-3500.0
0.0,4.0;2.0,4.0::490.0,0.0
490.0
2.0,4.0;0.0,4.0::-3502.0,0.0
-3502.0
0.0,4.0;3.0,0.0::-1506.0,0.0
-1506.0
3.0,0.0;0.0,4.0::-1506.0,0.0
-1506.0
0.0,4.0;3.0,1.0::-1506.0,0.0
-1506.0
3.0,1.0;0.0,4.0::-1506.0,0.0
-1506.0
0.0,4.0;3.0,2.0::994.0,0.0
994.0
3.0,2.0;0.0,4.0::-1006.0,0.0
-1006.0
0.0,4.0;3.0,3.0::994.0,0.0
994.0
3.0,3.0;0.0,4.0::-1006.0,0.0
-1006.0
0.0,4.0;3.0,4.0::984.0,0.0
984.0
3.0,4.0;0.0,4.0::-1008.0,0.0
-1008.0
0.0,4.0;4.0,0.0::-2502.0,0.0
-2502.0
4.0,0.0;0.0,4.0::-510.0,0.0
-510.0
0.0,4.0;4.0,1.0::-2502.0,0.0
-2502.0
4.0,1.0;0.0,4.0::-510.0,0.0
-510.0
0.0,4.0;4.0,2.0::-2.0,0.0
-2.0
4.0,2.0;0.0,4.0::-10.0,0.0
-10.0
0.0,4.0;4.0,3.0::-2.0,0.0
-2.0
4.0,3.0;0.0,4.0::-10.0,0.0
-10.0
0.0,4.0;4.0,4.0::-12.0,0.0
-12.0
4.0,4.0;0.0,4.0::-12.0,0.0
-12.0
