1.0,4.0;1.0,4.0::-12.0,0.0
-12.0
1.0,4.0;1.0,4.0::-12.0,0.0
-12.0
1.0,4.0;2.0,0.0::-2000.0,0.0
-2000.0
2.0,0.0;1.0,4.0::-4000.0,0.0
-4000.0
1.0,4.0;2.0,1.0::-1250.0,0.0
-1250.0
2.0,1.0;1.0,4.0::-3250.0,0.0
-3250.0
1.0,4.0;2.0,2.0::-1250.0,0.0
-1250.0
2.0,2.0;1.0,4.0::-3250.0,0.0
-3250.0
1.0,4.0;2.0,3.0::-500.0,0.0
-500.0
2.0,3.0;1.0,4.0::-2500.0,0.0
-2500.0
1.0,4.0;2.0,4.0::-506.0,0.0
-506.0
2.0,4.0;1.0,4.0::-2506.0,0.0
-2506.0
1.0,4.0;3.0,0.0::-1506.0,0.0
-1506.0
3.0,0.0;1.0,4.0::-1506.0,0.0
-1506.0
1.0,4.0;3.0,1.0::-756.0,0.0
-756.0
3.0,1.0;1.0,4.0::-756.0,0.0
-756.0
1.0,4.0;3.0,2.0::-756.0,0.0
-756.0
3.0,2.0;1.0,4.0::-756.0,0.0
-756.0
1.0,4.0;3.0,3.0::-6.0,0.0
-6.0
3.0,3.0;1.0,4.0::-6.0,0.0
-6.0
1.0,4.0;3.0,4.0::-12.0,0.0
-12.0
3.0,4.0;1.0,4.0::-12.0,0.0
-12.0
1.0,4.0;4.0,0.0::-2502.0,0.0
-2502.0
4.0,0.0;1.0,4.0::-510.0,0.0
-510.0
1.0,4.0;4.0,1.0::-1752.0,0.0
-1752.0
4.0,1.0;1.0,4.0::240.0,0.0
240.0
1.0,4.0;4.0,2.0::-1752.0,0.0
-1752.0
4.0,2.0;1.0,4.0::240.0,0.0
240.0
1.0,4.0;4.0,3.0::-1002.0,0.0
-1002.0
4.0,3.0;1.0,4.0::990.0,0.0
990.0
1.0,4.0;4.0,4.0::-1008.0,0.0
-1008.0
4.0,4.0;1.0,4.0::984.0,0.0
984.0
