1.0,4.0;1.0,4.0::-45.0,0.0
-45.0
1.0,4.0;1.0,4.0::-45.0,0.0
-45.0
1.0,4.0;2.0,0.0::-2500.0,0.0
-2500.0
2.0,0.0;1.0,4.0::-2000.0,0.0
-2000.0
1.0,4.0;2.0,1.0::-1750.0,0.0
-1750.0
2.0,1.0;1.0,4.0::-500.0,0.0
-500.0
1.0,4.0;2.0,2.0::-1750.0,0.0
-1750.0
2.0,2.0;1.0,4.0::-500.0,0.0
-500.0
1.0,4.0;2.0,3.0::-1000.0,0.0
-1000.0
2.0,3.0;1.0,4.0::1000.0,0.0
1000.0
1.0,4.0;2.0,4.0::-1015.0,0.0
-1015.0
2.0,4.0;1.0,4.0::970.0,0.0
970.0
1.0,4.0;3.0,0.0::-1530.0,0.0
-1530.0
3.0,0.0;1.0,4.0::-3015.0,0.0
-3015.0
1.0,4.0;3.0,1.0::-780.0,0.0
-780.0
3.0,1.0;1.0,4.0::-1515.0,0.0
-1515.0
1.0,4.0;3.0,2.0::-780.0,0.0
-780.0
3.0,2.0;1.0,4.0::-1515.0,0.0
-1515.0
1.0,4.0;3.0,3.0::-30.0,0.0
-30.0
3.0,3.0;1.0,4.0::-15.0,0.0
-15.0
1.0,4.0;3.0,4.0::-45.0,0.0
-45.0
3.0,4.0;1.0,4.0::-45.0,0.0
-45.0
1.0,4.0;4.0,0.0::-1515.0,0.0
-1515.0
4.0,0.0;1.0,4.0::-3007.5,0.0
-3007.5
1.0,4.0;4.0,1.0::-765.0,0.0
-765.0
4.0,1.0;1.0,4.0::-1507.5,0.0
-1507.5
1.0,4.0;4.0,2.0::-765.0,0.0
-765.0
4.0,2.0;1.0,4.0::-1507.5,0.0
-1507.5
1.0,4.0;4.0,3.0::-15.0,0.0
-15.0
4.0,3.0;1.0,4.0::-7.5,0.0
-7.5
1.0,4.0;4.0,4.0::-30.0,0.0
-30.0
4.0,4.0;1.0,4.0::-37.5,0.0
-37.5
