0.0,0.0;0.0,0.0::-3500.0,0.0
-3500.0
0.0,0.0;0.0,0.0::-3500.0,0.0
-3500.0
0.0,0.0;0.0,1.0::-3500.0,0.0
-3500.0
0.0,1.0;0.0,0.0::-3500.0,0.0
-3500.0
0.0,0.0;0.0,2.0::-1000.0,0.0
-1000.0
0.0,2.0;0.0,0.0::-3000.0,0.0
-3000.0
0.0,0.0;0.0,3.0::-1000.0,0.0
-1000.0
0.0,3.0;0.0,0.0::-3000.0,0.0
-3000.0
0.0,0.0;0.0,4.0::-1025.0,0.0
-1025.0
0.0,4.0;0.0,0.0::-3005.0,0.0
-3005.0
0.0,0.0;1.0,0.0::-3500.0,0.0
-3500.0
1.0,0.0;0.0,0.0::-3500.0,0.0
-3500.0
0.0,0.0;1.0,1.0::-3500.0,0.0
-3500.0
1.0,1.0;0.0,0.0::-3500.0,0.0
-3500.0
0.0,0.0;1.0,2.0::-1000.0,0.0
-1000.0
1.0,2.0;0.0,0.0::-3000.0,0.0
-3000.0
0.0,0.0;1.0,3.0::-1000.0,0.0
-1000.0
1.0,3.0;0.0,0.0::-3000.0,0.0
-3000.0
0.0,0.0;1.0,4.0::-1025.0,0.0
-1025.0
1.0,4.0;0.0,0.0::-3005.0,0.0
-3005.0
0.0,0.0;2.0,0.0::-2000.0,0.0
-2000.0
2.0,0.0;0.0,0.0::-4500.0,0.0
-4500.0
0.0,0.0;2.0,1.0::-2000.0,0.0
-2000.0
2.0,1.0;0.0,0.0::-4500.0,0.0
-4500.0
0.0,0.0;2.0,2.0::500.0,0.0
500.0
2.0,2.0;0.0,0.0::-4000.0,0.0
-4000.0
0.0,0.0;2.0,3.0::500.0,0.0
500.0
2.0,3.0;0.0,0.0::-4000.0,0.0
-4000.0
0.0,0.0;2.0,4.0::475.0,0.0
475.0
2.0,4.0;0.0,0.0::-4005.0,0.0
-4005.0
0.0,0.0;3.0,0.0::-2000.0,0.0
-2000.0
3.0,0.0;0.0,0.0::-4500.0,0.0
-4500.0
0.0,0.0;3.0,1.0::-2000.0,0.0
-2000.0
3.0,1.0;0.0,0.0::-4500.0,0.0
-4500.0
0.0,0.0;3.0,2.0::500.0,0.0
500.0
3.0,2.0;0.0,0.0::-4000.0,0.0
-4000.0
0.0,0.0;3.0,3.0::500.0,0.0
500.0
3.0,3.0;0.0,0.0::-4000.0,0.0
-4000.0
0.0,0.0;3.0,4.0::475.0,0.0
475.0
3.0,4.0;0.0,0.0::-4005.0,0.0
-4005.0
0.0,0.0;4.0,0.0::-1510.0,0.0
-1510.0
4.0,0.0;0.0,0.0::-2007.5,0.0
-2007.5
0.0,0.0;4.0,1.0::-1510.0,0.0
-1510.0
4.0,1.0;0.0,0.0::-2007.5,0.0
-2007.5
0.0,0.0;4.0,2.0::990.0,0.0
990.0
4.0,2.0;0.0,0.0::-1507.5,0.0
-1507.5
0.0,0.0;4.0,3.0::990.0,0.0
990.0
4.0,3.0;0.0,0.0::-1507.5,0.0
-1507.5
0.0,0.0;4.0,4.0::965.0,0.0
965.0
4.0,4.0;0.0,0.0::-1512.5,0.0
-1512.5
