0.0,1.0;0.0,1.0::-3500.0,0.0
-3500.0
0.0,1.0;0.0,1.0::-3500.0,0.0
-3500.0
0.0,1.0;0.0,2.0::-1000.0,0.0
-1000.0
0.0,2.0;0.0,1.0::-3000.0,0.0
-3000.0
0.0,1.0;0.0,3.0::-1000.0,0.0
-1000.0
0.0,3.0;0.0,1.0::-3000.0,0.0
-3000.0
0.0,1.0;0.0,4.0::-1025.0,0.0
-1025.0
0.0,4.0;0.0,1.0::-3005.0,0.0
-3005.0
0.0,1.0;1.0,0.0::-2500.0,0.0
-2500.0
1.0,0.0;0.0,1.0::-2750.0,0.0
-2750.0
0.0,1.0;1.0,1.0::-2500.0,0.0
-2500.0
1.0,1.0;0.0,1.0::-2750.0,0.0
-2750.0
0.0,1.0;1.0,2.0::0.0,0.0
0.0
1.0,2.0;0.0,1.0::-2250.0,0.0
-2250.0
0.0,1.0;1.0,3.0::0.0,0.0
0.0
1.0,3.0;0.0,1.0::-2250.0,0.0
-2250.0
0.0,1.0;1.0,4.0::-25.0,0.0
-25.0
1.0,4.0;0.0,1.0::-2255.0,0.0
-2255.0
0.0,1.0;2.0,0.0::-2500.0,0.0
-2500.0
2.0,0.0;0.0,1.0::-2750.0,0.0
-2750.0
0.0,1.0;2.0,1.0::-2500.0,0.0
-2500.0
2.0,1.0;0.0,1.0::-2750.0,0.0
-2750.0
0.0,1.0;2.0,2.0::0.0,0.0
0.0
2.0,2.0;0.0,1.0::-2250.0,0.0
-2250.0
0.0,1.0;2.0,3.0::0.0,0.0
0.0
2.0,3.0;0.0,1.0::-2250.0,0.0
-2250.0
0.0,1.0;2.0,4.0::-25.0,0.0
-25.0
2.0,4.0;0.0,1.0::-2255.0,0.0
-2255.0
0.0,1.0;3.0,0.0::-1500.0,0.0
-1500.0
3.0,0.0;0.0,1.0::-2000.0,0.0
-2000.0
0.0,1.0;3.0,1.0::-1500.0,0.0
-1500.0
3.0,1.0;0.0,1.0::-2000.0,0.0
-2000.0
0.0,1.0;3.0,2.0::1000.0,0.0
1000.0
3.0,2.0;0.0,1.0::-1500.0,0.0
-1500.0
0.0,1.0;3.0,3.0::1000.0,0.0
1000.0
3.0,3.0;0.0,1.0::-1500.0,0.0
-1500.0
0.0,1.0;3.0,4.0::975.0,0.0
975.0
3.0,4.0;0.0,1.0::-1505.0,0.0
-1505.0
0.0,1.0;4.0,0.0::-1510.0,0.0
-1510.0
4.0,0.0;0.0,1.0::-2007.5,0.0
-2007.5
0.0,1.0;4.0,1.0::-1510.0,0.0
-1510.0
4.0,1.0;0.0,1.0::-2007.5,0.0
-2007.5
0.0,1.0;4.0,2.0::990.0,0.0
990.0
4.0,2.0;0.0,1.0::-1507.5,0.0
-1507.5
0.0,1.0;4.0,3.0::990.0,0.0
990.0
4.0,3.0;0.0,1.0::-1507.5,0.0
-1507.5
0.0,1.0;4.0,4.0::965.0,0.0
965.0
4.0,4.0;0.0,1.0::-1512.5,0.0
-1512.5
