2.0,1.0;2.0,1.0::-1750.0,0.0
-1750.0
2.0,1.0;2.0,1.0::-1750.0,0.0
-1750.0
2.0,1.0;2.0,2.0::-1750.0,0.0
-1750.0
2.0,2.0;2.0,1.0::-1750.0,0.0
-1750.0
2.0,1.0;2.0,3.0::0.0,0.0
0.0
2.0,3.0;2.0,1.0::-2250.0,0.0
-2250.0
2.0,1.0;2.0,4.0::-3500.0,0.0
-3500.0
2.0,4.0;2.0,1.0::-1250.0,0.0
-1250.0
2.0,1.0;3.0,0.0::-2500.0,0.0
-2500.0
3.0,0.0;2.0,1.0::-500.0,0.0
-500.0
2.0,1.0;3.0,1.0::-750.0,0.0
-750.0
3.0,1.0;2.0,1.0::-1000.0,0.0
-1000.0
2.0,1.0;3.0,2.0::-750.0,0.0
-750.0
3.0,2.0;2.0,1.0::-1000.0,0.0
-1000.0
2.0,1.0;3.0,3.0::1000.0,0.0
1000.0
3.0,3.0;2.0,1.0::-1500.0,0.0
-1500.0
2.0,1.0;3.0,4.0::-2500.0,0.0
-2500.0
3.0,4.0;2.0,1.0::-500.0,0.0
-500.0
2.0,1.0;4.0,0.0::-2510.0,0.0
-2510.0
4.0,0.0;2.0,1.0::-507.5,0.0
-507.5
2.0,1.0;4.0,1.0::-760.0,0.0
-760.0
4.0,1.0;2.0,1.0::-1007.5,0.0
-1007.5
2.0,1.0;4.0,2.0::-760.0,0.0
-760.0
4.0,2.0;2.0,1.0::-1007.5,0.0
-1007.5
2.0,1.0;4.0,3.0::990.0,0.0
990.0
4.0,3.0;2.0,1.0::-1507.5,0.0
-1507.5
2.0,1.0;4.0,4.0::-2510.0,0.0
-2510.0
4.0,4.0;2.0,1.0::-507.5,0.0
-507.5
