0.0,2.0;0.0,2.0::-500.0,0.0
-500.0
0.0,2.0;0.0,2.0::-500.0,0.0
-500.0
0.0,2.0;0.0,3.0::-500.0,0.0
-500.0
0.0,3.0;0.0,2.0::-500.0,0.0
-500.0
0.0,2.0;0.0,4.0::-525.0,0.0
-525.0
0.0,4.0;0.0,2.0::-505.0,0.0
-505.0
0.0,2.0;1.0,0.0::-2500.0,0.0
-2500.0
1.0,0.0;0.0,2.0::-2750.0,0.0
-2750.0
0.0,2.0;1.0,1.0::-2500.0,0.0
-2500.0
1.0,1.0;0.0,2.0::-2750.0,0.0
-2750.0
0.0,2.0;1.0,2.0::0.0,0.0
0.0
1.0,2.0;0.0,2.0::-2250.0,0.0
-2250.0
0.0,2.0;1.0,3.0::0.0,0.0
0.0
1.0,3.0;0.0,2.0::-2250.0,0.0
-2250.0
0.0,2.0;1.0,4.0::-25.0,0.0
-25.0
1.0,4.0;0.0,2.0::-2255.0,0.0
-2255.0
0.0,2.0;2.0,0.0::-2500.0,0.0
-2500.0
2.0,0.0;0.0,2.0::-2750.0,0.0
-2750.0
0.0,2.0;2.0,1.0::-2500.0,0.0
-2500.0
2.0,1.0;0.0,2.0::-2750.0,0.0
-2750.0
0.0,2.0;2.0,2.0::0.0,0.0
0.0
2.0,2.0;0.0,2.0::-2250.0,0.0
-2250.0
0.0,2.0;2.0,3.0::0.0,0.0
0.0
2.0,3.0;0.0,2.0::-2250.0,0.0
-2250.0
0.0,2.0;2.0,4.0::-25.0,0.0
-25.0
2.0,4.0;0.0,2.0::-2255.0,0.0
-2255.0
0.0,2.0;3.0,0.0::-2000.0,0.0
-2000.0
3.0,0.0;0.0,2.0::-4500.0,0.0
-4500.0
0.0,2.0;3.0,1.0::-2000.0,0.0
-2000.0
3.0,1.0;0.0,2.0::-4500.0,0.0
-4500.0
0.0,2.0;3.0,2.0::500.0,0.0
500.0
3.0,2.0;0.0,2.0::-4000.0,0.0
-4000.0
0.0,2.0;3.0,3.0::500.0,0.0
500.0
3.0,3.0;0.0,2.0::-4000.0,0.0
-4000.0
0.0,2.0;3.0,4.0::475.0,0.0
475.0
3.0,4.0;0.0,2.0::-4005.0,0.0
-4005.0
0.0,2.0;4.0,0.0::-3000.0,0.0
-3000.0
4.0,0.0;0.0,2.0::-1000.0,0.0
-1000.0
0.0,2.0;4.0,1.0::-3000.0,0.0
-3000.0
4.0,1.0;0.0,2.0::-1000.0,0.0
-1000.0
0.0,2.0;4.0,2.0::-500.0,0.0
-500.0
4.0,2.0;0.0,2.0::-500.0,0.0
-500.0
0.0,2.0;4.0,3.0::-500.0,0.0
-500.0
4.0,3.0;0.0,2.0::-500.0,0.0
-500.0
0.0,2.0;4.0,4.0::-525.0,0.0
-525.0
4.0,4.0;0.0,2.0::-505.0,0.0
-505.0
