0.0,4.0;0.0,4.0::-530.0,0.0
-530.0
0.0,4.0;0.0,4.0::-530.0,0.0
-530.0
0.0,4.0;1.0,0.0::-1520.0,0.0
-1520.0
1.0,0.0;0.0,4.0::-2015.0,0.0
-2015.0
0.0,4.0;1.0,1.0::-1520.0,0.0
-1520.0
1.0,1.0;0.0,4.0::-2015.0,0.0
-2015.0
0.0,4.0;1.0,2.0::980.0,0.0
980.0
1.0,2.0;0.0,4.0::-1515.0,0.0
-1515.0
0.0,4.0;1.0,3.0::980.0,0.0
980.0
1.0,3.0;0.0,4.0::-1515.0,0.0
-1515.0
0.0,4.0;1.0,4.0::955.0,0.0
955.0
1.0,4.0;0.0,4.0::-1520.0,0.0
-1520.0
0.0,4.0;2.0,0.0::-2000.0,0.0
-2000.0
2.0,0.0;0.0,4.0::-4500.0,0.0
-4500.0
0.0,4.0;2.0,1.0::-2000.0,0.0
-2000.0
2.0,1.0;0.0,4.0::-4500.0,0.0
-4500.0
0.0,4.0;2.0,2.0::500.0,0.0
500.0
2.0,2.0;0.0,4.0::-4000.0,0.0
-4000.0
0.0,4.0;2.0,3.0::500.0,0.0
500.0
2.0,3.0;0.0,4.0::-4000.0,0.0
-4000.0
0.0,4.0;2.0,4.0::475.0,0.0
475.0
2.0,4.0;0.0,4.0::-4005.0,0.0
-4005.0
0.0,4.0;3.0,0.0::-1520.0,0.0
-1520.0
3.0,0.0;0.0,4.0::-2015.0,0.0
-2015.0
0.0,4.0;3.0,1.0::-1520.0,0.0
-1520.0
3.0,1.0;0.0,4.0::-2015.0,0.0
-2015.0
0.0,4.0;3.0,2.0::980.0,0.0
980.0
3.0,2.0;0.0,4.0::-1515.0,0.0
-1515.0
0.0,4.0;3.0,3.0::980.0,0.0
980.0
3.0,3.0;0.0,4.0::-1515.0,0.0
-1515.0
0.0,4.0;3.0,4.0::955.0,0.0
955.0
3.0,4.0;0.0,4.0::-1520.0,0.0
-1520.0
0.0,4.0;4.0,0.0::-1510.0,0.0
-1510.0
4.0,0.0;0.0,4.0::-2007.5,0.0
-2007.5
0.0,4.0;4.0,1.0::-1510.0,0.0
-1510.0
4.0,1.0;0.0,4.0::-2007.5,0.0
-2007.5
0.0,4.0;4.0,2.0::990.0,0.0
990.0
4.0,2.0;0.0,4.0::-1507.5,0.0
-1507.5
0.0,4.0;4.0,3.0::990.0,0.0
990.0
4.0,3.0;0.0,4.0::-1507.5,0.0
-1507.5
0.0,4.0;4.0,4.0::965.0,0.0
965.0
4.0,4.0;0.0,4.0::-1512.5,0.0
-1512.5
