1.0,2.0;1.0,2.0::-1750.0,0.0
-1750.0
1.0,2.0;1.0,2.0::-1750.0,0.0
-1750.0
1.0,2.0;1.0,3.0::-1000.0,0.0
-1000.0
1.0,3.0;1.0,2.0::-750.0,0.0
-750.0
1.0,2.0;1.0,4.0::-1015.0,0.0
-1015.0
1.0,4.0;1.0,2.0::-770.0,0.0
-770.0
1.0,2.0;2.0,0.0::-2500.0,0.0
-2500.0
2.0,0.0;1.0,2.0::-2750.0,0.0
-2750.0
1.0,2.0;2.0,1.0::-1750.0,0.0
-1750.0
2.0,1.0;1.0,2.0::-1750.0,0.0
-1750.0
1.0,2.0;2.0,2.0::-1750.0,0.0
-1750.0
2.0,2.0;1.0,2.0::-1750.0,0.0
-1750.0
1.0,2.0;2.0,3.0::-1000.0,0.0
-1000.0
2.0,3.0;1.0,2.0::-750.0,0.0
-750.0
1.0,2.0;2.0,4.0::-1015.0,0.0
-1015.0
2.0,4.0;1.0,2.0::-770.0,0.0
-770.0
1.0,2.0;3.0,0.0::-2000.0,0.0
-2000.0
3.0,0.0;1.0,2.0::-4500.0,0.0
-4500.0
1.0,2.0;3.0,1.0::-1250.0,0.0
-1250.0
3.0,1.0;1.0,2.0::-3500.0,0.0
-3500.0
1.0,2.0;3.0,2.0::-1250.0,0.0
-1250.0
3.0,2.0;1.0,2.0::-3500.0,0.0
-3500.0
1.0,2.0;3.0,3.0::-500.0,0.0
-500.0
3.0,3.0;1.0,2.0::-2500.0,0.0
-2500.0
1.0,2.0;3.0,4.0::-515.0,0.0
-515.0
3.0,4.0;1.0,2.0::-2520.0,0.0
-2520.0
1.0,2.0;4.0,0.0::-3000.0,0.0
-3000.0
4.0,0.0;1.0,2.0::-1000.0,0.0
-1000.0
1.0,2.0;4.0,1.0::-2250.0,0.0
-2250.0
4.0,1.0;1.0,2.0::0.0,0.0
0.0
1.0,2.0;4.0,2.0::-2250.0,0.0
-2250.0
4.0,2.0;1.0,2.0::0.0,0.0
0.0
1.0,2.0;4.0,3.0::-1500.0,0.0
-1500.0
4.0,3.0;1.0,2.0::1000.0,0.0
1000.0
1.0,2.0;4.0,4.0::-1515.0,0.0
-1515.0
4.0,4.0;1.0,2.0::980.0,0.0
980.0
