2.0,4.0;2.0,4.0::-3000.0,0.0
-3000.0
2.0,4.0;2.0,4.0::-3000.0,0.0
-3000.0
2.0,4.0;3.0,0.0::-2507.5,0.0
-2507.5
3.0,0.0;2.0,4.0::-502.5,0.0
-502.5
2.0,4.0;3.0,1.0::-257.5,0.0
-257.5
3.0,1.0;2.0,4.0::-752.5,0.0
-752.5
2.0,4.0;3.0,2.0::-257.5,0.0
-257.5
3.0,2.0;2.0,4.0::-752.5,0.0
-752.5
2.0,4.0;3.0,3.0::1992.5,0.0
1992.5
3.0,3.0;2.0,4.0::-1002.5,0.0
-1002.5
2.0,4.0;3.0,4.0::-2507.5,0.0
-2507.5
3.0,4.0;2.0,4.0::-502.5,0.0
-502.5
2.0,4.0;4.0,0.0::-3502.5,0.0
-3502.5
4.0,0.0;2.0,4.0::1487.5,0.0
1487.5
2.0,4.0;4.0,1.0::-1252.5,0.0
-1252.5
4.0,1.0;2.0,4.0::1237.5,0.0
1237.5
2.0,4.0;4.0,2.0::-1252.5,0.0
-1252.5
4.0,2.0;2.0,4.0::1237.5,0.0
1237.5
2.0,4.0;4.0,3.0::997.5,0.0
997.5
4.0,3.0;2.0,4.0::987.5,0.0
987.5
2.0,4.0;4.0,4.0::-3502.5,0.0
-3502.5
4.0,4.0;2.0,4.0::1487.5,0.0
1487.5
