0.0,4.0;0.0,4.0::-21.0,0.0
-21.0
0.0,4.0;0.0,4.0::-21.0,0.0
-21.0
0.0,4.0;1.0,0.0::-1510.5,0.0
-1510.5
1.0,0.0;0.0,4.0::-1510.5,0.0
-1510.5
0.0,4.0;1.0,1.0::-1510.5,0.0
-1510.5
1.0,1.0;0.0,4.0::-1510.5,0.0
-1510.5
0.0,4.0;1.0,2.0::989.5,0.0
989.5
1.0,2.0;0.0,4.0::-1010.5,0.0
-1010.5
0.0,4.0;1.0,3.0::989.5,0.0
989.5
1.0,3.0;0.0,4.0::-1010.5,0.0
-1010.5
0.0,4.0;1.0,4.0::972.0,0.0
972.0
1.0,4.0;0.0,4.0::-1014.0,0.0
-1014.0
0.0,4.0;2.0,0.0::-2000.0,0.0
-2000.0
2.0,0.0;0.0,4.0::-4000.0,0.0
-4000.0
0.0,4.0;2.0,1.0::-2000.0,0.0
-2000.0
2.0,1.0;0.0,4.0::-4000.0,0.0
-4000.0
0.0,4.0;2.0,2.0::500.0,0.0
500.0
2.0,2.0;0.0,4.0::-3500.0,0.0
-3500.0
0.0,4.0;2.0,3.0::500.0,0.0
500.0
2.0,3.0;0.0,4.0::-3500.0,0.0
-3500.0
0.0,4.0;2.0,4.0::482.5,0.0
482.5
2.0,4.0;0.0,4.0::-3503.5,0.0
-3503.5
0.0,4.0;3.0,0.0::-1510.5,0.0
-1510.5
3.0,0.0;0.0,4.0::-1510.5,0.0
-1510.5
0.0,4.0;3.0,1.0::-1510.5,0.0
-1510.5
3.0,1.0;0.0,4.0::-1510.5,0.0
-1510.5
0.0,4.0;3.0,2.0::989.5,0.0
989.5
3.0,2.0;0.0,4.0::-1010.5,0.0
-1010.5
0.0,4.0;3.0,3.0::989.5,0.0
989.5
3.0,3.0;0.0,4.0::-1010.5,0.0
-1010.5
0.0,4.0;3.0,4.0::972.0,0.0
972.0
3.0,4.0;0.0,4.0::-1014.0,0.0
-1014.0
0.0,4.0;4.0,0.0::-2503.5,0.0
-2503.5
4.0,0.0;0.0,4.0::-517.5,0.0
-517.5
0.0,4.0;4.0,1.0::-2503.5,0.0
-2503.5
4.0,1.0;0.0,4.0::-517.5,0.0
-517.5
0.0,4.0;4.0,2.0::-3.5,0.0
-3.5
4.0,2.0;0.0,4.0::-17.5,0.0
-17.5
0.0,4.0;4.0,3.0::-3.5,0.0
-3.5
4.0,3.0;0.0,4.0::-17.5,0.0
-17.5
0.0,4.0;4.0,4.0::-21.0,0.0
-21.0
4.0,4.0;0.0,4.0::-21.0,0.0
-21.0
