1.0,4.0;1.0,4.0::-21.0,0.0
-21.0
1.0,4.0;1.0,4.0::-21.0,0.0
-21.0
1.0,4.0;2.0,0.0::-2000.0,0.0
-2000.0
2.0,0.0;1.0,4.0::-4000.0,0.0
-4000.0
1.0,4.0;2.0,1.0::-1250.0,0.0
-1250.0
2.0,1.0;1.0,4.0::-3250.0,0.0
-3250.0
1.0,4.0;2.0,2.0::-1250.0,0.0
-1250.0
2.0,2.0;1.0,4.0::-3250.0,0.0
-3250.0
1.0,4.0;2.0,3.0::-500.0,0.0
-500.0
2.0,3.0;1.0,4.0::-2500.0,0.0
-2500.0
1.0,4.0;2.0,4.0::-510.5,0.0
-510.5
2.0,4.0;1.0,4.0::-2510.5,0.0
-2510.5
1.0,4.0;3.0,0.0::-1510.5,0.0
-1510.5
3.0,0.0;1.0,4.0::-1510.5,0.0
-1510.5
1.0,4.0;3.0,1.0::-760.5,0.0
-760.5
3.0,1.0;1.0,4.0::-760.5,0.0
-760.5
1.0,4.0;3.0,2.0::-760.5,0.0
-760.5
3.0,2.0;1.0,4.0::-760.5,0.0
-760.5
1.0,4.0;3.0,3.0::-10.5,0.0
-10.5
3.0,3.0;1.0,4.0::-10.5,0.0
-10.5
1.0,4.0;3.0,4.0::-21.0,0.0
-21.0
3.0,4.0;1.0,4.0::-21.0,0.0
-21.0
1.0,4.0;4.0,0.0::-2503.5,0.0
-2503.5
4.0,0.0;1.0,4.0::-517.5,0.0
-517.5
1.0,4.0;4.0,1.0::-1753.5,0.0
-1753.5
4.0,1.0;1.0,4.0::232.5,0.0
232.5
1.0,4.0;4.0,2.0::-1753.5,0.0
-1753.5
4.0,2.0;1.0,4.0::232.5,0.0
232.5
1.0,4.0;4.0,3.0::-1003.5,0.0
-1003.5
4.0,3.0;1.0,4.0::982.5,0.0
982.5
1.0,4.0;4.0,4.0::-1014.0,0.0
-1014.0
4.0,4.0;1.0,4.0::972.0,0.0
972.0
