0.0,0.0;0.0,0.0::-3000.0,0.0
-3000.0
0.0,0.0;0.0,0.0::-3000.0,0.0
-3000.0
0.0,0.0;0.0,1.0::-3000.0,0.0
-3000.0
0.0,1.0;0.0,0.0::-3000.0,0.0
-3000.0
0.0,0.0;0.0,2.0::-500.0,0.0
-500.0
0.0,2.0;0.0,0.0::-2500.0,0.0
-2500.0
0.0,0.0;0.0,3.0::-500.0,0.0
-500.0
0.0,3.0;0.0,0.0::-2500.0,0.0
-2500.0
0.0,0.0;0.0,4.0::-517.5,0.0
-517.5
0.0,4.0;0.0,0.0::-2503.5,0.0
-2503.5
0.0,0.0;1.0,0.0::-3000.0,0.0
-3000.0
1.0,0.0;0.0,0.0::-3000.0,0.0
-3000.0
0.0,0.0;1.0,1.0::-3000.0,0.0
-3000.0
1.0,1.0;0.0,0.0::-3000.0,0.0
-3000.0
0.0,0.0;1.0,2.0::-500.0,0.0
-500.0
1.0,2.0;0.0,0.0::-2500.0,0.0
-2500.0
0.0,0.0;1.0,3.0::-500.0,0.0
-500.0
1.0,3.0;0.0,0.0::-2500.0,0.0
-2500.0
0.0,0.0;1.0,4.0::-517.5,0.0
-517.5
1.0,4.0;0.0,0.0::-2503.5,0.0
-2503.5
0.0,0.0;2.0,0.0::-2000.0,0.0
-2000.0
2.0,0.0;0.0,0.0::-4000.0,0.0
-4000.0
0.0,0.0;2.0,1.0::-2000.0,0.0
-2000.0
2.0,1.0;0.0,0.0::-4000.0,0.0
-4000.0
0.0,0.0;2.0,2.0::500.0,0.0
500.0
2.0,2.0;0.0,0.0::-3500.0,0.0
-3500.0
0.0,0.0;2.0,3.0::500.0,0.0
500.0
2.0,3.0;0.0,0.0::-3500.0,0.0
-3500.0
0.0,0.0;2.0,4.0::482.5,0.0
482.5
2.0,4.0;0.0,0.0::-3503.5,0.0
-3503.5
0.0,0.0;3.0,0.0::-2000.0,0.0
-2000.0
3.0,0.0;0.0,0.0::-4000.0,0.0
-4000.0
0.0,0.0;3.0,1.0::-2000.0,0.0
-2000.0
3.0,1.0;0.0,0.0::-4000.0,0.0
-4000.0
0.0,0.0;3.0,2.0::500.0,0.0
500.0
3.0,2.0;0.0,0.0::-3500.0,0.0
-3500.0
0.0,0.0;3.0,3.0::500.0,0.0
500.0
3.0,3.0;0.0,0.0::-3500.0,0.0
-3500.0
0.0,0.0;3.0,4.0::482.5,0.0
482.5
3.0,4.0;0.0,0.0::-3503.5,0.0
-3503.5
0.0,0.0;4.0,0.0::-1515.0,0.0
-1515.0
4.0,0.0;0.0,0.0::-1515.0,0.0
-1515.0
0.0,0.0;4.0,1.0::-1515.0,0.0
-1515.0
4.0,1.0;0.0,0.0::-1515.0,0.0
-1515.0
0.0,0.0;4.0,2.0::985.0,0.0
985.0
4.0,2.0;0.0,0.0::-1015.0,0.0
-1015.0
0.0,0.0;4.0,3.0::985.0,0.0
985.0
4.0,3.0;0.0,0.0::-1015.0,0.0
-1015.0
0.0,0.0;4.0,4.0::967.5,0.0
967.5
4.0,4.0;0.0,0.0::-1018.5,0.0
-1018.5
0.0,1.0;0.0,1.0::-3000.0,0.0
-3000.0
0.0,1.0;0.0,1.0::-3000.0,0.0
-3000.0
0.0,1.0;0.0,2.0::-500.0,0.0
-500.0
0.0,2.0;0.0,1.0::-2500.0,0.0
-2500.0
0.0,1.0;0.0,3.0::-500.0,0.0
-500.0
0.0,3.0;0.0,1.0::-2500.0,0.0
-2500.0
0.0,1.0;0.0,4.0::-517.5,0.0
-517.5
0.0,4.0;0.0,1.0::-2503.5,0.0
-2503.5
0.0,1.0;1.0,0.0::-2250.0,0.0
-2250.0
1.0,0.0;0.0,1.0::-2250.0,0.0
-2250.0
0.0,1.0;1.0,1.0::-2250.0,0.0
-2250.0
1.0,1.0;0.0,1.0::-2250.0,0.0
-2250.0
0.0,1.0;1.0,2.0::250.0,0.0
250.0
1.0,2.0;0.0,1.0::-1750.0,0.0
-1750.0
0.0,1.0;1.0,3.0::250.0,0.0
250.0
1.0,3.0;0.0,1.0::-1750.0,0.0
-1750.0
0.0,1.0;1.0,4.0::232.5,0.0
232.5
1.0,4.0;0.0,1.0::-1753.5,0.0
-1753.5
0.0,1.0;2.0,0.0::-2250.0,0.0
-2250.0
2.0,0.0;0.0,1.0::-2250.0,0.0
-2250.0
0.0,1.0;2.0,1.0::-2250.0,0.0
-2250.0
2.0,1.0;0.0,1.0::-2250.0,0.0
-2250.0
0.0,1.0;2.0,2.0::250.0,0.0
250.0
2.0,2.0;0.0,1.0::-1750.0,0.0
-1750.0
0.0,1.0;2.0,3.0::250.0,0.0
250.0
2.0,3.0;0.0,1.0::-1750.0,0.0
-1750.0
0.0,1.0;2.0,4.0::232.5,0.0
232.5
2.0,4.0;0.0,1.0::-1753.5,0.0
-1753.5
0.0,1.0;3.0,0.0::-1500.0,0.0
-1500.0
3.0,0.0;0.0,1.0::-1500.0,0.0
-1500.0
0.0,1.0;3.0,1.0::-1500.0,0.0
-1500.0
3.0,1.0;0.0,1.0::-1500.0,0.0
-1500.0
0.0,1.0;3.0,2.0::1000.0,0.0
1000.0
3.0,2.0;0.0,1.0::-1000.0,0.0
-1000.0
0.0,1.0;3.0,3.0::1000.0,0.0
1000.0
3.0,3.0;0.0,1.0::-1000.0,0.0
-1000.0
0.0,1.0;3.0,4.0::982.5,0.0
982.5
3.0,4.0;0.0,1.0::-1003.5,0.0
-1003.5
0.0,1.0;4.0,0.0::-1515.0,0.0
-1515.0
4.0,0.0;0.0,1.0::-1515.0,0.0
-1515.0
0.0,1.0;4.0,1.0::-1515.0,0.0
-1515.0
4.0,1.0;0.0,1.0::-1515.0,0.0
-1515.0
0.0,1.0;4.0,2.0::985.0,0.0
985.0
4.0,2.0;0.0,1.0::-1015.0,0.0
-1015.0
0.0,1.0;4.0,3.0::985.0,0.0
985.0
4.0,3.0;0.0,1.0::-1015.0,0.0
-1015.0
0.0,1.0;4.0,4.0::967.5,0.0
967.5
4.0,4.0;0.0,1.0::-1018.5,0.0
-1018.5
0.0,2.0;0.0,2.0::0.0,0.0
0.0
0.0,2.0;0.0,2.0::0.0,0.0
0.0
0.0,2.0;0.0,3.0::0.0,0.0
0.0
0.0,3.0;0.0,2.0::0.0,0.0
0.0
0.0,2.0;0.0,4.0::-17.5,0.0
-17.5
0.0,4.0;0.0,2.0::-3.5,0.0
-3.5
0.0,2.0;1.0,0.0::-2250.0,0.0
-2250.0
1.0,0.0;0.0,2.0::-2250.0,0.0
-2250.0
0.0,2.0;1.0,1.0::-2250.0,0.0
-2250.0
1.0,1.0;0.0,2.0::-2250.0,0.0
-2250.0
0.0,2.0;1.0,2.0::250.0,0.0
250.0
1.0,2.0;0.0,2.0::-1750.0,0.0
-1750.0
0.0,2.0;1.0,3.0::250.0,0.0
250.0
1.0,3.0;0.0,2.0::-1750.0,0.0
-1750.0
0.0,2.0;1.0,4.0::232.5,0.0
232.5
1.0,4.0;0.0,2.0::-1753.5,0.0
-1753.5
0.0,2.0;2.0,0.0::-2250.0,0.0
-2250.0
2.0,0.0;0.0,2.0::-2250.0,0.0
-2250.0
0.0,2.0;2.0,1.0::-2250.0,0.0
-2250.0
2.0,1.0;0.0,2.0::-2250.0,0.0
-2250.0
0.0,2.0;2.0,2.0::250.0,0.0
250.0
2.0,2.0;0.0,2.0::-1750.0,0.0
-1750.0
0.0,2.0;2.0,3.0::250.0,0.0
250.0
2.0,3.0;0.0,2.0::-1750.0,0.0
-1750.0
0.0,2.0;2.0,4.0::232.5,0.0
232.5
2.0,4.0;0.0,2.0::-1753.5,0.0
-1753.5
0.0,2.0;3.0,0.0::-2000.0,0.0
-2000.0
3.0,0.0;0.0,2.0::-4000.0,0.0
-4000.0
0.0,2.0;3.0,1.0::-2000.0,0.0
-2000.0
3.0,1.0;0.0,2.0::-4000.0,0.0
-4000.0
0.0,2.0;3.0,2.0::500.0,0.0
500.0
3.0,2.0;0.0,2.0::-3500.0,0.0
-3500.0
0.0,2.0;3.0,3.0::500.0,0.0
500.0
3.0,3.0;0.0,2.0::-3500.0,0.0
-3500.0
0.0,2.0;3.0,4.0::482.5,0.0
482.5
3.0,4.0;0.0,2.0::-3503.5,0.0
-3503.5
0.0,2.0;4.0,0.0::-2500.0,0.0
-2500.0
4.0,0.0;0.0,2.0::-500.0,0.0
-500.0
0.0,2.0;4.0,1.0::-2500.0,0.0
-2500.0
4.0,1.0;0.0,2.0::-500.0,0.0
-500.0
0.0,2.0;4.0,2.0::0.0,0.0
0.0
4.0,2.0;0.0,2.0::0.0,0.0
0.0
0.0,2.0;4.0,3.0::0.0,0.0
0.0
4.0,3.0;0.0,2.0::0.0,0.0
0.0
0.0,2.0;4.0,4.0::-17.5,0.0
-17.5
4.0,4.0;0.0,2.0::-3.5,0.0
-3.5
0.0,3.0;0.0,3.0::0.0,0.0
0.0
0.0,3.0;0.0,3.0::0.0,0.0
0.0
0.0,3.0;0.0,4.0::-17.5,0.0
-17.5
0.0,4.0;0.0,3.0::-3.5,0.0
-3.5
0.0,3.0;1.0,0.0::-1500.0,0.0
-1500.0
1.0,0.0;0.0,3.0::-1500.0,0.0
-1500.0
0.0,3.0;1.0,1.0::-1500.0,0.0
-1500.0
1.0,1.0;0.0,3.0::-1500.0,0.0
-1500.0
0.0,3.0;1.0,2.0::1000.0,0.0
1000.0
1.0,2.0;0.0,3.0::-1000.0,0.0
-1000.0
0.0,3.0;1.0,3.0::1000.0,0.0
1000.0
1.0,3.0;0.0,3.0::-1000.0,0.0
-1000.0
0.0,3.0;1.0,4.0::982.5,0.0
982.5
1.0,4.0;0.0,3.0::-1003.5,0.0
-1003.5
0.0,3.0;2.0,0.0::-2500.0,0.0
-2500.0
2.0,0.0;0.0,3.0::-500.0,0.0
-500.0
0.0,3.0;2.0,1.0::-2500.0,0.0
-2500.0
2.0,1.0;0.0,3.0::-500.0,0.0
-500.0
0.0,3.0;2.0,2.0::0.0,0.0
0.0
2.0,2.0;0.0,3.0::0.0,0.0
0.0
0.0,3.0;2.0,3.0::0.0,0.0
0.0
2.0,3.0;0.0,3.0::0.0,0.0
0.0
0.0,3.0;2.0,4.0::-17.5,0.0
-17.5
2.0,4.0;0.0,3.0::-3.5,0.0
-3.5
0.0,3.0;3.0,0.0::-1500.0,0.0
-1500.0
3.0,0.0;0.0,3.0::-1500.0,0.0
-1500.0
0.0,3.0;3.0,1.0::-1500.0,0.0
-1500.0
3.0,1.0;0.0,3.0::-1500.0,0.0
-1500.0
0.0,3.0;3.0,2.0::1000.0,0.0
1000.0
3.0,2.0;0.0,3.0::-1000.0,0.0
-1000.0
0.0,3.0;3.0,3.0::1000.0,0.0
1000.0
3.0,3.0;0.0,3.0::-1000.0,0.0
-1000.0
0.0,3.0;3.0,4.0::982.5,0.0
982.5
3.0,4.0;0.0,3.0::-1003.5,0.0
-1003.5
0.0,3.0;4.0,0.0::-2500.0,0.0
-2500.0
4.0,0.0;0.0,3.0::-500.0,0.0
-500.0
0.0,3.0;4.0,1.0::-2500.0,0.0
-2500.0
4.0,1.0;0.0,3.0::-500.0,0.0
-500.0
0.0,3.0;4.0,2.0::0.0,0.0
0.0
4.0,2.0;0.0,3.0::0.0,0.0
0.0
0.0,3.0;4.0,3.0::0.0,0.0
0.0
4.0,3.0;0.0,3.0::0.0,0.0
0.0
0.0,3.0;4.0,4.0::-17.5,0.0
-17.5
4.0,4.0;0.0,3.0::-3.5,0.0
-3.5
0.0,4.0;0.0,4.0::-21.0,0.0
-21.0
0.0,4.0;0.0,4.0::-21.0,0.0
-21.0
0.0,4.0;1.0,0.0::-1510.5,0.0
-1510.5
1.0,0.0;0.0,4.0::-1510.5,0.0
-1510.5
0.0,4.0;1.0,1.0::-1510.5,0.0
-1510.5
1.0,1.0;0.0,4.0::-1510.5,0.0
-1510.5
0.0,4.0;1.0,2.0::989.5,0.0
989.5
1.0,2.0;0.0,4.0::-1010.5,0.0
-1010.5
0.0,4.0;1.0,3.0::989.5,0.0
989.5
1.0,3.0;0.0,4.0::-1010.5,0.0
-1010.5
0.0,4.0;1.0,4.0::972.0,0.0
972.0
1.0,4.0;0.0,4.0::-1014.0,0.0
-1014.0
0.0,4.0;2.0,0.0::-2000.0,0.0
-2000.0
2.0,0.0;0.0,4.0::-4000.0,0.0
-4000.0
0.0,4.0;2.0,1.0::-2000.0,0.0
-2000.0
2.0,1.0;0.0,4.0::-4000.0,0.0
-4000.0
0.0,4.0;2.0,2.0::500.0,0.0
500.0
2.0,2.0;0.0,4.0::-3500.0,0.0
-3500.0
0.0,4.0;2.0,3.0::500.0,0.0
500.0
2.0,3.0;0.0,4.0::-3500.0,0.0
-3500.0
0.0,4.0;2.0,4.0::482.5,0.0
482.5
2.0,4.0;0.0,4.0::-3503.5,0.0
-3503.5
0.0,4.0;3.0,0.0::-1510.5,0.0
-1510.5
3.0,0.0;0.0,4.0::-1510.5,0.0
-1510.5
0.0,4.0;3.0,1.0::-1510.5,0.0
-1510.5
3.0,1.0;0.0,4.0::-1510.5,0.0
-1510.5
0.0,4.0;3.0,2.0::989.5,0.0
989.5
3.0,2.0;0.0,4.0::-1010.5,0.0
-1010.5
0.0,4.0;3.0,3.0::989.5,0.0
989.5
3.0,3.0;0.0,4.0::-1010.5,0.0
-1010.5
0.0,4.0;3.0,4.0::972.0,0.0
972.0
3.0,4.0;0.0,4.0::-1014.0,0.0
-1014.0
0.0,4.0;4.0,0.0::-2503.5,0.0
-2503.5
4.0,0.0;0.0,4.0::-517.5,0.0
-517.5
0.0,4.0;4.0,1.0::-2503.5,0.0
-2503.5
4.0,1.0;0.0,4.0::-517.5,0.0
-517.5
0.0,4.0;4.0,2.0::-3.5,0.0
-3.5
4.0,2.0;0.0,4.0::-17.5,0.0
-17.5
0.0,4.0;4.0,3.0::-3.5,0.0
-3.5
4.0,3.0;0.0,4.0::-17.5,0.0
-17.5
0.0,4.0;4.0,4.0::-21.0,0.0
-21.0
4.0,4.0;0.0,4.0::-21.0,0.0
-21.0
1.0,0.0;1.0,0.0::-3000.0,0.0
-3000.0
1.0,0.0;1.0,0.0::-3000.0,0.0
-3000.0
1.0,0.0;1.0,1.0::-2250.0,0.0
-2250.0
1.0,1.0;1.0,0.0::-2250.0,0.0
-2250.0
1.0,0.0;1.0,2.0::-2250.0,0.0
-2250.0
1.0,2.0;1.0,0.0::-2250.0,0.0
-2250.0
1.0,0.0;1.0,3.0::-1500.0,0.0
-1500.0
1.0,3.0;1.0,0.0::-1500.0,0.0
-1500.0
1.0,0.0;1.0,4.0::-1510.5,0.0
-1510.5
1.0,4.0;1.0,0.0::-1510.5,0.0
-1510.5
1.0,0.0;2.0,0.0::-2000.0,0.0
-2000.0
2.0,0.0;1.0,0.0::-4000.0,0.0
-4000.0
1.0,0.0;2.0,1.0::-1250.0,0.0
-1250.0
2.0,1.0;1.0,0.0::-3250.0,0.0
-3250.0
1.0,0.0;2.0,2.0::-1250.0,0.0
-1250.0
2.0,2.0;1.0,0.0::-3250.0,0.0
-3250.0
1.0,0.0;2.0,3.0::-500.0,0.0
-500.0
2.0,3.0;1.0,0.0::-2500.0,0.0
-2500.0
1.0,0.0;2.0,4.0::-510.5,0.0
-510.5
2.0,4.0;1.0,0.0::-2510.5,0.0
-2510.5
1.0,0.0;3.0,0.0::-2000.0,0.0
-2000.0
3.0,0.0;1.0,0.0::-4000.0,0.0
-4000.0
1.0,0.0;3.0,1.0::-1250.0,0.0
-1250.0
3.0,1.0;1.0,0.0::-3250.0,0.0
-3250.0
1.0,0.0;3.0,2.0::-1250.0,0.0
-1250.0
3.0,2.0;1.0,0.0::-3250.0,0.0
-3250.0
1.0,0.0;3.0,3.0::-500.0,0.0
-500.0
3.0,3.0;1.0,0.0::-2500.0,0.0
-2500.0
1.0,0.0;3.0,4.0::-510.5,0.0
-510.5
3.0,4.0;1.0,0.0::-2510.5,0.0
-2510.5
1.0,0.0;4.0,0.0::-1515.0,0.0
-1515.0
4.0,0.0;1.0,0.0::-1515.0,0.0
-1515.0
1.0,0.0;4.0,1.0::-765.0,0.0
-765.0
4.0,1.0;1.0,0.0::-765.0,0.0
-765.0
1.0,0.0;4.0,2.0::-765.0,0.0
-765.0
4.0,2.0;1.0,0.0::-765.0,0.0
-765.0
1.0,0.0;4.0,3.0::-15.0,0.0
-15.0
4.0,3.0;1.0,0.0::-15.0,0.0
-15.0
1.0,0.0;4.0,4.0::-25.5,0.0
-25.5
4.0,4.0;1.0,0.0::-25.5,0.0
-25.5
1.0,1.0;1.0,1.0::-1500.0,0.0
-1500.0
1.0,1.0;1.0,1.0::-1500.0,0.0
-1500.0
1.0,1.0;1.0,2.0::-1500.0,0.0
-1500.0
1.0,2.0;1.0,1.0::-1500.0,0.0
-1500.0
1.0,1.0;1.0,3.0::-750.0,0.0
-750.0
1.0,3.0;1.0,1.0::-750.0,0.0
-750.0
1.0,1.0;1.0,4.0::-760.5,0.0
-760.5
1.0,4.0;1.0,1.0::-760.5,0.0
-760.5
1.0,1.0;2.0,0.0::-2250.0,0.0
-2250.0
2.0,0.0;1.0,1.0::-2250.0,0.0
-2250.0
1.0,1.0;2.0,1.0::-1500.0,0.0
-1500.0
2.0,1.0;1.0,1.0::-1500.0,0.0
-1500.0
1.0,1.0;2.0,2.0::-1500.0,0.0
-1500.0
2.0,2.0;1.0,1.0::-1500.0,0.0
-1500.0
1.0,1.0;2.0,3.0::-750.0,0.0
-750.0
2.0,3.0;1.0,1.0::-750.0,0.0
-750.0
1.0,1.0;2.0,4.0::-760.5,0.0
-760.5
2.0,4.0;1.0,1.0::-760.5,0.0
-760.5
1.0,1.0;3.0,0.0::-1500.0,0.0
-1500.0
3.0,0.0;1.0,1.0::-1500.0,0.0
-1500.0
1.0,1.0;3.0,1.0::-750.0,0.0
-750.0
3.0,1.0;1.0,1.0::-750.0,0.0
-750.0
1.0,1.0;3.0,2.0::-750.0,0.0
-750.0
3.0,2.0;1.0,1.0::-750.0,0.0
-750.0
1.0,1.0;3.0,3.0::0.0,0.0
0.0
3.0,3.0;1.0,1.0::0.0,0.0
0.0
1.0,1.0;3.0,4.0::-10.5,0.0
-10.5
3.0,4.0;1.0,1.0::-10.5,0.0
-10.5
1.0,1.0;4.0,0.0::-1515.0,0.0
-1515.0
4.0,0.0;1.0,1.0::-1515.0,0.0
-1515.0
1.0,1.0;4.0,1.0::-765.0,0.0
-765.0
4.0,1.0;1.0,1.0::-765.0,0.0
-765.0
1.0,1.0;4.0,2.0::-765.0,0.0
-765.0
4.0,2.0;1.0,1.0::-765.0,0.0
-765.0
1.0,1.0;4.0,3.0::-15.0,0.0
-15.0
4.0,3.0;1.0,1.0::-15.0,0.0
-15.0
1.0,1.0;4.0,4.0::-25.5,0.0
-25.5
4.0,4.0;1.0,1.0::-25.5,0.0
-25.5
1.0,2.0;1.0,2.0::-1500.0,0.0
-1500.0
1.0,2.0;1.0,2.0::-1500.0,0.0
-1500.0
1.0,2.0;1.0,3.0::-750.0,0.0
-750.0
1.0,3.0;1.0,2.0::-750.0,0.0
-750.0
1.0,2.0;1.0,4.0::-760.5,0.0
-760.5
1.0,4.0;1.0,2.0::-760.5,0.0
-760.5
1.0,2.0;2.0,0.0::-2250.0,0.0
-2250.0
2.0,0.0;1.0,2.0::-2250.0,0.0
-2250.0
1.0,2.0;2.0,1.0::-1500.0,0.0
-1500.0
2.0,1.0;1.0,2.0::-1500.0,0.0
-1500.0
1.0,2.0;2.0,2.0::-1500.0,0.0
-1500.0
2.0,2.0;1.0,2.0::-1500.0,0.0
-1500.0
1.0,2.0;2.0,3.0::-750.0,0.0
-750.0
2.0,3.0;1.0,2.0::-750.0,0.0
-750.0
1.0,2.0;2.0,4.0::-760.5,0.0
-760.5
2.0,4.0;1.0,2.0::-760.5,0.0
-760.5
1.0,2.0;3.0,0.0::-2000.0,0.0
-2000.0
3.0,0.0;1.0,2.0::-4000.0,0.0
-4000.0
1.0,2.0;3.0,1.0::-1250.0,0.0
-1250.0
3.0,1.0;1.0,2.0::-3250.0,0.0
-3250.0
1.0,2.0;3.0,2.0::-1250.0,0.0
-1250.0
3.0,2.0;1.0,2.0::-3250.0,0.0
-3250.0
1.0,2.0;3.0,3.0::-500.0,0.0
-500.0
3.0,3.0;1.0,2.0::-2500.0,0.0
-2500.0
1.0,2.0;3.0,4.0::-510.5,0.0
-510.5
3.0,4.0;1.0,2.0::-2510.5,0.0
-2510.5
1.0,2.0;4.0,0.0::-2500.0,0.0
-2500.0
4.0,0.0;1.0,2.0::-500.0,0.0
-500.0
1.0,2.0;4.0,1.0::-1750.0,0.0
-1750.0
4.0,1.0;1.0,2.0::250.0,0.0
250.0
1.0,2.0;4.0,2.0::-1750.0,0.0
-1750.0
4.0,2.0;1.0,2.0::250.0,0.0
250.0
1.0,2.0;4.0,3.0::-1000.0,0.0
-1000.0
4.0,3.0;1.0,2.0::1000.0,0.0
1000.0
1.0,2.0;4.0,4.0::-1010.5,0.0
-1010.5
4.0,4.0;1.0,2.0::989.5,0.0
989.5
1.0,3.0;1.0,3.0::0.0,0.0
0.0
1.0,3.0;1.0,3.0::0.0,0.0
0.0
1.0,3.0;1.0,4.0::-10.5,0.0
-10.5
1.0,4.0;1.0,3.0::-10.5,0.0
-10.5
1.0,3.0;2.0,0.0::-2500.0,0.0
-2500.0
2.0,0.0;1.0,3.0::-500.0,0.0
-500.0
1.0,3.0;2.0,1.0::-1750.0,0.0
-1750.0
2.0,1.0;1.0,3.0::250.0,0.0
250.0
1.0,3.0;2.0,2.0::-1750.0,0.0
-1750.0
2.0,2.0;1.0,3.0::250.0,0.0
250.0
1.0,3.0;2.0,3.0::-1000.0,0.0
-1000.0
2.0,3.0;1.0,3.0::1000.0,0.0
1000.0
1.0,3.0;2.0,4.0::-1010.5,0.0
-1010.5
2.0,4.0;1.0,3.0::989.5,0.0
989.5
1.0,3.0;3.0,0.0::-1500.0,0.0
-1500.0
3.0,0.0;1.0,3.0::-1500.0,0.0
-1500.0
1.0,3.0;3.0,1.0::-750.0,0.0
-750.0
3.0,1.0;1.0,3.0::-750.0,0.0
-750.0
1.0,3.0;3.0,2.0::-750.0,0.0
-750.0
3.0,2.0;1.0,3.0::-750.0,0.0
-750.0
1.0,3.0;3.0,3.0::0.0,0.0
0.0
3.0,3.0;1.0,3.0::0.0,0.0
0.0
1.0,3.0;3.0,4.0::-10.5,0.0
-10.5
3.0,4.0;1.0,3.0::-10.5,0.0
-10.5
1.0,3.0;4.0,0.0::-2500.0,0.0
-2500.0
4.0,0.0;1.0,3.0::-500.0,0.0
-500.0
1.0,3.0;4.0,1.0::-1750.0,0.0
-1750.0
4.0,1.0;1.0,3.0::250.0,0.0
250.0
1.0,3.0;4.0,2.0::-1750.0,0.0
-1750.0
4.0,2.0;1.0,3.0::250.0,0.0
250.0
1.0,3.0;4.0,3.0::-1000.0,0.0
-1000.0
4.0,3.0;1.0,3.0::1000.0,0.0
1000.0
1.0,3.0;4.0,4.0::-1010.5,0.0
-1010.5
4.0,4.0;1.0,3.0::989.5,0.0
989.5
1.0,4.0;1.0,4.0::-21.0,0.0
-21.0
1.0,4.0;1.0,4.0::-21.0,0.0
-21.0
1.0,4.0;2.0,0.0::-2000.0,0.0
-2000.0
2.0,0.0;1.0,4.0::-4000.0,0.0
-4000.0
1.0,4.0;2.0,1.0::-1250.0,0.0
-1250.0
2.0,1.0;1.0,4.0::-3250.0,0.0
-3250.0
1.0,4.0;2.0,2.0::-1250.0,0.0
-1250.0
2.0,2.0;1.0,4.0::-3250.0,0.0
-3250.0
1.0,4.0;2.0,3.0::-500.0,0.0
-500.0
2.0,3.0;1.0,4.0::-2500.0,0.0
-2500.0
1.0,4.0;2.0,4.0::-510.5,0.0
-510.5
2.0,4.0;1.0,4.0::-2510.5,0.0
-2510.5
1.0,4.0;3.0,0.0::-1510.5,0.0
-1510.5
3.0,0.0;1.0,4.0::-1510.5,0.0
-1510.5
1.0,4.0;3.0,1.0::-760.5,0.0
-760.5
3.0,1.0;1.0,4.0::-760.5,0.0
-760.5
1.0,4.0;3.0,2.0::-760.5,0.0
-760.5
3.0,2.0;1.0,4.0::-760.5,0.0
-760.5
1.0,4.0;3.0,3.0::-10.5,0.0
-10.5
3.0,3.0;1.0,4.0::-10.5,0.0
-10.5
1.0,4.0;3.0,4.0::-21.0,0.0
-21.0
3.0,4.0;1.0,4.0::-21.0,0.0
-21.0
1.0,4.0;4.0,0.0::-2503.5,0.0
-2503.5
4.0,0.0;1.0,4.0::-517.5,0.0
-517.5
1.0,4.0;4.0,1.0::-1753.5,0.0
-1753.5
4.0,1.0;1.0,4.0::232.5,0.0
232.5
1.0,4.0;4.0,2.0::-1753.5,0.0
-1753.5
4.0,2.0;1.0,4.0::232.5,0.0
232.5
1.0,4.0;4.0,3.0::-1003.5,0.0
-1003.5
4.0,3.0;1.0,4.0::982.5,0.0
982.5
1.0,4.0;4.0,4.0::-1014.0,0.0
-1014.0
4.0,4.0;1.0,4.0::972.0,0.0
972.0
2.0,0.0;2.0,0.0::-3000.0,0.0
-3000.0
2.0,0.0;2.0,0.0::-3000.0,0.0
-3000.0
2.0,0.0;2.0,1.0::-1250.0,0.0
-1250.0
2.0,1.0;2.0,0.0::-3250.0,0.0
-3250.0
2.0,0.0;2.0,2.0::-1250.0,0.0
-1250.0
2.0,2.0;2.0,0.0::-3250.0,0.0
-3250.0
2.0,0.0;2.0,3.0::500.0,0.0
500.0
2.0,3.0;2.0,0.0::-3500.0,0.0
-3500.0
2.0,0.0;2.0,4.0::-3000.0,0.0
-3000.0
2.0,4.0;2.0,0.0::-3000.0,0.0
-3000.0
2.0,0.0;3.0,0.0::-3000.0,0.0
-3000.0
3.0,0.0;2.0,0.0::-3000.0,0.0
-3000.0
2.0,0.0;3.0,1.0::-1250.0,0.0
-1250.0
3.0,1.0;2.0,0.0::-3250.0,0.0
-3250.0
2.0,0.0;3.0,2.0::-1250.0,0.0
-1250.0
3.0,2.0;2.0,0.0::-3250.0,0.0
-3250.0
2.0,0.0;3.0,3.0::500.0,0.0
500.0
3.0,3.0;2.0,0.0::-3500.0,0.0
-3500.0
2.0,0.0;3.0,4.0::-3000.0,0.0
-3000.0
3.0,4.0;2.0,0.0::-3000.0,0.0
-3000.0
2.0,0.0;4.0,0.0::-2515.0,0.0
-2515.0
4.0,0.0;2.0,0.0::-515.0,0.0
-515.0
2.0,0.0;4.0,1.0::-765.0,0.0
-765.0
4.0,1.0;2.0,0.0::-765.0,0.0
-765.0
2.0,0.0;4.0,2.0::-765.0,0.0
-765.0
4.0,2.0;2.0,0.0::-765.0,0.0
-765.0
2.0,0.0;4.0,3.0::985.0,0.0
985.0
4.0,3.0;2.0,0.0::-1015.0,0.0
-1015.0
2.0,0.0;4.0,4.0::-2515.0,0.0
-2515.0
4.0,4.0;2.0,0.0::-515.0,0.0
-515.0
2.0,1.0;2.0,1.0::-1500.0,0.0
-1500.0
2.0,1.0;2.0,1.0::-1500.0,0.0
-1500.0
2.0,1.0;2.0,2.0::-1500.0,0.0
-1500.0
2.0,2.0;2.0,1.0::-1500.0,0.0
-1500.0
2.0,1.0;2.0,3.0::250.0,0.0
250.0
2.0,3.0;2.0,1.0::-1750.0,0.0
-1750.0
2.0,1.0;2.0,4.0::-3250.0,0.0
-3250.0
2.0,4.0;2.0,1.0::-1250.0,0.0
-1250.0
2.0,1.0;3.0,0.0::-2500.0,0.0
-2500.0
3.0,0.0;2.0,1.0::-500.0,0.0
-500.0
2.0,1.0;3.0,1.0::-750.0,0.0
-750.0
3.0,1.0;2.0,1.0::-750.0,0.0
-750.0
2.0,1.0;3.0,2.0::-750.0,0.0
-750.0
3.0,2.0;2.0,1.0::-750.0,0.0
-750.0
2.0,1.0;3.0,3.0::1000.0,0.0
1000.0
3.0,3.0;2.0,1.0::-1000.0,0.0
-1000.0
2.0,1.0;3.0,4.0::-2500.0,0.0
-2500.0
3.0,4.0;2.0,1.0::-500.0,0.0
-500.0
2.0,1.0;4.0,0.0::-2515.0,0.0
-2515.0
4.0,0.0;2.0,1.0::-515.0,0.0
-515.0
2.0,1.0;4.0,1.0::-765.0,0.0
-765.0
4.0,1.0;2.0,1.0::-765.0,0.0
-765.0
2.0,1.0;4.0,2.0::-765.0,0.0
-765.0
4.0,2.0;2.0,1.0::-765.0,0.0
-765.0
2.0,1.0;4.0,3.0::985.0,0.0
985.0
4.0,3.0;2.0,1.0::-1015.0,0.0
-1015.0
2.0,1.0;4.0,4.0::-2515.0,0.0
-2515.0
4.0,4.0;2.0,1.0::-515.0,0.0
-515.0
2.0,2.0;2.0,2.0::-1500.0,0.0
-1500.0
2.0,2.0;2.0,2.0::-1500.0,0.0
-1500.0
2.0,2.0;2.0,3.0::250.0,0.0
250.0
2.0,3.0;2.0,2.0::-1750.0,0.0
-1750.0
2.0,2.0;2.0,4.0::-3250.0,0.0
-3250.0
2.0,4.0;2.0,2.0::-1250.0,0.0
-1250.0
2.0,2.0;3.0,0.0::-3000.0,0.0
-3000.0
3.0,0.0;2.0,2.0::-3000.0,0.0
-3000.0
2.0,2.0;3.0,1.0::-1250.0,0.0
-1250.0
3.0,1.0;2.0,2.0::-3250.0,0.0
-3250.0
2.0,2.0;3.0,2.0::-1250.0,0.0
-1250.0
3.0,2.0;2.0,2.0::-3250.0,0.0
-3250.0
2.0,2.0;3.0,3.0::500.0,0.0
500.0
3.0,3.0;2.0,2.0::-3500.0,0.0
-3500.0
2.0,2.0;3.0,4.0::-3000.0,0.0
-3000.0
3.0,4.0;2.0,2.0::-3000.0,0.0
-3000.0
2.0,2.0;4.0,0.0::-3500.0,0.0
-3500.0
4.0,0.0;2.0,2.0::500.0,0.0
500.0
2.0,2.0;4.0,1.0::-1750.0,0.0
-1750.0
4.0,1.0;2.0,2.0::250.0,0.0
250.0
2.0,2.0;4.0,2.0::-1750.0,0.0
-1750.0
4.0,2.0;2.0,2.0::250.0,0.0
250.0
2.0,2.0;4.0,3.0::0.0,0.0
0.0
4.0,3.0;2.0,2.0::0.0,0.0
0.0
2.0,2.0;4.0,4.0::-3500.0,0.0
-3500.0
4.0,4.0;2.0,2.0::500.0,0.0
500.0
2.0,3.0;2.0,3.0::0.0,0.0
0.0
2.0,3.0;2.0,3.0::0.0,0.0
0.0
2.0,3.0;2.0,4.0::-3500.0,0.0
-3500.0
2.0,4.0;2.0,3.0::500.0,0.0
500.0
2.0,3.0;3.0,0.0::-2500.0,0.0
-2500.0
3.0,0.0;2.0,3.0::-500.0,0.0
-500.0
2.0,3.0;3.0,1.0::-750.0,0.0
-750.0
3.0,1.0;2.0,3.0::-750.0,0.0
-750.0
2.0,3.0;3.0,2.0::-750.0,0.0
-750.0
3.0,2.0;2.0,3.0::-750.0,0.0
-750.0
2.0,3.0;3.0,3.0::1000.0,0.0
1000.0
3.0,3.0;2.0,3.0::-1000.0,0.0
-1000.0
2.0,3.0;3.0,4.0::-2500.0,0.0
-2500.0
3.0,4.0;2.0,3.0::-500.0,0.0
-500.0
2.0,3.0;4.0,0.0::-3500.0,0.0
-3500.0
4.0,0.0;2.0,3.0::500.0,0.0
500.0
2.0,3.0;4.0,1.0::-1750.0,0.0
-1750.0
4.0,1.0;2.0,3.0::250.0,0.0
250.0
2.0,3.0;4.0,2.0::-1750.0,0.0
-1750.0
4.0,2.0;2.0,3.0::250.0,0.0
250.0
2.0,3.0;4.0,3.0::0.0,0.0
0.0
4.0,3.0;2.0,3.0::0.0,0.0
0.0
2.0,3.0;4.0,4.0::-3500.0,0.0
-3500.0
4.0,4.0;2.0,3.0::500.0,0.0
500.0
2.0,4.0;2.0,4.0::-3000.0,0.0
-3000.0
2.0,4.0;2.0,4.0::-3000.0,0.0
-3000.0
2.0,4.0;3.0,0.0::-2510.5,0.0
-2510.5
3.0,0.0;2.0,4.0::-510.5,0.0
-510.5
2.0,4.0;3.0,1.0::-760.5,0.0
-760.5
3.0,1.0;2.0,4.0::-760.5,0.0
-760.5
2.0,4.0;3.0,2.0::-760.5,0.0
-760.5
3.0,2.0;2.0,4.0::-760.5,0.0
-760.5
2.0,4.0;3.0,3.0::989.5,0.0
989.5
3.0,3.0;2.0,4.0::-1010.5,0.0
-1010.5
2.0,4.0;3.0,4.0::-2510.5,0.0
-2510.5
3.0,4.0;2.0,4.0::-510.5,0.0
-510.5
2.0,4.0;4.0,0.0::-3503.5,0.0
-3503.5
4.0,0.0;2.0,4.0::482.5,0.0
482.5
2.0,4.0;4.0,1.0::-1753.5,0.0
-1753.5
4.0,1.0;2.0,4.0::232.5,0.0
232.5
2.0,4.0;4.0,2.0::-1753.5,0.0
-1753.5
4.0,2.0;2.0,4.0::232.5,0.0
232.5
2.0,4.0;4.0,3.0::-3.5,0.0
-3.5
4.0,3.0;2.0,4.0::-17.5,0.0
-17.5
2.0,4.0;4.0,4.0::-3503.5,0.0
-3503.5
4.0,4.0;2.0,4.0::482.5,0.0
482.5
3.0,0.0;3.0,0.0::-3000.0,0.0
-3000.0
3.0,0.0;3.0,0.0::-3000.0,0.0
-3000.0
3.0,0.0;3.0,1.0::-500.0,0.0
-500.0
3.0,1.0;3.0,0.0::-2500.0,0.0
-2500.0
3.0,0.0;3.0,2.0::-3000.0,0.0
-3000.0
3.0,2.0;3.0,0.0::-3000.0,0.0
-3000.0
3.0,0.0;3.0,3.0::-500.0,0.0
-500.0
3.0,3.0;3.0,0.0::-2500.0,0.0
-2500.0
3.0,0.0;3.0,4.0::-510.5,0.0
-510.5
3.0,4.0;3.0,0.0::-2510.5,0.0
-2510.5
3.0,0.0;4.0,0.0::-2515.0,0.0
-2515.0
4.0,0.0;3.0,0.0::-515.0,0.0
-515.0
3.0,0.0;4.0,1.0::-15.0,0.0
-15.0
4.0,1.0;3.0,0.0::-15.0,0.0
-15.0
3.0,0.0;4.0,2.0::-2515.0,0.0
-2515.0
4.0,2.0;3.0,0.0::-515.0,0.0
-515.0
3.0,0.0;4.0,3.0::-15.0,0.0
-15.0
4.0,3.0;3.0,0.0::-15.0,0.0
-15.0
3.0,0.0;4.0,4.0::-25.5,0.0
-25.5
4.0,4.0;3.0,0.0::-25.5,0.0
-25.5
3.0,1.0;3.0,1.0::0.0,0.0
0.0
3.0,1.0;3.0,1.0::0.0,0.0
0.0
3.0,1.0;3.0,2.0::-2500.0,0.0
-2500.0
3.0,2.0;3.0,1.0::-500.0,0.0
-500.0
3.0,1.0;3.0,3.0::0.0,0.0
0.0
3.0,3.0;3.0,1.0::0.0,0.0
0.0
3.0,1.0;3.0,4.0::-10.5,0.0
-10.5
3.0,4.0;3.0,1.0::-10.5,0.0
-10.5
3.0,1.0;4.0,0.0::-2515.0,0.0
-2515.0
4.0,0.0;3.0,1.0::-515.0,0.0
-515.0
3.0,1.0;4.0,1.0::-15.0,0.0
-15.0
4.0,1.0;3.0,1.0::-15.0,0.0
-15.0
3.0,1.0;4.0,2.0::-2515.0,0.0
-2515.0
4.0,2.0;3.0,1.0::-515.0,0.0
-515.0
3.0,1.0;4.0,3.0::-15.0,0.0
-15.0
4.0,3.0;3.0,1.0::-15.0,0.0
-15.0
3.0,1.0;4.0,4.0::-25.5,0.0
-25.5
4.0,4.0;3.0,1.0::-25.5,0.0
-25.5
3.0,2.0;3.0,2.0::-3000.0,0.0
-3000.0
3.0,2.0;3.0,2.0::-3000.0,0.0
-3000.0
3.0,2.0;3.0,3.0::-500.0,0.0
-500.0
3.0,3.0;3.0,2.0::-2500.0,0.0
-2500.0
3.0,2.0;3.0,4.0::-510.5,0.0
-510.5
3.0,4.0;3.0,2.0::-2510.5,0.0
-2510.5
3.0,2.0;4.0,0.0::-3500.0,0.0
-3500.0
4.0,0.0;3.0,2.0::500.0,0.0
500.0
3.0,2.0;4.0,1.0::-1000.0,0.0
-1000.0
4.0,1.0;3.0,2.0::1000.0,0.0
1000.0
3.0,2.0;4.0,2.0::-3500.0,0.0
-3500.0
4.0,2.0;3.0,2.0::500.0,0.0
500.0
3.0,2.0;4.0,3.0::-1000.0,0.0
-1000.0
4.0,3.0;3.0,2.0::1000.0,0.0
1000.0
3.0,2.0;4.0,4.0::-1010.5,0.0
-1010.5
4.0,4.0;3.0,2.0::989.5,0.0
989.5
3.0,3.0;3.0,3.0::0.0,0.0
0.0
3.0,3.0;3.0,3.0::0.0,0.0
0.0
3.0,3.0;3.0,4.0::-10.5,0.0
-10.5
3.0,4.0;3.0,3.0::-10.5,0.0
-10.5
3.0,3.0;4.0,0.0::-3500.0,0.0
-3500.0
4.0,0.0;3.0,3.0::500.0,0.0
500.0
3.0,3.0;4.0,1.0::-1000.0,0.0
-1000.0
4.0,1.0;3.0,3.0::1000.0,0.0
1000.0
3.0,3.0;4.0,2.0::-3500.0,0.0
-3500.0
4.0,2.0;3.0,3.0::500.0,0.0
500.0
3.0,3.0;4.0,3.0::-1000.0,0.0
-1000.0
4.0,3.0;3.0,3.0::1000.0,0.0
1000.0
3.0,3.0;4.0,4.0::-1010.5,0.0
-1010.5
4.0,4.0;3.0,3.0::989.5,0.0
989.5
3.0,4.0;3.0,4.0::-21.0,0.0
-21.0
3.0,4.0;3.0,4.0::-21.0,0.0
-21.0
3.0,4.0;4.0,0.0::-3503.5,0.0
-3503.5
4.0,0.0;3.0,4.0::482.5,0.0
482.5
3.0,4.0;4.0,1.0::-1003.5,0.0
-1003.5
4.0,1.0;3.0,4.0::982.5,0.0
982.5
3.0,4.0;4.0,2.0::-3503.5,0.0
-3503.5
4.0,2.0;3.0,4.0::482.5,0.0
482.5
3.0,4.0;4.0,3.0::-1003.5,0.0
-1003.5
4.0,3.0;3.0,4.0::982.5,0.0
982.5
3.0,4.0;4.0,4.0::-1014.0,0.0
-1014.0
4.0,4.0;3.0,4.0::972.0,0.0
972.0
4.0,0.0;4.0,0.0::-30.0,0.0
-30.0
4.0,0.0;4.0,0.0::-30.0,0.0
-30.0
4.0,0.0;4.0,1.0::-30.0,0.0
-30.0
4.0,1.0;4.0,0.0::-30.0,0.0
-30.0
4.0,0.0;4.0,2.0::985.0,0.0
985.0
4.0,2.0;4.0,0.0::-1015.0,0.0
-1015.0
4.0,0.0;4.0,3.0::985.0,0.0
985.0
4.0,3.0;4.0,0.0::-1015.0,0.0
-1015.0
4.0,0.0;4.0,4.0::967.5,0.0
967.5
4.0,4.0;4.0,0.0::-1018.5,0.0
-1018.5
4.0,1.0;4.0,1.0::-30.0,0.0
-30.0
4.0,1.0;4.0,1.0::-30.0,0.0
-30.0
4.0,1.0;4.0,2.0::985.0,0.0
985.0
4.0,2.0;4.0,1.0::-1015.0,0.0
-1015.0
4.0,1.0;4.0,3.0::985.0,0.0
985.0
4.0,3.0;4.0,1.0::-1015.0,0.0
-1015.0
4.0,1.0;4.0,4.0::967.5,0.0
967.5
4.0,4.0;4.0,1.0::-1018.5,0.0
-1018.5
4.0,2.0;4.0,2.0::0.0,0.0
0.0
4.0,2.0;4.0,2.0::0.0,0.0
0.0
4.0,2.0;4.0,3.0::0.0,0.0
0.0
4.0,3.0;4.0,2.0::0.0,0.0
0.0
4.0,2.0;4.0,4.0::-17.5,0.0
-17.5
4.0,4.0;4.0,2.0::-3.5,0.0
-3.5
4.0,3.0;4.0,3.0::0.0,0.0
0.0
4.0,3.0;4.0,3.0::0.0,0.0
0.0
4.0,3.0;4.0,4.0::-17.5,0.0
-17.5
4.0,4.0;4.0,3.0::-3.5,0.0
-3.5
4.0,4.0;4.0,4.0::-21.0,0.0
-21.0
4.0,4.0;4.0,4.0::-21.0,0.0
-21.0
