0.0,1.0;0.0,1.0::-2500.0,0.0
-2500.0
0.0,1.0;0.0,1.0::-2500.0,0.0
-2500.0
0.0,1.0;0.0,2.0::0.0,0.0
0.0
0.0,2.0;0.0,1.0::-2000.0,0.0
-2000.0
0.0,1.0;0.0,3.0::0.0,0.0
0.0
0.0,3.0;0.0,1.0::-2000.0,0.0
-2000.0
0.0,1.0;0.0,4.0::-25.0,0.0
-25.0
0.0,4.0;0.0,1.0::-2005.0,0.0
-2005.0
0.0,1.0;1.0,0.0::-2000.0,0.0
-2000.0
1.0,0.0;0.0,1.0::-1750.0,0.0
-1750.0
0.0,1.0;1.0,1.0::-2000.0,0.0
-2000.0
1.0,1.0;0.0,1.0::-1750.0,0.0
-1750.0
0.0,1.0;1.0,2.0::500.0,0.0
500.0
1.0,2.0;0.0,1.0::-1250.0,0.0
-1250.0
0.0,1.0;1.0,3.0::500.0,0.0
500.0
1.0,3.0;0.0,1.0::-1250.0,0.0
-1250.0
0.0,1.0;1.0,4.0::475.0,0.0
475.0
1.0,4.0;0.0,1.0::-1255.0,0.0
-1255.0
0.0,1.0;2.0,0.0::-2000.0,0.0
-2000.0
2.0,0.0;0.0,1.0::-1750.0,0.0
-1750.0
0.0,1.0;2.0,1.0::-2000.0,0.0
-2000.0
2.0,1.0;0.0,1.0::-1750.0,0.0
-1750.0
0.0,1.0;2.0,2.0::500.0,0.0
500.0
2.0,2.0;0.0,1.0::-1250.0,0.0
-1250.0
0.0,1.0;2.0,3.0::500.0,0.0
500.0
2.0,3.0;0.0,1.0::-1250.0,0.0
-1250.0
0.0,1.0;2.0,4.0::475.0,0.0
475.0
2.0,4.0;0.0,1.0::-1255.0,0.0
-1255.0
0.0,1.0;3.0,0.0::-1500.0,0.0
-1500.0
3.0,0.0;0.0,1.0::-1000.0,0.0
-1000.0
0.0,1.0;3.0,1.0::-1500.0,0.0
-1500.0
3.0,1.0;0.0,1.0::-1000.0,0.0
-1000.0
0.0,1.0;3.0,2.0::1000.0,0.0
1000.0
3.0,2.0;0.0,1.0::-500.0,0.0
-500.0
0.0,1.0;3.0,3.0::1000.0,0.0
1000.0
3.0,3.0;0.0,1.0::-500.0,0.0
-500.0
0.0,1.0;3.0,4.0::975.0,0.0
975.0
3.0,4.0;0.0,1.0::-505.0,0.0
-505.0
0.0,1.0;4.0,0.0::-1505.0,0.0
-1505.0
4.0,0.0;0.0,1.0::-1007.5,0.0
-1007.5
0.0,1.0;4.0,1.0::-1505.0,0.0
-1505.0
4.0,1.0;0.0,1.0::-1007.5,0.0
-1007.5
0.0,1.0;4.0,2.0::995.0,0.0
995.0
4.0,2.0;0.0,1.0::-507.5,0.0
-507.5
0.0,1.0;4.0,3.0::995.0,0.0
995.0
4.0,3.0;0.0,1.0::-507.5,0.0
-507.5
0.0,1.0;4.0,4.0::970.0,0.0
970.0
4.0,4.0;0.0,1.0::-512.5,0.0
-512.5
