0.0,0.0;0.0,0.0::-2500.0,0.0
-2500.0
0.0,0.0;0.0,0.0::-2500.0,0.0
-2500.0
0.0,0.0;0.0,1.0::-2500.0,0.0
-2500.0
0.0,1.0;0.0,0.0::-2500.0,0.0
-2500.0
0.0,0.0;0.0,2.0::0.0,0.0
0.0
0.0,2.0;0.0,0.0::-2500.0,0.0
-2500.0
0.0,0.0;0.0,3.0::0.0,0.0
0.0
0.0,3.0;0.0,0.0::-2500.0,0.0
-2500.0
0.0,0.0;0.0,4.0::-12.5,0.0
-12.5
0.0,4.0;0.0,0.0::-2500.0,0.0
-2500.0
0.0,0.0;1.0,0.0::-2500.0,0.0
-2500.0
1.0,0.0;0.0,0.0::-2500.0,0.0
-2500.0
0.0,0.0;1.0,1.0::-2500.0,0.0
-2500.0
1.0,1.0;0.0,0.0::-2500.0,0.0
-2500.0
0.0,0.0;1.0,2.0::0.0,0.0
0.0
1.0,2.0;0.0,0.0::-2500.0,0.0
-2500.0
0.0,0.0;1.0,3.0::0.0,0.0
0.0
1.0,3.0;0.0,0.0::-2500.0,0.0
-2500.0
0.0,0.0;1.0,4.0::-12.5,0.0
-12.5
1.0,4.0;0.0,0.0::-2500.0,0.0
-2500.0
0.0,0.0;2.0,0.0::-1500.0,0.0
-1500.0
2.0,0.0;0.0,0.0::-3500.0,0.0
-3500.0
0.0,0.0;2.0,1.0::-1500.0,0.0
-1500.0
2.0,1.0;0.0,0.0::-3500.0,0.0
-3500.0
0.0,0.0;2.0,2.0::1000.0,0.0
1000.0
2.0,2.0;0.0,0.0::-3500.0,0.0
-3500.0
0.0,0.0;2.0,3.0::1000.0,0.0
1000.0
2.0,3.0;0.0,0.0::-3500.0,0.0
-3500.0
0.0,0.0;2.0,4.0::987.5,0.0
987.5
2.0,4.0;0.0,0.0::-3500.0,0.0
-3500.0
0.0,0.0;3.0,0.0::-1500.0,0.0
-1500.0
3.0,0.0;0.0,0.0::-3500.0,0.0
-3500.0
0.0,0.0;3.0,1.0::-1500.0,0.0
-1500.0
3.0,1.0;0.0,0.0::-3500.0,0.0
-3500.0
0.0,0.0;3.0,2.0::1000.0,0.0
1000.0
3.0,2.0;0.0,0.0::-3500.0,0.0
-3500.0
0.0,0.0;3.0,3.0::1000.0,0.0
1000.0
3.0,3.0;0.0,0.0::-3500.0,0.0
-3500.0
0.0,0.0;3.0,4.0::987.5,0.0
987.5
3.0,4.0;0.0,0.0::-3500.0,0.0
-3500.0
0.0,0.0;4.0,0.0::-1510.0,0.0
-1510.0
4.0,0.0;0.0,0.0::-1015.0,0.0
-1015.0
0.0,0.0;4.0,1.0::-1510.0,0.0
-1510.0
4.0,1.0;0.0,0.0::-1015.0,0.0
-1015.0
0.0,0.0;4.0,2.0::990.0,0.0
990.0
4.0,2.0;0.0,0.0::-1015.0,0.0
-1015.0
0.0,0.0;4.0,3.0::990.0,0.0
990.0
4.0,3.0;0.0,0.0::-1015.0,0.0
-1015.0
0.0,0.0;4.0,4.0::977.5,0.0
977.5
4.0,4.0;0.0,0.0::-1015.0,0.0
-1015.0
