3.0,0.0;3.0,0.0::-2500.0,0.0
-2500.0
3.0,0.0;3.0,0.0::-2500.0,0.0
-2500.0
3.0,0.0;3.0,1.0::0.0,0.0
0.0
3.0,1.0;3.0,0.0::-2500.0,0.0
-2500.0
3.0,0.0;3.0,2.0::-2500.0,0.0
-2500.0
3.0,2.0;3.0,0.0::-2500.0,0.0
-2500.0
3.0,0.0;3.0,3.0::0.0,0.0
0.0
3.0,3.0;3.0,0.0::-2500.0,0.0
-2500.0
3.0,0.0;3.0,4.0::-7.5,0.0
-7.5
3.0,4.0;3.0,0.0::-2505.0,0.0
-2505.0
3.0,0.0;4.0,0.0::-2510.0,0.0
-2510.0
4.0,0.0;3.0,0.0::-15.0,0.0
-15.0
3.0,0.0;4.0,1.0::-10.0,0.0
-10.0
4.0,1.0;3.0,0.0::-15.0,0.0
-15.0
3.0,0.0;4.0,2.0::-2510.0,0.0
-2510.0
4.0,2.0;3.0,0.0::-15.0,0.0
-15.0
3.0,0.0;4.0,3.0::-10.0,0.0
-10.0
4.0,3.0;3.0,0.0::-15.0,0.0
-15.0
3.0,0.0;4.0,4.0::-17.5,0.0
-17.5
4.0,4.0;3.0,0.0::-20.0,0.0
-20.0
