1.0,0.0;1.0,0.0::-2500.0,0.0
-2500.0
1.0,0.0;1.0,0.0::-2500.0,0.0
-2500.0
1.0,0.0;1.0,1.0::-1750.0,0.0
-1750.0
1.0,1.0;1.0,0.0::-2000.0,0.0
-2000.0
1.0,0.0;1.0,2.0::-1750.0,0.0
-1750.0
1.0,2.0;1.0,0.0::-2000.0,0.0
-2000.0
1.0,0.0;1.0,3.0::-1000.0,0.0
-1000.0
1.0,3.0;1.0,0.0::-1500.0,0.0
-1500.0
1.0,0.0;1.0,4.0::-1007.5,0.0
-1007.5
1.0,4.0;1.0,0.0::-1505.0,0.0
-1505.0
1.0,0.0;2.0,0.0::-1500.0,0.0
-1500.0
2.0,0.0;1.0,0.0::-3500.0,0.0
-3500.0
1.0,0.0;2.0,1.0::-750.0,0.0
-750.0
2.0,1.0;1.0,0.0::-3000.0,0.0
-3000.0
1.0,0.0;2.0,2.0::-750.0,0.0
-750.0
2.0,2.0;1.0,0.0::-3000.0,0.0
-3000.0
1.0,0.0;2.0,3.0::0.0,0.0
0.0
2.0,3.0;1.0,0.0::-2500.0,0.0
-2500.0
1.0,0.0;2.0,4.0::-7.5,0.0
-7.5
2.0,4.0;1.0,0.0::-2505.0,0.0
-2505.0
1.0,0.0;3.0,0.0::-1500.0,0.0
-1500.0
3.0,0.0;1.0,0.0::-3500.0,0.0
-3500.0
1.0,0.0;3.0,1.0::-750.0,0.0
-750.0
3.0,1.0;1.0,0.0::-3000.0,0.0
-3000.0
1.0,0.0;3.0,2.0::-750.0,0.0
-750.0
3.0,2.0;1.0,0.0::-3000.0,0.0
-3000.0
1.0,0.0;3.0,3.0::0.0,0.0
0.0
3.0,3.0;1.0,0.0::-2500.0,0.0
-2500.0
1.0,0.0;3.0,4.0::-7.5,0.0
-7.5
3.0,4.0;1.0,0.0::-2505.0,0.0
-2505.0
1.0,0.0;4.0,0.0::-1510.0,0.0
-1510.0
4.0,0.0;1.0,0.0::-1015.0,0.0
-1015.0
1.0,0.0;4.0,1.0::-760.0,0.0
-760.0
4.0,1.0;1.0,0.0::-515.0,0.0
-515.0
1.0,0.0;4.0,2.0::-760.0,0.0
-760.0
4.0,2.0;1.0,0.0::-515.0,0.0
-515.0
1.0,0.0;4.0,3.0::-10.0,0.0
-10.0
4.0,3.0;1.0,0.0::-15.0,0.0
-15.0
1.0,0.0;4.0,4.0::-17.5,0.0
-17.5
4.0,4.0;1.0,0.0::-20.0,0.0
-20.0
