1.0,1.0;1.0,1.0::-1250.0,0.0
-1250.0
1.0,1.0;1.0,1.0::-1250.0,0.0
-1250.0
1.0,1.0;1.0,2.0::-1250.0,0.0
-1250.0
1.0,2.0;1.0,1.0::-1250.0,0.0
-1250.0
1.0,1.0;1.0,3.0::-500.0,0.0
-500.0
1.0,3.0;1.0,1.0::-750.0,0.0
-750.0
1.0,1.0;1.0,4.0::-507.5,0.0
-507.5
1.0,4.0;1.0,1.0::-755.0,0.0
-755.0
1.0,1.0;2.0,0.0::-2000.0,0.0
-2000.0
2.0,0.0;1.0,1.0::-1750.0,0.0
-1750.0
1.0,1.0;2.0,1.0::-1250.0,0.0
-1250.0
2.0,1.0;1.0,1.0::-1250.0,0.0
-1250.0
1.0,1.0;2.0,2.0::-1250.0,0.0
-1250.0
2.0,2.0;1.0,1.0::-1250.0,0.0
-1250.0
1.0,1.0;2.0,3.0::-500.0,0.0
-500.0
2.0,3.0;1.0,1.0::-750.0,0.0
-750.0
1.0,1.0;2.0,4.0::-507.5,0.0
-507.5
2.0,4.0;1.0,1.0::-755.0,0.0
-755.0
1.0,1.0;3.0,0.0::-1500.0,0.0
-1500.0
3.0,0.0;1.0,1.0::-1000.0,0.0
-1000.0
1.0,1.0;3.0,1.0::-750.0,0.0
-750.0
3.0,1.0;1.0,1.0::-500.0,0.0
-500.0
1.0,1.0;3.0,2.0::-750.0,0.0
-750.0
3.0,2.0;1.0,1.0::-500.0,0.0
-500.0
1.0,1.0;3.0,3.0::0.0,0.0
0.0
3.0,3.0;1.0,1.0::0.0,0.0
0.0
1.0,1.0;3.0,4.0::-7.5,0.0
-7.5
3.0,4.0;1.0,1.0::-5.0,0.0
-5.0
1.0,1.0;4.0,0.0::-1510.0,0.0
-1510.0
4.0,0.0;1.0,1.0::-1015.0,0.0
-1015.0
1.0,1.0;4.0,1.0::-760.0,0.0
-760.0
4.0,1.0;1.0,1.0::-515.0,0.0
-515.0
1.0,1.0;4.0,2.0::-760.0,0.0
-760.0
4.0,2.0;1.0,1.0::-515.0,0.0
-515.0
1.0,1.0;4.0,3.0::-10.0,0.0
-10.0
4.0,3.0;1.0,1.0::-15.0,0.0
-15.0
1.0,1.0;4.0,4.0::-17.5,0.0
-17.5
4.0,4.0;1.0,1.0::-20.0,0.0
-20.0
