1.0,4.0;1.0,4.0::-12.5,0.0
-12.5
1.0,4.0;1.0,4.0::-12.5,0.0
-12.5
1.0,4.0;2.0,0.0::-1500.0,0.0
-1500.0
2.0,0.0;1.0,4.0::-3500.0,0.0
-3500.0
1.0,4.0;2.0,1.0::-750.0,0.0
-750.0
2.0,1.0;1.0,4.0::-3000.0,0.0
-3000.0
1.0,4.0;2.0,2.0::-750.0,0.0
-750.0
2.0,2.0;1.0,4.0::-3000.0,0.0
-3000.0
1.0,4.0;2.0,3.0::0.0,0.0
0.0
2.0,3.0;1.0,4.0::-2500.0,0.0
-2500.0
1.0,4.0;2.0,4.0::-7.5,0.0
-7.5
2.0,4.0;1.0,4.0::-2505.0,0.0
-2505.0
1.0,4.0;3.0,0.0::-1505.0,0.0
-1505.0
3.0,0.0;1.0,4.0::-1007.5,0.0
-1007.5
1.0,4.0;3.0,1.0::-755.0,0.0
-755.0
3.0,1.0;1.0,4.0::-507.5,0.0
-507.5
1.0,4.0;3.0,2.0::-755.0,0.0
-755.0
3.0,2.0;1.0,4.0::-507.5,0.0
-507.5
1.0,4.0;3.0,3.0::-5.0,0.0
-5.0
3.0,3.0;1.0,4.0::-7.5,0.0
-7.5
1.0,4.0;3.0,4.0::-12.5,0.0
-12.5
3.0,4.0;1.0,4.0::-12.5,0.0
-12.5
1.0,4.0;4.0,0.0::-2500.0,0.0
-2500.0
4.0,0.0;1.0,4.0::-12.5,0.0
-12.5
1.0,4.0;4.0,1.0::-1750.0,0.0
-1750.0
4.0,1.0;1.0,4.0::487.5,0.0
487.5
1.0,4.0;4.0,2.0::-1750.0,0.0
-1750.0
4.0,2.0;1.0,4.0::487.5,0.0
487.5
1.0,4.0;4.0,3.0::-1000.0,0.0
-1000.0
4.0,3.0;1.0,4.0::987.5,0.0
987.5
1.0,4.0;4.0,4.0::-1007.5,0.0
-1007.5
4.0,4.0;1.0,4.0::982.5,0.0
982.5
