0.0,1.0;0.0,1.0::-10500.0,0.0
-10500.0
0.0,1.0;0.0,1.0::-10500.0,0.0
-10500.0
0.0,1.0;0.0,2.0::-500.0,0.0
-500.0
0.0,2.0;0.0,1.0::-10000.0,0.0
-10000.0
0.0,1.0;0.0,3.0::-500.0,0.0
-500.0
0.0,3.0;0.0,1.0::-10000.0,0.0
-10000.0
0.0,1.0;0.0,4.0::-600.0,0.0
-600.0
0.0,4.0;0.0,1.0::-10005.0,0.0
-10005.0
0.0,1.0;1.0,0.0::-9750.0,0.0
-9750.0
1.0,0.0;0.0,1.0::-6000.0,0.0
-6000.0
0.0,1.0;1.0,1.0::-9750.0,0.0
-9750.0
1.0,1.0;0.0,1.0::-6000.0,0.0
-6000.0
0.0,1.0;1.0,2.0::250.0,0.0
250.0
1.0,2.0;0.0,1.0::-5500.0,0.0
-5500.0
0.0,1.0;1.0,3.0::250.0,0.0
250.0
1.0,3.0;0.0,1.0::-5500.0,0.0
-5500.0
0.0,1.0;1.0,4.0::150.0,0.0
150.0
1.0,4.0;0.0,1.0::-5505.0,0.0
-5505.0
0.0,1.0;2.0,0.0::-9750.0,0.0
-9750.0
2.0,0.0;0.0,1.0::-6000.0,0.0
-6000.0
0.0,1.0;2.0,1.0::-9750.0,0.0
-9750.0
2.0,1.0;0.0,1.0::-6000.0,0.0
-6000.0
0.0,1.0;2.0,2.0::250.0,0.0
250.0
2.0,2.0;0.0,1.0::-5500.0,0.0
-5500.0
0.0,1.0;2.0,3.0::250.0,0.0
250.0
2.0,3.0;0.0,1.0::-5500.0,0.0
-5500.0
0.0,1.0;2.0,4.0::150.0,0.0
150.0
2.0,4.0;0.0,1.0::-5505.0,0.0
-5505.0
0.0,1.0;3.0,0.0::-9000.0,0.0
-9000.0
3.0,0.0;0.0,1.0::-1500.0,0.0
-1500.0
0.0,1.0;3.0,1.0::-9000.0,0.0
-9000.0
3.0,1.0;0.0,1.0::-1500.0,0.0
-1500.0
0.0,1.0;3.0,2.0::1000.0,0.0
1000.0
3.0,2.0;0.0,1.0::-1000.0,0.0
-1000.0
0.0,1.0;3.0,3.0::1000.0,0.0
1000.0
3.0,3.0;0.0,1.0::-1000.0,0.0
-1000.0
0.0,1.0;3.0,4.0::900.0,0.0
900.0
3.0,4.0;0.0,1.0::-1005.0,0.0
-1005.0
0.0,1.0;4.0,0.0::-9007.5,0.0
-9007.5
4.0,0.0;0.0,1.0::-1545.0,0.0
-1545.0
0.0,1.0;4.0,1.0::-9007.5,0.0
-9007.5
4.0,1.0;0.0,1.0::-1545.0,0.0
-1545.0
0.0,1.0;4.0,2.0::992.5,0.0
992.5
4.0,2.0;0.0,1.0::-1045.0,0.0
-1045.0
0.0,1.0;4.0,3.0::992.5,0.0
992.5
4.0,3.0;0.0,1.0::-1045.0,0.0
-1045.0
0.0,1.0;4.0,4.0::892.5,0.0
892.5
4.0,4.0;0.0,1.0::-1050.0,0.0
-1050.0
