2.0,0.0;2.0,0.0::-10500.0,0.0
-10500.0
2.0,0.0;2.0,0.0::-10500.0,0.0
-10500.0
2.0,0.0;2.0,1.0::-5000.0,0.0
-5000.0
2.0,1.0;2.0,0.0::-10750.0,0.0
-10750.0
2.0,0.0;2.0,2.0::-5000.0,0.0
-5000.0
2.0,2.0;2.0,0.0::-10750.0,0.0
-10750.0
2.0,0.0;2.0,3.0::500.0,0.0
500.0
2.0,3.0;2.0,0.0::-11000.0,0.0
-11000.0
2.0,0.0;2.0,4.0::-10500.0,0.0
-10500.0
2.0,4.0;2.0,0.0::-10500.0,0.0
-10500.0
2.0,0.0;3.0,0.0::-10500.0,0.0
-10500.0
3.0,0.0;2.0,0.0::-10500.0,0.0
-10500.0
2.0,0.0;3.0,1.0::-5000.0,0.0
-5000.0
3.0,1.0;2.0,0.0::-10750.0,0.0
-10750.0
2.0,0.0;3.0,2.0::-5000.0,0.0
-5000.0
3.0,2.0;2.0,0.0::-10750.0,0.0
-10750.0
2.0,0.0;3.0,3.0::500.0,0.0
500.0
3.0,3.0;2.0,0.0::-11000.0,0.0
-11000.0
2.0,0.0;3.0,4.0::-10500.0,0.0
-10500.0
3.0,4.0;2.0,0.0::-10500.0,0.0
-10500.0
2.0,0.0;4.0,0.0::-10007.5,0.0
-10007.5
4.0,0.0;2.0,0.0::-545.0,0.0
-545.0
2.0,0.0;4.0,1.0::-4507.5,0.0
-4507.5
4.0,1.0;2.0,0.0::-795.0,0.0
-795.0
2.0,0.0;4.0,2.0::-4507.5,0.0
-4507.5
4.0,2.0;2.0,0.0::-795.0,0.0
-795.0
2.0,0.0;4.0,3.0::992.5,0.0
992.5
4.0,3.0;2.0,0.0::-1045.0,0.0
-1045.0
2.0,0.0;4.0,4.0::-10007.5,0.0
-10007.5
4.0,4.0;2.0,0.0::-545.0,0.0
-545.0
