2.0,2.0;2.0,2.0::-5250.0,0.0
-5250.0
2.0,2.0;2.0,2.0::-5250.0,0.0
-5250.0
2.0,2.0;2.0,3.0::250.0,0.0
250.0
2.0,3.0;2.0,2.0::-5500.0,0.0
-5500.0
2.0,2.0;2.0,4.0::-10750.0,0.0
-10750.0
2.0,4.0;2.0,2.0::-5000.0,0.0
-5000.0
2.0,2.0;3.0,0.0::-10500.0,0.0
-10500.0
3.0,0.0;2.0,2.0::-10500.0,0.0
-10500.0
2.0,2.0;3.0,1.0::-5000.0,0.0
-5000.0
3.0,1.0;2.0,2.0::-10750.0,0.0
-10750.0
2.0,2.0;3.0,2.0::-5000.0,0.0
-5000.0
3.0,2.0;2.0,2.0::-10750.0,0.0
-10750.0
2.0,2.0;3.0,3.0::500.0,0.0
500.0
3.0,3.0;2.0,2.0::-11000.0,0.0
-11000.0
2.0,2.0;3.0,4.0::-10500.0,0.0
-10500.0
3.0,4.0;2.0,2.0::-10500.0,0.0
-10500.0
2.0,2.0;4.0,0.0::-11000.0,0.0
-11000.0
4.0,0.0;2.0,2.0::500.0,0.0
500.0
2.0,2.0;4.0,1.0::-5500.0,0.0
-5500.0
4.0,1.0;2.0,2.0::250.0,0.0
250.0
2.0,2.0;4.0,2.0::-5500.0,0.0
-5500.0
4.0,2.0;2.0,2.0::250.0,0.0
250.0
2.0,2.0;4.0,3.0::0.0,0.0
0.0
4.0,3.0;2.0,2.0::0.0,0.0
0.0
2.0,2.0;4.0,4.0::-11000.0,0.0
-11000.0
4.0,4.0;2.0,2.0::500.0,0.0
500.0
