2.0,4.0;2.0,4.0::-10500.0,0.0
-10500.0
2.0,4.0;2.0,4.0::-10500.0,0.0
-10500.0
2.0,4.0;3.0,0.0::-10015.0,0.0
-10015.0
3.0,0.0;2.0,4.0::-590.0,0.0
-590.0
2.0,4.0;3.0,1.0::-4515.0,0.0
-4515.0
3.0,1.0;2.0,4.0::-840.0,0.0
-840.0
2.0,4.0;3.0,2.0::-4515.0,0.0
-4515.0
3.0,2.0;2.0,4.0::-840.0,0.0
-840.0
2.0,4.0;3.0,3.0::985.0,0.0
985.0
3.0,3.0;2.0,4.0::-1090.0,0.0
-1090.0
2.0,4.0;3.0,4.0::-10015.0,0.0
-10015.0
3.0,4.0;2.0,4.0::-590.0,0.0
-590.0
2.0,4.0;4.0,0.0::-10007.5,0.0
-10007.5
4.0,0.0;2.0,4.0::-545.0,0.0
-545.0
2.0,4.0;4.0,1.0::-4507.5,0.0
-4507.5
4.0,1.0;2.0,4.0::-795.0,0.0
-795.0
2.0,4.0;4.0,2.0::-4507.5,0.0
-4507.5
4.0,2.0;2.0,4.0::-795.0,0.0
-795.0
2.0,4.0;4.0,3.0::992.5,0.0
992.5
4.0,3.0;2.0,4.0::-1045.0,0.0
-1045.0
2.0,4.0;4.0,4.0::-10007.5,0.0
-10007.5
4.0,4.0;2.0,4.0::-545.0,0.0
-545.0
