3.0,0.0;3.0,0.0::-10500.0,0.0
-10500.0
3.0,0.0;3.0,0.0::-10500.0,0.0
-10500.0
3.0,0.0;3.0,1.0::-500.0,0.0
-500.0
3.0,1.0;3.0,0.0::-10000.0,0.0
-10000.0
3.0,0.0;3.0,2.0::-10500.0,0.0
-10500.0
3.0,2.0;3.0,0.0::-10500.0,0.0
-10500.0
3.0,0.0;3.0,3.0::-500.0,0.0
-500.0
3.0,3.0;3.0,0.0::-10000.0,0.0
-10000.0
3.0,0.0;3.0,4.0::-590.0,0.0
-590.0
3.0,4.0;3.0,0.0::-10015.0,0.0
-10015.0
3.0,0.0;4.0,0.0::-10007.5,0.0
-10007.5
4.0,0.0;3.0,0.0::-545.0,0.0
-545.0
3.0,0.0;4.0,1.0::-7.5,0.0
-7.5
4.0,1.0;3.0,0.0::-45.0,0.0
-45.0
3.0,0.0;4.0,2.0::-10007.5,0.0
-10007.5
4.0,2.0;3.0,0.0::-545.0,0.0
-545.0
3.0,0.0;4.0,3.0::-7.5,0.0
-7.5
4.0,3.0;3.0,0.0::-45.0,0.0
-45.0
3.0,0.0;4.0,4.0::-97.5,0.0
-97.5
4.0,4.0;3.0,0.0::-60.0,0.0
-60.0
