3.0,2.0;3.0,2.0::-10500.0,0.0
-10500.0
3.0,2.0;3.0,2.0::-10500.0,0.0
-10500.0
3.0,2.0;3.0,3.0::-500.0,0.0
-500.0
3.0,3.0;3.0,2.0::-10000.0,0.0
-10000.0
3.0,2.0;3.0,4.0::-590.0,0.0
-590.0
3.0,4.0;3.0,2.0::-10015.0,0.0
-10015.0
3.0,2.0;4.0,0.0::-11000.0,0.0
-11000.0
4.0,0.0;3.0,2.0::500.0,0.0
500.0
3.0,2.0;4.0,1.0::-1000.0,0.0
-1000.0
4.0,1.0;3.0,2.0::1000.0,0.0
1000.0
3.0,2.0;4.0,2.0::-11000.0,0.0
-11000.0
4.0,2.0;3.0,2.0::500.0,0.0
500.0
3.0,2.0;4.0,3.0::-1000.0,0.0
-1000.0
4.0,3.0;3.0,2.0::1000.0,0.0
1000.0
3.0,2.0;4.0,4.0::-1090.0,0.0
-1090.0
4.0,4.0;3.0,2.0::985.0,0.0
985.0
