0.0,2.0;0.0,2.0::0.0,0.0
0.0
0.0,2.0;0.0,2.0::0.0,0.0
0.0
0.0,2.0;0.0,3.0::0.0,0.0
0.0
0.0,3.0;0.0,2.0::0.0,0.0
0.0
0.0,2.0;0.0,4.0::-100.0,0.0
-100.0
0.0,4.0;0.0,2.0::-5.0,0.0
-5.0
0.0,2.0;1.0,0.0::-9750.0,0.0
-9750.0
1.0,0.0;0.0,2.0::-6000.0,0.0
-6000.0
0.0,2.0;1.0,1.0::-9750.0,0.0
-9750.0
1.0,1.0;0.0,2.0::-6000.0,0.0
-6000.0
0.0,2.0;1.0,2.0::250.0,0.0
250.0
1.0,2.0;0.0,2.0::-5500.0,0.0
-5500.0
0.0,2.0;1.0,3.0::250.0,0.0
250.0
1.0,3.0;0.0,2.0::-5500.0,0.0
-5500.0
0.0,2.0;1.0,4.0::150.0,0.0
150.0
1.0,4.0;0.0,2.0::-5505.0,0.0
-5505.0
0.0,2.0;2.0,0.0::-9750.0,0.0
-9750.0
2.0,0.0;0.0,2.0::-6000.0,0.0
-6000.0
0.0,2.0;2.0,1.0::-9750.0,0.0
-9750.0
2.0,1.0;0.0,2.0::-6000.0,0.0
-6000.0
0.0,2.0;2.0,2.0::250.0,0.0
250.0
2.0,2.0;0.0,2.0::-5500.0,0.0
-5500.0
0.0,2.0;2.0,3.0::250.0,0.0
250.0
2.0,3.0;0.0,2.0::-5500.0,0.0
-5500.0
0.0,2.0;2.0,4.0::150.0,0.0
150.0
2.0,4.0;0.0,2.0::-5505.0,0.0
-5505.0
0.0,2.0;3.0,0.0::-9500.0,0.0
-9500.0
3.0,0.0;0.0,2.0::-11500.0,0.0
-11500.0
0.0,2.0;3.0,1.0::-9500.0,0.0
-9500.0
3.0,1.0;0.0,2.0::-11500.0,0.0
-11500.0
0.0,2.0;3.0,2.0::500.0,0.0
500.0
3.0,2.0;0.0,2.0::-11000.0,0.0
-11000.0
0.0,2.0;3.0,3.0::500.0,0.0
500.0
3.0,3.0;0.0,2.0::-11000.0,0.0
-11000.0
0.0,2.0;3.0,4.0::400.0,0.0
400.0
3.0,4.0;0.0,2.0::-11005.0,0.0
-11005.0
0.0,2.0;4.0,0.0::-10000.0,0.0
-10000.0
4.0,0.0;0.0,2.0::-500.0,0.0
-500.0
0.0,2.0;4.0,1.0::-10000.0,0.0
-10000.0
4.0,1.0;0.0,2.0::-500.0,0.0
-500.0
0.0,2.0;4.0,2.0::0.0,0.0
0.0
4.0,2.0;0.0,2.0::0.0,0.0
0.0
0.0,2.0;4.0,3.0::0.0,0.0
0.0
4.0,3.0;0.0,2.0::0.0,0.0
0.0
0.0,2.0;4.0,4.0::-100.0,0.0
-100.0
4.0,4.0;0.0,2.0::-5.0,0.0
-5.0
