0.0,3.0;0.0,3.0::0.0,0.0
0.0
0.0,3.0;0.0,3.0::0.0,0.0
0.0
0.0,3.0;0.0,4.0::-100.0,0.0
-100.0
0.0,4.0;0.0,3.0::-5.0,0.0
-5.0
0.0,3.0;1.0,0.0::-9000.0,0.0
-9000.0
1.0,0.0;0.0,3.0::-1500.0,0.0
-1500.0
0.0,3.0;1.0,1.0::-9000.0,0.0
-9000.0
1.0,1.0;0.0,3.0::-1500.0,0.0
-1500.0
0.0,3.0;1.0,2.0::1000.0,0.0
1000.0
1.0,2.0;0.0,3.0::-1000.0,0.0
-1000.0
0.0,3.0;1.0,3.0::1000.0,0.0
1000.0
1.0,3.0;0.0,3.0::-1000.0,0.0
-1000.0
0.0,3.0;1.0,4.0::900.0,0.0
900.0
1.0,4.0;0.0,3.0::-1005.0,0.0
-1005.0
0.0,3.0;2.0,0.0::-10000.0,0.0
-10000.0
2.0,0.0;0.0,3.0::-500.0,0.0
-500.0
0.0,3.0;2.0,1.0::-10000.0,0.0
-10000.0
2.0,1.0;0.0,3.0::-500.0,0.0
-500.0
0.0,3.0;2.0,2.0::0.0,0.0
0.0
2.0,2.0;0.0,3.0::0.0,0.0
0.0
0.0,3.0;2.0,3.0::0.0,0.0
0.0
2.0,3.0;0.0,3.0::0.0,0.0
0.0
0.0,3.0;2.0,4.0::-100.0,0.0
-100.0
2.0,4.0;0.0,3.0::-5.0,0.0
-5.0
0.0,3.0;3.0,0.0::-9000.0,0.0
-9000.0
3.0,0.0;0.0,3.0::-1500.0,0.0
-1500.0
0.0,3.0;3.0,1.0::-9000.0,0.0
-9000.0
3.0,1.0;0.0,3.0::-1500.0,0.0
-1500.0
0.0,3.0;3.0,2.0::1000.0,0.0
1000.0
3.0,2.0;0.0,3.0::-1000.0,0.0
-1000.0
0.0,3.0;3.0,3.0::1000.0,0.0
1000.0
3.0,3.0;0.0,3.0::-1000.0,0.0
-1000.0
0.0,3.0;3.0,4.0::900.0,0.0
900.0
3.0,4.0;0.0,3.0::-1005.0,0.0
-1005.0
0.0,3.0;4.0,0.0::-10000.0,0.0
-10000.0
4.0,0.0;0.0,3.0::-500.0,0.0
-500.0
0.0,3.0;4.0,1.0::-10000.0,0.0
-10000.0
4.0,1.0;0.0,3.0::-500.0,0.0
-500.0
0.0,3.0;4.0,2.0::0.0,0.0
0.0
4.0,2.0;0.0,3.0::0.0,0.0
0.0
0.0,3.0;4.0,3.0::0.0,0.0
0.0
4.0,3.0;0.0,3.0::0.0,0.0
0.0
0.0,3.0;4.0,4.0::-100.0,0.0
-100.0
4.0,4.0;0.0,3.0::-5.0,0.0
-5.0
