0.0,4.0;0.0,4.0::-105.0,0.0
-105.0
0.0,4.0;0.0,4.0::-105.0,0.0
-105.0
0.0,4.0;1.0,0.0::-9015.0,0.0
-9015.0
1.0,0.0;0.0,4.0::-1590.0,0.0
-1590.0
0.0,4.0;1.0,1.0::-9015.0,0.0
-9015.0
1.0,1.0;0.0,4.0::-1590.0,0.0
-1590.0
0.0,4.0;1.0,2.0::985.0,0.0
985.0
1.0,2.0;0.0,4.0::-1090.0,0.0
-1090.0
0.0,4.0;1.0,3.0::985.0,0.0
985.0
1.0,3.0;0.0,4.0::-1090.0,0.0
-1090.0
0.0,4.0;1.0,4.0::885.0,0.0
885.0
1.0,4.0;0.0,4.0::-1095.0,0.0
-1095.0
0.0,4.0;2.0,0.0::-9500.0,0.0
-9500.0
2.0,0.0;0.0,4.0::-11500.0,0.0
-11500.0
0.0,4.0;2.0,1.0::-9500.0,0.0
-9500.0
2.0,1.0;0.0,4.0::-11500.0,0.0
-11500.0
0.0,4.0;2.0,2.0::500.0,0.0
500.0
2.0,2.0;0.0,4.0::-11000.0,0.0
-11000.0
0.0,4.0;2.0,3.0::500.0,0.0
500.0
2.0,3.0;0.0,4.0::-11000.0,0.0
-11000.0
0.0,4.0;2.0,4.0::400.0,0.0
400.0
2.0,4.0;0.0,4.0::-11005.0,0.0
-11005.0
0.0,4.0;3.0,0.0::-9015.0,0.0
-9015.0
3.0,0.0;0.0,4.0::-1590.0,0.0
-1590.0
0.0,4.0;3.0,1.0::-9015.0,0.0
-9015.0
3.0,1.0;0.0,4.0::-1590.0,0.0
-1590.0
0.0,4.0;3.0,2.0::985.0,0.0
985.0
3.0,2.0;0.0,4.0::-1090.0,0.0
-1090.0
0.0,4.0;3.0,3.0::985.0,0.0
985.0
3.0,3.0;0.0,4.0::-1090.0,0.0
-1090.0
0.0,4.0;3.0,4.0::885.0,0.0
885.0
3.0,4.0;0.0,4.0::-1095.0,0.0
-1095.0
0.0,4.0;4.0,0.0::-9007.5,0.0
-9007.5
4.0,0.0;0.0,4.0::-1545.0,0.0
-1545.0
0.0,4.0;4.0,1.0::-9007.5,0.0
-9007.5
4.0,1.0;0.0,4.0::-1545.0,0.0
-1545.0
0.0,4.0;4.0,2.0::992.5,0.0
992.5
4.0,2.0;0.0,4.0::-1045.0,0.0
-1045.0
0.0,4.0;4.0,3.0::992.5,0.0
992.5
4.0,3.0;0.0,4.0::-1045.0,0.0
-1045.0
0.0,4.0;4.0,4.0::892.5,0.0
892.5
4.0,4.0;0.0,4.0::-1050.0,0.0
-1050.0
