1.0,1.0;1.0,1.0::-5250.0,0.0
-5250.0
1.0,1.0;1.0,1.0::-5250.0,0.0
-5250.0
1.0,1.0;1.0,2.0::-5250.0,0.0
-5250.0
1.0,2.0;1.0,1.0::-5250.0,0.0
-5250.0
1.0,1.0;1.0,3.0::-750.0,0.0
-750.0
1.0,3.0;1.0,1.0::-4500.0,0.0
-4500.0
1.0,1.0;1.0,4.0::-840.0,0.0
-840.0
1.0,4.0;1.0,1.0::-4515.0,0.0
-4515.0
1.0,1.0;2.0,0.0::-9750.0,0.0
-9750.0
2.0,0.0;1.0,1.0::-6000.0,0.0
-6000.0
1.0,1.0;2.0,1.0::-5250.0,0.0
-5250.0
2.0,1.0;1.0,1.0::-5250.0,0.0
-5250.0
1.0,1.0;2.0,2.0::-5250.0,0.0
-5250.0
2.0,2.0;1.0,1.0::-5250.0,0.0
-5250.0
1.0,1.0;2.0,3.0::-750.0,0.0
-750.0
2.0,3.0;1.0,1.0::-4500.0,0.0
-4500.0
1.0,1.0;2.0,4.0::-840.0,0.0
-840.0
2.0,4.0;1.0,1.0::-4515.0,0.0
-4515.0
1.0,1.0;3.0,0.0::-9000.0,0.0
-9000.0
3.0,0.0;1.0,1.0::-1500.0,0.0
-1500.0
1.0,1.0;3.0,1.0::-4500.0,0.0
-4500.0
3.0,1.0;1.0,1.0::-750.0,0.0
-750.0
1.0,1.0;3.0,2.0::-4500.0,0.0
-4500.0
3.0,2.0;1.0,1.0::-750.0,0.0
-750.0
1.0,1.0;3.0,3.0::0.0,0.0
0.0
3.0,3.0;1.0,1.0::0.0,0.0
0.0
1.0,1.0;3.0,4.0::-90.0,0.0
-90.0
3.0,4.0;1.0,1.0::-15.0,0.0
-15.0
1.0,1.0;4.0,0.0::-9007.5,0.0
-9007.5
4.0,0.0;1.0,1.0::-1545.0,0.0
-1545.0
1.0,1.0;4.0,1.0::-4507.5,0.0
-4507.5
4.0,1.0;1.0,1.0::-795.0,0.0
-795.0
1.0,1.0;4.0,2.0::-4507.5,0.0
-4507.5
4.0,2.0;1.0,1.0::-795.0,0.0
-795.0
1.0,1.0;4.0,3.0::-7.5,0.0
-7.5
4.0,3.0;1.0,1.0::-45.0,0.0
-45.0
1.0,1.0;4.0,4.0::-97.5,0.0
-97.5
4.0,4.0;1.0,1.0::-60.0,0.0
-60.0
