1.0,4.0;1.0,4.0::-105.0,0.0
-105.0
1.0,4.0;1.0,4.0::-105.0,0.0
-105.0
1.0,4.0;2.0,0.0::-9500.0,0.0
-9500.0
2.0,0.0;1.0,4.0::-11500.0,0.0
-11500.0
1.0,4.0;2.0,1.0::-5000.0,0.0
-5000.0
2.0,1.0;1.0,4.0::-10750.0,0.0
-10750.0
1.0,4.0;2.0,2.0::-5000.0,0.0
-5000.0
2.0,2.0;1.0,4.0::-10750.0,0.0
-10750.0
1.0,4.0;2.0,3.0::-500.0,0.0
-500.0
2.0,3.0;1.0,4.0::-10000.0,0.0
-10000.0
1.0,4.0;2.0,4.0::-590.0,0.0
-590.0
2.0,4.0;1.0,4.0::-10015.0,0.0
-10015.0
1.0,4.0;3.0,0.0::-9015.0,0.0
-9015.0
3.0,0.0;1.0,4.0::-1590.0,0.0
-1590.0
1.0,4.0;3.0,1.0::-4515.0,0.0
-4515.0
3.0,1.0;1.0,4.0::-840.0,0.0
-840.0
1.0,4.0;3.0,2.0::-4515.0,0.0
-4515.0
3.0,2.0;1.0,4.0::-840.0,0.0
-840.0
1.0,4.0;3.0,3.0::-15.0,0.0
-15.0
3.0,3.0;1.0,4.0::-90.0,0.0
-90.0
1.0,4.0;3.0,4.0::-105.0,0.0
-105.0
3.0,4.0;1.0,4.0::-105.0,0.0
-105.0
1.0,4.0;4.0,0.0::-9007.5,0.0
-9007.5
4.0,0.0;1.0,4.0::-1545.0,0.0
-1545.0
1.0,4.0;4.0,1.0::-4507.5,0.0
-4507.5
4.0,1.0;1.0,4.0::-795.0,0.0
-795.0
1.0,4.0;4.0,2.0::-4507.5,0.0
-4507.5
4.0,2.0;1.0,4.0::-795.0,0.0
-795.0
1.0,4.0;4.0,3.0::-7.5,0.0
-7.5
4.0,3.0;1.0,4.0::-45.0,0.0
-45.0
1.0,4.0;4.0,4.0::-97.5,0.0
-97.5
4.0,4.0;1.0,4.0::-60.0,0.0
-60.0
