0.0,0.0;0.0,0.0::-10500.0,0.0
-10500.0
0.0,0.0;0.0,0.0::-10500.0,0.0
-10500.0
0.0,0.0;0.0,1.0::-10500.0,0.0
-10500.0
0.0,1.0;0.0,0.0::-10500.0,0.0
-10500.0
0.0,0.0;0.0,2.0::-500.0,0.0
-500.0
0.0,2.0;0.0,0.0::-10000.0,0.0
-10000.0
0.0,0.0;0.0,3.0::-500.0,0.0
-500.0
0.0,3.0;0.0,0.0::-10000.0,0.0
-10000.0
0.0,0.0;0.0,4.0::-600.0,0.0
-600.0
0.0,4.0;0.0,0.0::-10005.0,0.0
-10005.0
0.0,0.0;1.0,0.0::-10500.0,0.0
-10500.0
1.0,0.0;0.0,0.0::-10500.0,0.0
-10500.0
0.0,0.0;1.0,1.0::-10500.0,0.0
-10500.0
1.0,1.0;0.0,0.0::-10500.0,0.0
-10500.0
0.0,0.0;1.0,2.0::-500.0,0.0
-500.0
1.0,2.0;0.0,0.0::-10000.0,0.0
-10000.0
0.0,0.0;1.0,3.0::-500.0,0.0
-500.0
1.0,3.0;0.0,0.0::-10000.0,0.0
-10000.0
0.0,0.0;1.0,4.0::-600.0,0.0
-600.0
1.0,4.0;0.0,0.0::-10005.0,0.0
-10005.0
0.0,0.0;2.0,0.0::-9500.0,0.0
-9500.0
2.0,0.0;0.0,0.0::-11500.0,0.0
-11500.0
0.0,0.0;2.0,1.0::-9500.0,0.0
-9500.0
2.0,1.0;0.0,0.0::-11500.0,0.0
-11500.0
0.0,0.0;2.0,2.0::500.0,0.0
500.0
2.0,2.0;0.0,0.0::-11000.0,0.0
-11000.0
0.0,0.0;2.0,3.0::500.0,0.0
500.0
2.0,3.0;0.0,0.0::-11000.0,0.0
-11000.0
0.0,0.0;2.0,4.0::400.0,0.0
400.0
2.0,4.0;0.0,0.0::-11005.0,0.0
-11005.0
0.0,0.0;3.0,0.0::-9500.0,0.0
-9500.0
3.0,0.0;0.0,0.0::-11500.0,0.0
-11500.0
0.0,0.0;3.0,1.0::-9500.0,0.0
-9500.0
3.0,1.0;0.0,0.0::-11500.0,0.0
-11500.0
0.0,0.0;3.0,2.0::500.0,0.0
500.0
3.0,2.0;0.0,0.0::-11000.0,0.0
-11000.0
0.0,0.0;3.0,3.0::500.0,0.0
500.0
3.0,3.0;0.0,0.0::-11000.0,0.0
-11000.0
0.0,0.0;3.0,4.0::400.0,0.0
400.0
3.0,4.0;0.0,0.0::-11005.0,0.0
-11005.0
0.0,0.0;4.0,0.0::-9007.5,0.0
-9007.5
4.0,0.0;0.0,0.0::-1545.0,0.0
-1545.0
0.0,0.0;4.0,1.0::-9007.5,0.0
-9007.5
4.0,1.0;0.0,0.0::-1545.0,0.0
-1545.0
0.0,0.0;4.0,2.0::992.5,0.0
992.5
4.0,2.0;0.0,0.0::-1045.0,0.0
-1045.0
0.0,0.0;4.0,3.0::992.5,0.0
992.5
4.0,3.0;0.0,0.0::-1045.0,0.0
-1045.0
0.0,0.0;4.0,4.0::892.5,0.0
892.5
4.0,4.0;0.0,0.0::-1050.0,0.0
-1050.0
0.0,1.0;0.0,1.0::-10500.0,0.0
-10500.0
0.0,1.0;0.0,1.0::-10500.0,0.0
-10500.0
0.0,1.0;0.0,2.0::-500.0,0.0
-500.0
0.0,2.0;0.0,1.0::-10000.0,0.0
-10000.0
0.0,1.0;0.0,3.0::-500.0,0.0
-500.0
0.0,3.0;0.0,1.0::-10000.0,0.0
-10000.0
0.0,1.0;0.0,4.0::-600.0,0.0
-600.0
0.0,4.0;0.0,1.0::-10005.0,0.0
-10005.0
0.0,1.0;1.0,0.0::-9750.0,0.0
-9750.0
1.0,0.0;0.0,1.0::-6000.0,0.0
-6000.0
0.0,1.0;1.0,1.0::-9750.0,0.0
-9750.0
1.0,1.0;0.0,1.0::-6000.0,0.0
-6000.0
0.0,1.0;1.0,2.0::250.0,0.0
250.0
1.0,2.0;0.0,1.0::-5500.0,0.0
-5500.0
0.0,1.0;1.0,3.0::250.0,0.0
250.0
1.0,3.0;0.0,1.0::-5500.0,0.0
-5500.0
0.0,1.0;1.0,4.0::150.0,0.0
150.0
1.0,4.0;0.0,1.0::-5505.0,0.0
-5505.0
0.0,1.0;2.0,0.0::-9750.0,0.0
-9750.0
2.0,0.0;0.0,1.0::-6000.0,0.0
-6000.0
0.0,1.0;2.0,1.0::-9750.0,0.0
-9750.0
2.0,1.0;0.0,1.0::-6000.0,0.0
-6000.0
0.0,1.0;2.0,2.0::250.0,0.0
250.0
2.0,2.0;0.0,1.0::-5500.0,0.0
-5500.0
0.0,1.0;2.0,3.0::250.0,0.0
250.0
2.0,3.0;0.0,1.0::-5500.0,0.0
-5500.0
0.0,1.0;2.0,4.0::150.0,0.0
150.0
2.0,4.0;0.0,1.0::-5505.0,0.0
-5505.0
0.0,1.0;3.0,0.0::-9000.0,0.0
-9000.0
3.0,0.0;0.0,1.0::-1500.0,0.0
-1500.0
0.0,1.0;3.0,1.0::-9000.0,0.0
-9000.0
3.0,1.0;0.0,1.0::-1500.0,0.0
-1500.0
0.0,1.0;3.0,2.0::1000.0,0.0
1000.0
3.0,2.0;0.0,1.0::-1000.0,0.0
-1000.0
0.0,1.0;3.0,3.0::1000.0,0.0
1000.0
3.0,3.0;0.0,1.0::-1000.0,0.0
-1000.0
0.0,1.0;3.0,4.0::900.0,0.0
900.0
3.0,4.0;0.0,1.0::-1005.0,0.0
-1005.0
0.0,1.0;4.0,0.0::-9007.5,0.0
-9007.5
4.0,0.0;0.0,1.0::-1545.0,0.0
-1545.0
0.0,1.0;4.0,1.0::-9007.5,0.0
-9007.5
4.0,1.0;0.0,1.0::-1545.0,0.0
-1545.0
0.0,1.0;4.0,2.0::992.5,0.0
992.5
4.0,2.0;0.0,1.0::-1045.0,0.0
-1045.0
0.0,1.0;4.0,3.0::992.5,0.0
992.5
4.0,3.0;0.0,1.0::-1045.0,0.0
-1045.0
0.0,1.0;4.0,4.0::892.5,0.0
892.5
4.0,4.0;0.0,1.0::-1050.0,0.0
-1050.0
0.0,2.0;0.0,2.0::0.0,0.0
0.0
0.0,2.0;0.0,2.0::0.0,0.0
0.0
0.0,2.0;0.0,3.0::0.0,0.0
0.0
0.0,3.0;0.0,2.0::0.0,0.0
0.0
0.0,2.0;0.0,4.0::-100.0,0.0
-100.0
0.0,4.0;0.0,2.0::-5.0,0.0
-5.0
0.0,2.0;1.0,0.0::-9750.0,0.0
-9750.0
1.0,0.0;0.0,2.0::-6000.0,0.0
-6000.0
0.0,2.0;1.0,1.0::-9750.0,0.0
-9750.0
1.0,1.0;0.0,2.0::-6000.0,0.0
-6000.0
0.0,2.0;1.0,2.0::250.0,0.0
250.0
1.0,2.0;0.0,2.0::-5500.0,0.0
-5500.0
0.0,2.0;1.0,3.0::250.0,0.0
250.0
1.0,3.0;0.0,2.0::-5500.0,0.0
-5500.0
0.0,2.0;1.0,4.0::150.0,0.0
150.0
1.0,4.0;0.0,2.0::-5505.0,0.0
-5505.0
0.0,2.0;2.0,0.0::-9750.0,0.0
-9750.0
2.0,0.0;0.0,2.0::-6000.0,0.0
-6000.0
0.0,2.0;2.0,1.0::-9750.0,0.0
-9750.0
2.0,1.0;0.0,2.0::-6000.0,0.0
-6000.0
0.0,2.0;2.0,2.0::250.0,0.0
250.0
2.0,2.0;0.0,2.0::-5500.0,0.0
-5500.0
0.0,2.0;2.0,3.0::250.0,0.0
250.0
2.0,3.0;0.0,2.0::-5500.0,0.0
-5500.0
0.0,2.0;2.0,4.0::150.0,0.0
150.0
2.0,4.0;0.0,2.0::-5505.0,0.0
-5505.0
0.0,2.0;3.0,0.0::-9500.0,0.0
-9500.0
3.0,0.0;0.0,2.0::-11500.0,0.0
-11500.0
0.0,2.0;3.0,1.0::-9500.0,0.0
-9500.0
3.0,1.0;0.0,2.0::-11500.0,0.0
-11500.0
0.0,2.0;3.0,2.0::500.0,0.0
500.0
3.0,2.0;0.0,2.0::-11000.0,0.0
-11000.0
0.0,2.0;3.0,3.0::500.0,0.0
500.0
3.0,3.0;0.0,2.0::-11000.0,0.0
-11000.0
0.0,2.0;3.0,4.0::400.0,0.0
400.0
3.0,4.0;0.0,2.0::-11005.0,0.0
-11005.0
0.0,2.0;4.0,0.0::-10000.0,0.0
-10000.0
4.0,0.0;0.0,2.0::-500.0,0.0
-500.0
0.0,2.0;4.0,1.0::-10000.0,0.0
-10000.0
4.0,1.0;0.0,2.0::-500.0,0.0
-500.0
0.0,2.0;4.0,2.0::0.0,0.0
0.0
4.0,2.0;0.0,2.0::0.0,0.0
0.0
0.0,2.0;4.0,3.0::0.0,0.0
0.0
4.0,3.0;0.0,2.0::0.0,0.0
0.0
0.0,2.0;4.0,4.0::-100.0,0.0
-100.0
4.0,4.0;0.0,2.0::-5.0,0.0
-5.0
0.0,3.0;0.0,3.0::0.0,0.0
0.0
0.0,3.0;0.0,3.0::0.0,0.0
0.0
0.0,3.0;0.0,4.0::-100.0,0.0
-100.0
0.0,4.0;0.0,3.0::-5.0,0.0
-5.0
0.0,3.0;1.0,0.0::-9000.0,0.0
-9000.0
1.0,0.0;0.0,3.0::-1500.0,0.0
-1500.0
0.0,3.0;1.0,1.0::-9000.0,0.0
-9000.0
1.0,1.0;0.0,3.0::-1500.0,0.0
-1500.0
0.0,3.0;1.0,2.0::1000.0,0.0
1000.0
1.0,2.0;0.0,3.0::-1000.0,0.0
-1000.0
0.0,3.0;1.0,3.0::1000.0,0.0
1000.0
1.0,3.0;0.0,3.0::-1000.0,0.0
-1000.0
0.0,3.0;1.0,4.0::900.0,0.0
900.0
1.0,4.0;0.0,3.0::-1005.0,0.0
-1005.0
0.0,3.0;2.0,0.0::-10000.0,0.0
-10000.0
2.0,0.0;0.0,3.0::-500.0,0.0
-500.0
0.0,3.0;2.0,1.0::-10000.0,0.0
-10000.0
2.0,1.0;0.0,3.0::-500.0,0.0
-500.0
0.0,3.0;2.0,2.0::0.0,0.0
0.0
2.0,2.0;0.0,3.0::0.0,0.0
0.0
0.0,3.0;2.0,3.0::0.0,0.0
0.0
2.0,3.0;0.0,3.0::0.0,0.0
0.0
0.0,3.0;2.0,4.0::-100.0,0.0
-100.0
2.0,4.0;0.0,3.0::-5.0,0.0
-5.0
0.0,3.0;3.0,0.0::-9000.0,0.0
-9000.0
3.0,0.0;0.0,3.0::-1500.0,0.0
-1500.0
0.0,3.0;3.0,1.0::-9000.0,0.0
-9000.0
3.0,1.0;0.0,3.0::-1500.0,0.0
-1500.0
0.0,3.0;3.0,2.0::1000.0,0.0
1000.0
3.0,2.0;0.0,3.0::-1000.0,0.0
-1000.0
0.0,3.0;3.0,3.0::1000.0,0.0
1000.0
3.0,3.0;0.0,3.0::-1000.0,0.0
-1000.0
0.0,3.0;3.0,4.0::900.0,0.0
900.0
3.0,4.0;0.0,3.0::-1005.0,0.0
-1005.0
0.0,3.0;4.0,0.0::-10000.0,0.0
-10000.0
4.0,0.0;0.0,3.0::-500.0,0.0
-500.0
0.0,3.0;4.0,1.0::-10000.0,0.0
-10000.0
4.0,1.0;0.0,3.0::-500.0,0.0
-500.0
0.0,3.0;4.0,2.0::0.0,0.0
0.0
4.0,2.0;0.0,3.0::0.0,0.0
0.0
0.0,3.0;4.0,3.0::0.0,0.0
0.0
4.0,3.0;0.0,3.0::0.0,0.0
0.0
0.0,3.0;4.0,4.0::-100.0,0.0
-100.0
4.0,4.0;0.0,3.0::-5.0,0.0
-5.0
0.0,4.0;0.0,4.0::-105.0,0.0
-105.0
0.0,4.0;0.0,4.0::-105.0,0.0
-105.0
0.0,4.0;1.0,0.0::-9015.0,0.0
-9015.0
1.0,0.0;0.0,4.0::-1590.0,0.0
-1590.0
0.0,4.0;1.0,1.0::-9015.0,0.0
-9015.0
1.0,1.0;0.0,4.0::-1590.0,0.0
-1590.0
0.0,4.0;1.0,2.0::985.0,0.0
985.0
1.0,2.0;0.0,4.0::-1090.0,0.0
-1090.0
0.0,4.0;1.0,3.0::985.0,0.0
985.0
1.0,3.0;0.0,4.0::-1090.0,0.0
-1090.0
0.0,4.0;1.0,4.0::885.0,0.0
885.0
1.0,4.0;0.0,4.0::-1095.0,0.0
-1095.0
0.0,4.0;2.0,0.0::-9500.0,0.0
-9500.0
2.0,0.0;0.0,4.0::-11500.0,0.0
-11500.0
0.0,4.0;2.0,1.0::-9500.0,0.0
-9500.0
2.0,1.0;0.0,4.0::-11500.0,0.0
-11500.0
0.0,4.0;2.0,2.0::500.0,0.0
500.0
2.0,2.0;0.0,4.0::-11000.0,0.0
-11000.0
0.0,4.0;2.0,3.0::500.0,0.0
500.0
2.0,3.0;0.0,4.0::-11000.0,0.0
-11000.0
0.0,4.0;2.0,4.0::400.0,0.0
400.0
2.0,4.0;0.0,4.0::-11005.0,0.0
-11005.0
0.0,4.0;3.0,0.0::-9015.0,0.0
-9015.0
3.0,0.0;0.0,4.0::-1590.0,0.0
-1590.0
0.0,4.0;3.0,1.0::-9015.0,0.0
-9015.0
3.0,1.0;0.0,4.0::-1590.0,0.0
-1590.0
0.0,4.0;3.0,2.0::985.0,0.0
985.0
3.0,2.0;0.0,4.0::-1090.0,0.0
-1090.0
0.0,4.0;3.0,3.0::985.0,0.0
985.0
3.0,3.0;0.0,4.0::-1090.0,0.0
-1090.0
0.0,4.0;3.0,4.0::885.0,0.0
885.0
3.0,4.0;0.0,4.0::-1095.0,0.0
-1095.0
0.0,4.0;4.0,0.0::-9007.5,0.0
-9007.5
4.0,0.0;0.0,4.0::-1545.0,0.0
-1545.0
0.0,4.0;4.0,1.0::-9007.5,0.0
-9007.5
4.0,1.0;0.0,4.0::-1545.0,0.0
-1545.0
0.0,4.0;4.0,2.0::992.5,0.0
992.5
4.0,2.0;0.0,4.0::-1045.0,0.0
-1045.0
0.0,4.0;4.0,3.0::992.5,0.0
992.5
4.0,3.0;0.0,4.0::-1045.0,0.0
-1045.0
0.0,4.0;4.0,4.0::892.5,0.0
892.5
4.0,4.0;0.0,4.0::-1050.0,0.0
-1050.0
1.0,0.0;1.0,0.0::-10500.0,0.0
-10500.0
1.0,0.0;1.0,0.0::-10500.0,0.0
-10500.0
1.0,0.0;1.0,1.0::-6000.0,0.0
-6000.0
1.0,1.0;1.0,0.0::-9750.0,0.0
-9750.0
1.0,0.0;1.0,2.0::-6000.0,0.0
-6000.0
1.0,2.0;1.0,0.0::-9750.0,0.0
-9750.0
1.0,0.0;1.0,3.0::-1500.0,0.0
-1500.0
1.0,3.0;1.0,0.0::-9000.0,0.0
-9000.0
1.0,0.0;1.0,4.0::-1590.0,0.0
-1590.0
1.0,4.0;1.0,0.0::-9015.0,0.0
-9015.0
1.0,0.0;2.0,0.0::-9500.0,0.0
-9500.0
2.0,0.0;1.0,0.0::-11500.0,0.0
-11500.0
1.0,0.0;2.0,1.0::-5000.0,0.0
-5000.0
2.0,1.0;1.0,0.0::-10750.0,0.0
-10750.0
1.0,0.0;2.0,2.0::-5000.0,0.0
-5000.0
2.0,2.0;1.0,0.0::-10750.0,0.0
-10750.0
1.0,0.0;2.0,3.0::-500.0,0.0
-500.0
2.0,3.0;1.0,0.0::-10000.0,0.0
-10000.0
1.0,0.0;2.0,4.0::-590.0,0.0
-590.0
2.0,4.0;1.0,0.0::-10015.0,0.0
-10015.0
1.0,0.0;3.0,0.0::-9500.0,0.0
-9500.0
3.0,0.0;1.0,0.0::-11500.0,0.0
-11500.0
1.0,0.0;3.0,1.0::-5000.0,0.0
-5000.0
3.0,1.0;1.0,0.0::-10750.0,0.0
-10750.0
1.0,0.0;3.0,2.0::-5000.0,0.0
-5000.0
3.0,2.0;1.0,0.0::-10750.0,0.0
-10750.0
1.0,0.0;3.0,3.0::-500.0,0.0
-500.0
3.0,3.0;1.0,0.0::-10000.0,0.0
-10000.0
1.0,0.0;3.0,4.0::-590.0,0.0
-590.0
3.0,4.0;1.0,0.0::-10015.0,0.0
-10015.0
1.0,0.0;4.0,0.0::-9007.5,0.0
-9007.5
4.0,0.0;1.0,0.0::-1545.0,0.0
-1545.0
1.0,0.0;4.0,1.0::-4507.5,0.0
-4507.5
4.0,1.0;1.0,0.0::-795.0,0.0
-795.0
1.0,0.0;4.0,2.0::-4507.5,0.0
-4507.5
4.0,2.0;1.0,0.0::-795.0,0.0
-795.0
1.0,0.0;4.0,3.0::-7.5,0.0
-7.5
4.0,3.0;1.0,0.0::-45.0,0.0
-45.0
1.0,0.0;4.0,4.0::-97.5,0.0
-97.5
4.0,4.0;1.0,0.0::-60.0,0.0
-60.0
1.0,1.0;1.0,1.0::-5250.0,0.0
-5250.0
1.0,1.0;1.0,1.0::-5250.0,0.0
-5250.0
1.0,1.0;1.0,2.0::-5250.0,0.0
-5250.0
1.0,2.0;1.0,1.0::-5250.0,0.0
-5250.0
1.0,1.0;1.0,3.0::-750.0,0.0
-750.0
1.0,3.0;1.0,1.0::-4500.0,0.0
-4500.0
1.0,1.0;1.0,4.0::-840.0,0.0
-840.0
1.0,4.0;1.0,1.0::-4515.0,0.0
-4515.0
1.0,1.0;2.0,0.0::-9750.0,0.0
-9750.0
2.0,0.0;1.0,1.0::-6000.0,0.0
-6000.0
1.0,1.0;2.0,1.0::-5250.0,0.0
-5250.0
2.0,1.0;1.0,1.0::-5250.0,0.0
-5250.0
1.0,1.0;2.0,2.0::-5250.0,0.0
-5250.0
2.0,2.0;1.0,1.0::-5250.0,0.0
-5250.0
1.0,1.0;2.0,3.0::-750.0,0.0
-750.0
2.0,3.0;1.0,1.0::-4500.0,0.0
-4500.0
1.0,1.0;2.0,4.0::-840.0,0.0
-840.0
2.0,4.0;1.0,1.0::-4515.0,0.0
-4515.0
1.0,1.0;3.0,0.0::-9000.0,0.0
-9000.0
3.0,0.0;1.0,1.0::-1500.0,0.0
-1500.0
1.0,1.0;3.0,1.0::-4500.0,0.0
-4500.0
3.0,1.0;1.0,1.0::-750.0,0.0
-750.0
1.0,1.0;3.0,2.0::-4500.0,0.0
-4500.0
3.0,2.0;1.0,1.0::-750.0,0.0
-750.0
1.0,1.0;3.0,3.0::0.0,0.0
0.0
3.0,3.0;1.0,1.0::0.0,0.0
0.0
1.0,1.0;3.0,4.0::-90.0,0.0
-90.0
3.0,4.0;1.0,1.0::-15.0,0.0
-15.0
1.0,1.0;4.0,0.0::-9007.5,0.0
-9007.5
4.0,0.0;1.0,1.0::-1545.0,0.0
-1545.0
1.0,1.0;4.0,1.0::-4507.5,0.0
-4507.5
4.0,1.0;1.0,1.0::-795.0,0.0
-795.0
1.0,1.0;4.0,2.0::-4507.5,0.0
-4507.5
4.0,2.0;1.0,1.0::-795.0,0.0
-795.0
1.0,1.0;4.0,3.0::-7.5,0.0
-7.5
4.0,3.0;1.0,1.0::-45.0,0.0
-45.0
1.0,1.0;4.0,4.0::-97.5,0.0
-97.5
4.0,4.0;1.0,1.0::-60.0,0.0
-60.0
1.0,2.0;1.0,2.0::-5250.0,0.0
-5250.0
1.0,2.0;1.0,2.0::-5250.0,0.0
-5250.0
1.0,2.0;1.0,3.0::-750.0,0.0
-750.0
1.0,3.0;1.0,2.0::-4500.0,0.0
-4500.0
1.0,2.0;1.0,4.0::-840.0,0.0
-840.0
1.0,4.0;1.0,2.0::-4515.0,0.0
-4515.0
1.0,2.0;2.0,0.0::-9750.0,0.0
-9750.0
2.0,0.0;1.0,2.0::-6000.0,0.0
-6000.0
1.0,2.0;2.0,1.0::-5250.0,0.0
-5250.0
2.0,1.0;1.0,2.0::-5250.0,0.0
-5250.0
1.0,2.0;2.0,2.0::-5250.0,0.0
-5250.0
2.0,2.0;1.0,2.0::-5250.0,0.0
-5250.0
1.0,2.0;2.0,3.0::-750.0,0.0
-750.0
2.0,3.0;1.0,2.0::-4500.0,0.0
-4500.0
1.0,2.0;2.0,4.0::-840.0,0.0
-840.0
2.0,4.0;1.0,2.0::-4515.0,0.0
-4515.0
1.0,2.0;3.0,0.0::-9500.0,0.0
-9500.0
3.0,0.0;1.0,2.0::-11500.0,0.0
-11500.0
1.0,2.0;3.0,1.0::-5000.0,0.0
-5000.0
3.0,1.0;1.0,2.0::-10750.0,0.0
-10750.0
1.0,2.0;3.0,2.0::-5000.0,0.0
-5000.0
3.0,2.0;1.0,2.0::-10750.0,0.0
-10750.0
1.0,2.0;3.0,3.0::-500.0,0.0
-500.0
3.0,3.0;1.0,2.0::-10000.0,0.0
-10000.0
1.0,2.0;3.0,4.0::-590.0,0.0
-590.0
3.0,4.0;1.0,2.0::-10015.0,0.0
-10015.0
1.0,2.0;4.0,0.0::-10000.0,0.0
-10000.0
4.0,0.0;1.0,2.0::-500.0,0.0
-500.0
1.0,2.0;4.0,1.0::-5500.0,0.0
-5500.0
4.0,1.0;1.0,2.0::250.0,0.0
250.0
1.0,2.0;4.0,2.0::-5500.0,0.0
-5500.0
4.0,2.0;1.0,2.0::250.0,0.0
250.0
1.0,2.0;4.0,3.0::-1000.0,0.0
-1000.0
4.0,3.0;1.0,2.0::1000.0,0.0
1000.0
1.0,2.0;4.0,4.0::-1090.0,0.0
-1090.0
4.0,4.0;1.0,2.0::985.0,0.0
985.0
1.0,3.0;1.0,3.0::0.0,0.0
0.0
1.0,3.0;1.0,3.0::0.0,0.0
0.0
1.0,3.0;1.0,4.0::-90.0,0.0
-90.0
1.0,4.0;1.0,3.0::-15.0,0.0
-15.0
1.0,3.0;2.0,0.0::-10000.0,0.0
-10000.0
2.0,0.0;1.0,3.0::-500.0,0.0
-500.0
1.0,3.0;2.0,1.0::-5500.0,0.0
-5500.0
2.0,1.0;1.0,3.0::250.0,0.0
250.0
1.0,3.0;2.0,2.0::-5500.0,0.0
-5500.0
2.0,2.0;1.0,3.0::250.0,0.0
250.0
1.0,3.0;2.0,3.0::-1000.0,0.0
-1000.0
2.0,3.0;1.0,3.0::1000.0,0.0
1000.0
1.0,3.0;2.0,4.0::-1090.0,0.0
-1090.0
2.0,4.0;1.0,3.0::985.0,0.0
985.0
1.0,3.0;3.0,0.0::-9000.0,0.0
-9000.0
3.0,0.0;1.0,3.0::-1500.0,0.0
-1500.0
1.0,3.0;3.0,1.0::-4500.0,0.0
-4500.0
3.0,1.0;1.0,3.0::-750.0,0.0
-750.0
1.0,3.0;3.0,2.0::-4500.0,0.0
-4500.0
3.0,2.0;1.0,3.0::-750.0,0.0
-750.0
1.0,3.0;3.0,3.0::0.0,0.0
0.0
3.0,3.0;1.0,3.0::0.0,0.0
0.0
1.0,3.0;3.0,4.0::-90.0,0.0
-90.0
3.0,4.0;1.0,3.0::-15.0,0.0
-15.0
1.0,3.0;4.0,0.0::-10000.0,0.0
-10000.0
4.0,0.0;1.0,3.0::-500.0,0.0
-500.0
1.0,3.0;4.0,1.0::-5500.0,0.0
-5500.0
4.0,1.0;1.0,3.0::250.0,0.0
250.0
1.0,3.0;4.0,2.0::-5500.0,0.0
-5500.0
4.0,2.0;1.0,3.0::250.0,0.0
250.0
1.0,3.0;4.0,3.0::-1000.0,0.0
-1000.0
4.0,3.0;1.0,3.0::1000.0,0.0
1000.0
1.0,3.0;4.0,4.0::-1090.0,0.0
-1090.0
4.0,4.0;1.0,3.0::985.0,0.0
985.0
1.0,4.0;1.0,4.0::-105.0,0.0
-105.0
1.0,4.0;1.0,4.0::-105.0,0.0
-105.0
1.0,4.0;2.0,0.0::-9500.0,0.0
-9500.0
2.0,0.0;1.0,4.0::-11500.0,0.0
-11500.0
1.0,4.0;2.0,1.0::-5000.0,0.0
-5000.0
2.0,1.0;1.0,4.0::-10750.0,0.0
-10750.0
1.0,4.0;2.0,2.0::-5000.0,0.0
-5000.0
2.0,2.0;1.0,4.0::-10750.0,0.0
-10750.0
1.0,4.0;2.0,3.0::-500.0,0.0
-500.0
2.0,3.0;1.0,4.0::-10000.0,0.0
-10000.0
1.0,4.0;2.0,4.0::-590.0,0.0
-590.0
2.0,4.0;1.0,4.0::-10015.0,0.0
-10015.0
1.0,4.0;3.0,0.0::-9015.0,0.0
-9015.0
3.0,0.0;1.0,4.0::-1590.0,0.0
-1590.0
1.0,4.0;3.0,1.0::-4515.0,0.0
-4515.0
3.0,1.0;1.0,4.0::-840.0,0.0
-840.0
1.0,4.0;3.0,2.0::-4515.0,0.0
-4515.0
3.0,2.0;1.0,4.0::-840.0,0.0
-840.0
1.0,4.0;3.0,3.0::-15.0,0.0
-15.0
3.0,3.0;1.0,4.0::-90.0,0.0
-90.0
1.0,4.0;3.0,4.0::-105.0,0.0
-105.0
3.0,4.0;1.0,4.0::-105.0,0.0
-105.0
1.0,4.0;4.0,0.0::-9007.5,0.0
-9007.5
4.0,0.0;1.0,4.0::-1545.0,0.0
-1545.0
1.0,4.0;4.0,1.0::-4507.5,0.0
-4507.5
4.0,1.0;1.0,4.0::-795.0,0.0
-795.0
1.0,4.0;4.0,2.0::-4507.5,0.0
-4507.5
4.0,2.0;1.0,4.0::-795.0,0.0
-795.0
1.0,4.0;4.0,3.0::-7.5,0.0
-7.5
4.0,3.0;1.0,4.0::-45.0,0.0
-45.0
1.0,4.0;4.0,4.0::-97.5,0.0
-97.5
4.0,4.0;1.0,4.0::-60.0,0.0
-60.0
2.0,0.0;2.0,0.0::-10500.0,0.0
-10500.0
2.0,0.0;2.0,0.0::-10500.0,0.0
-10500.0
2.0,0.0;2.0,1.0::-5000.0,0.0
-5000.0
2.0,1.0;2.0,0.0::-10750.0,0.0
-10750.0
2.0,0.0;2.0,2.0::-5000.0,0.0
-5000.0
2.0,2.0;2.0,0.0::-10750.0,0.0
-10750.0
2.0,0.0;2.0,3.0::500.0,0.0
500.0
2.0,3.0;2.0,0.0::-11000.0,0.0
-11000.0
2.0,0.0;2.0,4.0::-10500.0,0.0
-10500.0
2.0,4.0;2.0,0.0::-10500.0,0.0
-10500.0
2.0,0.0;3.0,0.0::-10500.0,0.0
-10500.0
3.0,0.0;2.0,0.0::-10500.0,0.0
-10500.0
2.0,0.0;3.0,1.0::-5000.0,0.0
-5000.0
3.0,1.0;2.0,0.0::-10750.0,0.0
-10750.0
2.0,0.0;3.0,2.0::-5000.0,0.0
-5000.0
3.0,2.0;2.0,0.0::-10750.0,0.0
-10750.0
2.0,0.0;3.0,3.0::500.0,0.0
500.0
3.0,3.0;2.0,0.0::-11000.0,0.0
-11000.0
2.0,0.0;3.0,4.0::-10500.0,0.0
-10500.0
3.0,4.0;2.0,0.0::-10500.0,0.0
-10500.0
2.0,0.0;4.0,0.0::-10007.5,0.0
-10007.5
4.0,0.0;2.0,0.0::-545.0,0.0
-545.0
2.0,0.0;4.0,1.0::-4507.5,0.0
-4507.5
4.0,1.0;2.0,0.0::-795.0,0.0
-795.0
2.0,0.0;4.0,2.0::-4507.5,0.0
-4507.5
4.0,2.0;2.0,0.0::-795.0,0.0
-795.0
2.0,0.0;4.0,3.0::992.5,0.0
992.5
4.0,3.0;2.0,0.0::-1045.0,0.0
-1045.0
2.0,0.0;4.0,4.0::-10007.5,0.0
-10007.5
4.0,4.0;2.0,0.0::-545.0,0.0
-545.0
2.0,1.0;2.0,1.0::-5250.0,0.0
-5250.0
2.0,1.0;2.0,1.0::-5250.0,0.0
-5250.0
2.0,1.0;2.0,2.0::-5250.0,0.0
-5250.0
2.0,2.0;2.0,1.0::-5250.0,0.0
-5250.0
2.0,1.0;2.0,3.0::250.0,0.0
250.0
2.0,3.0;2.0,1.0::-5500.0,0.0
-5500.0
2.0,1.0;2.0,4.0::-10750.0,0.0
-10750.0
2.0,4.0;2.0,1.0::-5000.0,0.0
-5000.0
2.0,1.0;3.0,0.0::-10000.0,0.0
-10000.0
3.0,0.0;2.0,1.0::-500.0,0.0
-500.0
2.0,1.0;3.0,1.0::-4500.0,0.0
-4500.0
3.0,1.0;2.0,1.0::-750.0,0.0
-750.0
2.0,1.0;3.0,2.0::-4500.0,0.0
-4500.0
3.0,2.0;2.0,1.0::-750.0,0.0
-750.0
2.0,1.0;3.0,3.0::1000.0,0.0
1000.0
3.0,3.0;2.0,1.0::-1000.0,0.0
-1000.0
2.0,1.0;3.0,4.0::-10000.0,0.0
-10000.0
3.0,4.0;2.0,1.0::-500.0,0.0
-500.0
2.0,1.0;4.0,0.0::-10007.5,0.0
-10007.5
4.0,0.0;2.0,1.0::-545.0,0.0
-545.0
2.0,1.0;4.0,1.0::-4507.5,0.0
-4507.5
4.0,1.0;2.0,1.0::-795.0,0.0
-795.0
2.0,1.0;4.0,2.0::-4507.5,0.0
-4507.5
4.0,2.0;2.0,1.0::-795.0,0.0
-795.0
2.0,1.0;4.0,3.0::992.5,0.0
992.5
4.0,3.0;2.0,1.0::-1045.0,0.0
-1045.0
2.0,1.0;4.0,4.0::-10007.5,0.0
-10007.5
4.0,4.0;2.0,1.0::-545.0,0.0
-545.0
2.0,2.0;2.0,2.0::-5250.0,0.0
-5250.0
2.0,2.0;2.0,2.0::-5250.0,0.0
-5250.0
2.0,2.0;2.0,3.0::250.0,0.0
250.0
2.0,3.0;2.0,2.0::-5500.0,0.0
-5500.0
2.0,2.0;2.0,4.0::-10750.0,0.0
-10750.0
2.0,4.0;2.0,2.0::-5000.0,0.0
-5000.0
2.0,2.0;3.0,0.0::-10500.0,0.0
-10500.0
3.0,0.0;2.0,2.0::-10500.0,0.0
-10500.0
2.0,2.0;3.0,1.0::-5000.0,0.0
-5000.0
3.0,1.0;2.0,2.0::-10750.0,0.0
-10750.0
2.0,2.0;3.0,2.0::-5000.0,0.0
-5000.0
3.0,2.0;2.0,2.0::-10750.0,0.0
-10750.0
2.0,2.0;3.0,3.0::500.0,0.0
500.0
3.0,3.0;2.0,2.0::-11000.0,0.0
-11000.0
2.0,2.0;3.0,4.0::-10500.0,0.0
-10500.0
3.0,4.0;2.0,2.0::-10500.0,0.0
-10500.0
2.0,2.0;4.0,0.0::-11000.0,0.0
-11000.0
4.0,0.0;2.0,2.0::500.0,0.0
500.0
2.0,2.0;4.0,1.0::-5500.0,0.0
-5500.0
4.0,1.0;2.0,2.0::250.0,0.0
250.0
2.0,2.0;4.0,2.0::-5500.0,0.0
-5500.0
4.0,2.0;2.0,2.0::250.0,0.0
250.0
2.0,2.0;4.0,3.0::0.0,0.0
0.0
4.0,3.0;2.0,2.0::0.0,0.0
0.0
2.0,2.0;4.0,4.0::-11000.0,0.0
-11000.0
4.0,4.0;2.0,2.0::500.0,0.0
500.0
2.0,3.0;2.0,3.0::0.0,0.0
0.0
2.0,3.0;2.0,3.0::0.0,0.0
0.0
2.0,3.0;2.0,4.0::-11000.0,0.0
-11000.0
2.0,4.0;2.0,3.0::500.0,0.0
500.0
2.0,3.0;3.0,0.0::-10000.0,0.0
-10000.0
3.0,0.0;2.0,3.0::-500.0,0.0
-500.0
2.0,3.0;3.0,1.0::-4500.0,0.0
-4500.0
3.0,1.0;2.0,3.0::-750.0,0.0
-750.0
2.0,3.0;3.0,2.0::-4500.0,0.0
-4500.0
3.0,2.0;2.0,3.0::-750.0,0.0
-750.0
2.0,3.0;3.0,3.0::1000.0,0.0
1000.0
3.0,3.0;2.0,3.0::-1000.0,0.0
-1000.0
2.0,3.0;3.0,4.0::-10000.0,0.0
-10000.0
3.0,4.0;2.0,3.0::-500.0,0.0
-500.0
2.0,3.0;4.0,0.0::-11000.0,0.0
-11000.0
4.0,0.0;2.0,3.0::500.0,0.0
500.0
2.0,3.0;4.0,1.0::-5500.0,0.0
-5500.0
4.0,1.0;2.0,3.0::250.0,0.0
250.0
2.0,3.0;4.0,2.0::-5500.0,0.0
-5500.0
4.0,2.0;2.0,3.0::250.0,0.0
250.0
2.0,3.0;4.0,3.0::0.0,0.0
0.0
4.0,3.0;2.0,3.0::0.0,0.0
0.0
2.0,3.0;4.0,4.0::-11000.0,0.0
-11000.0
4.0,4.0;2.0,3.0::500.0,0.0
500.0
2.0,4.0;2.0,4.0::-10500.0,0.0
-10500.0
2.0,4.0;2.0,4.0::-10500.0,0.0
-10500.0
2.0,4.0;3.0,0.0::-10015.0,0.0
-10015.0
3.0,0.0;2.0,4.0::-590.0,0.0
-590.0
2.0,4.0;3.0,1.0::-4515.0,0.0
-4515.0
3.0,1.0;2.0,4.0::-840.0,0.0
-840.0
2.0,4.0;3.0,2.0::-4515.0,0.0
-4515.0
3.0,2.0;2.0,4.0::-840.0,0.0
-840.0
2.0,4.0;3.0,3.0::985.0,0.0
985.0
3.0,3.0;2.0,4.0::-1090.0,0.0
-1090.0
2.0,4.0;3.0,4.0::-10015.0,0.0
-10015.0
3.0,4.0;2.0,4.0::-590.0,0.0
-590.0
2.0,4.0;4.0,0.0::-10007.5,0.0
-10007.5
4.0,0.0;2.0,4.0::-545.0,0.0
-545.0
2.0,4.0;4.0,1.0::-4507.5,0.0
-4507.5
4.0,1.0;2.0,4.0::-795.0,0.0
-795.0
2.0,4.0;4.0,2.0::-4507.5,0.0
-4507.5
4.0,2.0;2.0,4.0::-795.0,0.0
-795.0
2.0,4.0;4.0,3.0::992.5,0.0
992.5
4.0,3.0;2.0,4.0::-1045.0,0.0
-1045.0
2.0,4.0;4.0,4.0::-10007.5,0.0
-10007.5
4.0,4.0;2.0,4.0::-545.0,0.0
-545.0
3.0,0.0;3.0,0.0::-10500.0,0.0
-10500.0
3.0,0.0;3.0,0.0::-10500.0,0.0
-10500.0
3.0,0.0;3.0,1.0::-500.0,0.0
-500.0
3.0,1.0;3.0,0.0::-10000.0,0.0
-10000.0
3.0,0.0;3.0,2.0::-10500.0,0.0
-10500.0
3.0,2.0;3.0,0.0::-10500.0,0.0
-10500.0
3.0,0.0;3.0,3.0::-500.0,0.0
-500.0
3.0,3.0;3.0,0.0::-10000.0,0.0
-10000.0
3.0,0.0;3.0,4.0::-590.0,0.0
-590.0
3.0,4.0;3.0,0.0::-10015.0,0.0
-10015.0
3.0,0.0;4.0,0.0::-10007.5,0.0
-10007.5
4.0,0.0;3.0,0.0::-545.0,0.0
-545.0
3.0,0.0;4.0,1.0::-7.5,0.0
-7.5
4.0,1.0;3.0,0.0::-45.0,0.0
-45.0
3.0,0.0;4.0,2.0::-10007.5,0.0
-10007.5
4.0,2.0;3.0,0.0::-545.0,0.0
-545.0
3.0,0.0;4.0,3.0::-7.5,0.0
-7.5
4.0,3.0;3.0,0.0::-45.0,0.0
-45.0
3.0,0.0;4.0,4.0::-97.5,0.0
-97.5
4.0,4.0;3.0,0.0::-60.0,0.0
-60.0
3.0,1.0;3.0,1.0::0.0,0.0
0.0
3.0,1.0;3.0,1.0::0.0,0.0
0.0
3.0,1.0;3.0,2.0::-10000.0,0.0
-10000.0
3.0,2.0;3.0,1.0::-500.0,0.0
-500.0
3.0,1.0;3.0,3.0::0.0,0.0
0.0
3.0,3.0;3.0,1.0::0.0,0.0
0.0
3.0,1.0;3.0,4.0::-90.0,0.0
-90.0
3.0,4.0;3.0,1.0::-15.0,0.0
-15.0
3.0,1.0;4.0,0.0::-10007.5,0.0
-10007.5
4.0,0.0;3.0,1.0::-545.0,0.0
-545.0
3.0,1.0;4.0,1.0::-7.5,0.0
-7.5
4.0,1.0;3.0,1.0::-45.0,0.0
-45.0
3.0,1.0;4.0,2.0::-10007.5,0.0
-10007.5
4.0,2.0;3.0,1.0::-545.0,0.0
-545.0
3.0,1.0;4.0,3.0::-7.5,0.0
-7.5
4.0,3.0;3.0,1.0::-45.0,0.0
-45.0
3.0,1.0;4.0,4.0::-97.5,0.0
-97.5
4.0,4.0;3.0,1.0::-60.0,0.0
-60.0
3.0,2.0;3.0,2.0::-10500.0,0.0
-10500.0
3.0,2.0;3.0,2.0::-10500.0,0.0
-10500.0
3.0,2.0;3.0,3.0::-500.0,0.0
-500.0
3.0,3.0;3.0,2.0::-10000.0,0.0
-10000.0
3.0,2.0;3.0,4.0::-590.0,0.0
-590.0
3.0,4.0;3.0,2.0::-10015.0,0.0
-10015.0
3.0,2.0;4.0,0.0::-11000.0,0.0
-11000.0
4.0,0.0;3.0,2.0::500.0,0.0
500.0
3.0,2.0;4.0,1.0::-1000.0,0.0
-1000.0
4.0,1.0;3.0,2.0::1000.0,0.0
1000.0
3.0,2.0;4.0,2.0::-11000.0,0.0
-11000.0
4.0,2.0;3.0,2.0::500.0,0.0
500.0
3.0,2.0;4.0,3.0::-1000.0,0.0
-1000.0
4.0,3.0;3.0,2.0::1000.0,0.0
1000.0
3.0,2.0;4.0,4.0::-1090.0,0.0
-1090.0
4.0,4.0;3.0,2.0::985.0,0.0
985.0
3.0,3.0;3.0,3.0::0.0,0.0
0.0
3.0,3.0;3.0,3.0::0.0,0.0
0.0
3.0,3.0;3.0,4.0::-90.0,0.0
-90.0
3.0,4.0;3.0,3.0::-15.0,0.0
-15.0
3.0,3.0;4.0,0.0::-11000.0,0.0
-11000.0
4.0,0.0;3.0,3.0::500.0,0.0
500.0
3.0,3.0;4.0,1.0::-1000.0,0.0
-1000.0
4.0,1.0;3.0,3.0::1000.0,0.0
1000.0
3.0,3.0;4.0,2.0::-11000.0,0.0
-11000.0
4.0,2.0;3.0,3.0::500.0,0.0
500.0
3.0,3.0;4.0,3.0::-1000.0,0.0
-1000.0
4.0,3.0;3.0,3.0::1000.0,0.0
1000.0
3.0,3.0;4.0,4.0::-1090.0,0.0
-1090.0
4.0,4.0;3.0,3.0::985.0,0.0
985.0
3.0,4.0;3.0,4.0::-105.0,0.0
-105.0
3.0,4.0;3.0,4.0::-105.0,0.0
-105.0
3.0,4.0;4.0,0.0::-10007.5,0.0
-10007.5
4.0,0.0;3.0,4.0::-545.0,0.0
-545.0
3.0,4.0;4.0,1.0::-7.5,0.0
-7.5
4.0,1.0;3.0,4.0::-45.0,0.0
-45.0
3.0,4.0;4.0,2.0::-10007.5,0.0
-10007.5
4.0,2.0;3.0,4.0::-545.0,0.0
-545.0
3.0,4.0;4.0,3.0::-7.5,0.0
-7.5
4.0,3.0;3.0,4.0::-45.0,0.0
-45.0
3.0,4.0;4.0,4.0::-97.5,0.0
-97.5
4.0,4.0;3.0,4.0::-60.0,0.0
-60.0
4.0,0.0;4.0,0.0::-52.5,0.0
-52.5
4.0,0.0;4.0,0.0::-52.5,0.0
-52.5
4.0,0.0;4.0,1.0::-52.5,0.0
-52.5
4.0,1.0;4.0,0.0::-52.5,0.0
-52.5
4.0,0.0;4.0,2.0::992.5,0.0
992.5
4.0,2.0;4.0,0.0::-1045.0,0.0
-1045.0
4.0,0.0;4.0,3.0::992.5,0.0
992.5
4.0,3.0;4.0,0.0::-1045.0,0.0
-1045.0
4.0,0.0;4.0,4.0::-52.5,0.0
-52.5
4.0,4.0;4.0,0.0::-52.5,0.0
-52.5
4.0,1.0;4.0,1.0::-52.5,0.0
-52.5
4.0,1.0;4.0,1.0::-52.5,0.0
-52.5
4.0,1.0;4.0,2.0::992.5,0.0
992.5
4.0,2.0;4.0,1.0::-1045.0,0.0
-1045.0
4.0,1.0;4.0,3.0::992.5,0.0
992.5
4.0,3.0;4.0,1.0::-1045.0,0.0
-1045.0
4.0,1.0;4.0,4.0::-52.5,0.0
-52.5
4.0,4.0;4.0,1.0::-52.5,0.0
-52.5
4.0,2.0;4.0,2.0::0.0,0.0
0.0
4.0,2.0;4.0,2.0::0.0,0.0
0.0
4.0,2.0;4.0,3.0::0.0,0.0
0.0
4.0,3.0;4.0,2.0::0.0,0.0
0.0
4.0,2.0;4.0,4.0::-1045.0,0.0
-1045.0
4.0,4.0;4.0,2.0::992.5,0.0
992.5
4.0,3.0;4.0,3.0::0.0,0.0
0.0
4.0,3.0;4.0,3.0::0.0,0.0
0.0
4.0,3.0;4.0,4.0::-1045.0,0.0
-1045.0
4.0,4.0;4.0,3.0::992.5,0.0
992.5
4.0,4.0;4.0,4.0::-52.5,0.0
-52.5
4.0,4.0;4.0,4.0::-52.5,0.0
-52.5
