3.0,0.0;3.0,0.0::-3000.0,0.0
-3000.0
3.0,0.0;3.0,0.0::-3000.0,0.0
-3000.0
3.0,0.0;3.0,1.0::-500.0,0.0
-500.0
3.0,1.0;3.0,0.0::-2500.0,0.0
-2500.0
3.0,0.0;3.0,2.0::-3000.0,0.0
-3000.0
3.0,2.0;3.0,0.0::-3000.0,0.0
-3000.0
3.0,0.0;3.0,3.0::-500.0,0.0
-500.0
3.0,3.0;3.0,0.0::-2500.0,0.0
-2500.0
3.0,0.0;3.0,4.0::-507.5,0.0
-507.5
3.0,4.0;3.0,0.0::-2507.5,0.0
-2507.5
3.0,0.0;4.0,0.0::-3250.0,0.0
-3250.0
4.0,0.0;3.0,0.0::-1250.0,0.0
-1250.0
3.0,0.0;4.0,1.0::-750.0,0.0
-750.0
4.0,1.0;3.0,0.0::-750.0,0.0
-750.0
3.0,0.0;4.0,2.0::-3250.0,0.0
-3250.0
4.0,2.0;3.0,0.0::-1250.0,0.0
-1250.0
3.0,0.0;4.0,3.0::-750.0,0.0
-750.0
4.0,3.0;3.0,0.0::-750.0,0.0
-750.0
3.0,0.0;4.0,4.0::-757.5,0.0
-757.5
4.0,4.0;3.0,0.0::-757.5,0.0
-757.5
