0.0,0.0;0.0,0.0::-4500.0,0.0
-4500.0
0.0,0.0;0.0,0.0::-4500.0,0.0
-4500.0
0.0,0.0;0.0,1.0::-4500.0,0.0
-4500.0
0.0,1.0;0.0,0.0::-4500.0,0.0
-4500.0
0.0,0.0;0.0,2.0::-2000.0,0.0
-2000.0
0.0,2.0;0.0,0.0::-4000.0,0.0
-4000.0
0.0,0.0;0.0,3.0::-2000.0,0.0
-2000.0
0.0,3.0;0.0,0.0::-4000.0,0.0
-4000.0
0.0,0.0;0.0,4.0::-2025.0,0.0
-2025.0
0.0,4.0;0.0,0.0::-4005.0,0.0
-4005.0
0.0,0.0;1.0,0.0::-4500.0,0.0
-4500.0
1.0,0.0;0.0,0.0::-4500.0,0.0
-4500.0
0.0,0.0;1.0,1.0::-4500.0,0.0
-4500.0
1.0,1.0;0.0,0.0::-4500.0,0.0
-4500.0
0.0,0.0;1.0,2.0::-2000.0,0.0
-2000.0
1.0,2.0;0.0,0.0::-4000.0,0.0
-4000.0
0.0,0.0;1.0,3.0::-2000.0,0.0
-2000.0
1.0,3.0;0.0,0.0::-4000.0,0.0
-4000.0
0.0,0.0;1.0,4.0::-2025.0,0.0
-2025.0
1.0,4.0;0.0,0.0::-4005.0,0.0
-4005.0
0.0,0.0;2.0,0.0::-2000.0,0.0
-2000.0
2.0,0.0;0.0,0.0::-5500.0,0.0
-5500.0
0.0,0.0;2.0,1.0::-2000.0,0.0
-2000.0
2.0,1.0;0.0,0.0::-5500.0,0.0
-5500.0
0.0,0.0;2.0,2.0::500.0,0.0
500.0
2.0,2.0;0.0,0.0::-5000.0,0.0
-5000.0
0.0,0.0;2.0,3.0::500.0,0.0
500.0
2.0,3.0;0.0,0.0::-5000.0,0.0
-5000.0
0.0,0.0;2.0,4.0::475.0,0.0
475.0
2.0,4.0;0.0,0.0::-5005.0,0.0
-5005.0
0.0,0.0;3.0,0.0::-2000.0,0.0
-2000.0
3.0,0.0;0.0,0.0::-5500.0,0.0
-5500.0
0.0,0.0;3.0,1.0::-2000.0,0.0
-2000.0
3.0,1.0;0.0,0.0::-5500.0,0.0
-5500.0
0.0,0.0;3.0,2.0::500.0,0.0
500.0
3.0,2.0;0.0,0.0::-5000.0,0.0
-5000.0
0.0,0.0;3.0,3.0::500.0,0.0
500.0
3.0,3.0;0.0,0.0::-5000.0,0.0
-5000.0
0.0,0.0;3.0,4.0::475.0,0.0
475.0
3.0,4.0;0.0,0.0::-5005.0,0.0
-5005.0
0.0,0.0;4.0,0.0::-1515.0,0.0
-1515.0
4.0,0.0;0.0,0.0::-3007.5,0.0
-3007.5
0.0,0.0;4.0,1.0::-1515.0,0.0
-1515.0
4.0,1.0;0.0,0.0::-3007.5,0.0
-3007.5
0.0,0.0;4.0,2.0::985.0,0.0
985.0
4.0,2.0;0.0,0.0::-2507.5,0.0
-2507.5
0.0,0.0;4.0,3.0::985.0,0.0
985.0
4.0,3.0;0.0,0.0::-2507.5,0.0
-2507.5
0.0,0.0;4.0,4.0::960.0,0.0
960.0
4.0,4.0;0.0,0.0::-2512.5,0.0
-2512.5
