2.0,4.0;2.0,4.0::-3000.0,0.0
-3000.0
2.0,4.0;2.0,4.0::-3000.0,0.0
-3000.0
2.0,4.0;3.0,0.0::-2530.0,0.0
-2530.0
3.0,0.0;2.0,4.0::-515.0,0.0
-515.0
2.0,4.0;3.0,1.0::-780.0,0.0
-780.0
3.0,1.0;2.0,4.0::-1515.0,0.0
-1515.0
2.0,4.0;3.0,2.0::-780.0,0.0
-780.0
3.0,2.0;2.0,4.0::-1515.0,0.0
-1515.0
2.0,4.0;3.0,3.0::970.0,0.0
970.0
3.0,3.0;2.0,4.0::-2515.0,0.0
-2515.0
2.0,4.0;3.0,4.0::-2530.0,0.0
-2530.0
3.0,4.0;2.0,4.0::-515.0,0.0
-515.0
2.0,4.0;4.0,0.0::-2515.0,0.0
-2515.0
4.0,0.0;2.0,4.0::-507.5,0.0
-507.5
2.0,4.0;4.0,1.0::-765.0,0.0
-765.0
4.0,1.0;2.0,4.0::-1507.5,0.0
-1507.5
2.0,4.0;4.0,2.0::-765.0,0.0
-765.0
4.0,2.0;2.0,4.0::-1507.5,0.0
-1507.5
2.0,4.0;4.0,3.0::985.0,0.0
985.0
4.0,3.0;2.0,4.0::-2507.5,0.0
-2507.5
2.0,4.0;4.0,4.0::-2515.0,0.0
-2515.0
4.0,4.0;2.0,4.0::-507.5,0.0
-507.5
