0.0,0.0;0.0,0.0::-4500.0,0.0
-4500.0
0.0,0.0;0.0,0.0::-4500.0,0.0
-4500.0
0.0,0.0;0.0,1.0::-4500.0,0.0
-4500.0
0.0,1.0;0.0,0.0::-4500.0,0.0
-4500.0
0.0,0.0;0.0,2.0::-2000.0,0.0
-2000.0
0.0,2.0;0.0,0.0::-4000.0,0.0
-4000.0
0.0,0.0;0.0,3.0::-2000.0,0.0
-2000.0
0.0,3.0;0.0,0.0::-4000.0,0.0
-4000.0
0.0,0.0;0.0,4.0::-2025.0,0.0
-2025.0
0.0,4.0;0.0,0.0::-4005.0,0.0
-4005.0
0.0,0.0;1.0,0.0::-4500.0,0.0
-4500.0
1.0,0.0;0.0,0.0::-4500.0,0.0
-4500.0
0.0,0.0;1.0,1.0::-4500.0,0.0
-4500.0
1.0,1.0;0.0,0.0::-4500.0,0.0
-4500.0
0.0,0.0;1.0,2.0::-2000.0,0.0
-2000.0
1.0,2.0;0.0,0.0::-4000.0,0.0
-4000.0
0.0,0.0;1.0,3.0::-2000.0,0.0
-2000.0
1.0,3.0;0.0,0.0::-4000.0,0.0
-4000.0
0.0,0.0;1.0,4.0::-2025.0,0.0
-2025.0
1.0,4.0;0.0,0.0::-4005.0,0.0
-4005.0
0.0,0.0;2.0,0.0::-2000.0,0.0
-2000.0
2.0,0.0;0.0,0.0::-5500.0,0.0
-5500.0
0.0,0.0;2.0,1.0::-2000.0,0.0
-2000.0
2.0,1.0;0.0,0.0::-5500.0,0.0
-5500.0
0.0,0.0;2.0,2.0::500.0,0.0
500.0
2.0,2.0;0.0,0.0::-5000.0,0.0
-5000.0
0.0,0.0;2.0,3.0::500.0,0.0
500.0
2.0,3.0;0.0,0.0::-5000.0,0.0
-5000.0
0.0,0.0;2.0,4.0::475.0,0.0
475.0
2.0,4.0;0.0,0.0::-5005.0,0.0
-5005.0
0.0,0.0;3.0,0.0::-2000.0,0.0
-2000.0
3.0,0.0;0.0,0.0::-5500.0,0.0
-5500.0
0.0,0.0;3.0,1.0::-2000.0,0.0
-2000.0
3.0,1.0;0.0,0.0::-5500.0,0.0
-5500.0
0.0,0.0;3.0,2.0::500.0,0.0
500.0
3.0,2.0;0.0,0.0::-5000.0,0.0
-5000.0
0.0,0.0;3.0,3.0::500.0,0.0
500.0
3.0,3.0;0.0,0.0::-5000.0,0.0
-5000.0
0.0,0.0;3.0,4.0::475.0,0.0
475.0
3.0,4.0;0.0,0.0::-5005.0,0.0
-5005.0
0.0,0.0;4.0,0.0::-1515.0,0.0
-1515.0
4.0,0.0;0.0,0.0::-3007.5,0.0
-3007.5
0.0,0.0;4.0,1.0::-1515.0,0.0
-1515.0
4.0,1.0;0.0,0.0::-3007.5,0.0
-3007.5
0.0,0.0;4.0,2.0::985.0,0.0
985.0
4.0,2.0;0.0,0.0::-2507.5,0.0
-2507.5
0.0,0.0;4.0,3.0::985.0,0.0
985.0
4.0,3.0;0.0,0.0::-2507.5,0.0
-2507.5
0.0,0.0;4.0,4.0::960.0,0.0
960.0
4.0,4.0;0.0,0.0::-2512.5,0.0
-2512.5
0.0,1.0;0.0,1.0::-4500.0,0.0
-4500.0
0.0,1.0;0.0,1.0::-4500.0,0.0
-4500.0
0.0,1.0;0.0,2.0::-2000.0,0.0
-2000.0
0.0,2.0;0.0,1.0::-4000.0,0.0
-4000.0
0.0,1.0;0.0,3.0::-2000.0,0.0
-2000.0
0.0,3.0;0.0,1.0::-4000.0,0.0
-4000.0
0.0,1.0;0.0,4.0::-2025.0,0.0
-2025.0
0.0,4.0;0.0,1.0::-4005.0,0.0
-4005.0
0.0,1.0;1.0,0.0::-3000.0,0.0
-3000.0
1.0,0.0;0.0,1.0::-3750.0,0.0
-3750.0
0.0,1.0;1.0,1.0::-3000.0,0.0
-3000.0
1.0,1.0;0.0,1.0::-3750.0,0.0
-3750.0
0.0,1.0;1.0,2.0::-500.0,0.0
-500.0
1.0,2.0;0.0,1.0::-3250.0,0.0
-3250.0
0.0,1.0;1.0,3.0::-500.0,0.0
-500.0
1.0,3.0;0.0,1.0::-3250.0,0.0
-3250.0
0.0,1.0;1.0,4.0::-525.0,0.0
-525.0
1.0,4.0;0.0,1.0::-3255.0,0.0
-3255.0
0.0,1.0;2.0,0.0::-3000.0,0.0
-3000.0
2.0,0.0;0.0,1.0::-3750.0,0.0
-3750.0
0.0,1.0;2.0,1.0::-3000.0,0.0
-3000.0
2.0,1.0;0.0,1.0::-3750.0,0.0
-3750.0
0.0,1.0;2.0,2.0::-500.0,0.0
-500.0
2.0,2.0;0.0,1.0::-3250.0,0.0
-3250.0
0.0,1.0;2.0,3.0::-500.0,0.0
-500.0
2.0,3.0;0.0,1.0::-3250.0,0.0
-3250.0
0.0,1.0;2.0,4.0::-525.0,0.0
-525.0
2.0,4.0;0.0,1.0::-3255.0,0.0
-3255.0
0.0,1.0;3.0,0.0::-1500.0,0.0
-1500.0
3.0,0.0;0.0,1.0::-3000.0,0.0
-3000.0
0.0,1.0;3.0,1.0::-1500.0,0.0
-1500.0
3.0,1.0;0.0,1.0::-3000.0,0.0
-3000.0
0.0,1.0;3.0,2.0::1000.0,0.0
1000.0
3.0,2.0;0.0,1.0::-2500.0,0.0
-2500.0
0.0,1.0;3.0,3.0::1000.0,0.0
1000.0
3.0,3.0;0.0,1.0::-2500.0,0.0
-2500.0
0.0,1.0;3.0,4.0::975.0,0.0
975.0
3.0,4.0;0.0,1.0::-2505.0,0.0
-2505.0
0.0,1.0;4.0,0.0::-1515.0,0.0
-1515.0
4.0,0.0;0.0,1.0::-3007.5,0.0
-3007.5
0.0,1.0;4.0,1.0::-1515.0,0.0
-1515.0
4.0,1.0;0.0,1.0::-3007.5,0.0
-3007.5
0.0,1.0;4.0,2.0::985.0,0.0
985.0
4.0,2.0;0.0,1.0::-2507.5,0.0
-2507.5
0.0,1.0;4.0,3.0::985.0,0.0
985.0
4.0,3.0;0.0,1.0::-2507.5,0.0
-2507.5
0.0,1.0;4.0,4.0::960.0,0.0
960.0
4.0,4.0;0.0,1.0::-2512.5,0.0
-2512.5
0.0,2.0;0.0,2.0::-1500.0,0.0
-1500.0
0.0,2.0;0.0,2.0::-1500.0,0.0
-1500.0
0.0,2.0;0.0,3.0::-1500.0,0.0
-1500.0
0.0,3.0;0.0,2.0::-1500.0,0.0
-1500.0
0.0,2.0;0.0,4.0::-1525.0,0.0
-1525.0
0.0,4.0;0.0,2.0::-1505.0,0.0
-1505.0
0.0,2.0;1.0,0.0::-3000.0,0.0
-3000.0
1.0,0.0;0.0,2.0::-3750.0,0.0
-3750.0
0.0,2.0;1.0,1.0::-3000.0,0.0
-3000.0
1.0,1.0;0.0,2.0::-3750.0,0.0
-3750.0
0.0,2.0;1.0,2.0::-500.0,0.0
-500.0
1.0,2.0;0.0,2.0::-3250.0,0.0
-3250.0
0.0,2.0;1.0,3.0::-500.0,0.0
-500.0
1.0,3.0;0.0,2.0::-3250.0,0.0
-3250.0
0.0,2.0;1.0,4.0::-525.0,0.0
-525.0
1.0,4.0;0.0,2.0::-3255.0,0.0
-3255.0
0.0,2.0;2.0,0.0::-3000.0,0.0
-3000.0
2.0,0.0;0.0,2.0::-3750.0,0.0
-3750.0
0.0,2.0;2.0,1.0::-3000.0,0.0
-3000.0
2.0,1.0;0.0,2.0::-3750.0,0.0
-3750.0
0.0,2.0;2.0,2.0::-500.0,0.0
-500.0
2.0,2.0;0.0,2.0::-3250.0,0.0
-3250.0
0.0,2.0;2.0,3.0::-500.0,0.0
-500.0
2.0,3.0;0.0,2.0::-3250.0,0.0
-3250.0
0.0,2.0;2.0,4.0::-525.0,0.0
-525.0
2.0,4.0;0.0,2.0::-3255.0,0.0
-3255.0
0.0,2.0;3.0,0.0::-2000.0,0.0
-2000.0
3.0,0.0;0.0,2.0::-5500.0,0.0
-5500.0
0.0,2.0;3.0,1.0::-2000.0,0.0
-2000.0
3.0,1.0;0.0,2.0::-5500.0,0.0
-5500.0
0.0,2.0;3.0,2.0::500.0,0.0
500.0
3.0,2.0;0.0,2.0::-5000.0,0.0
-5000.0
0.0,2.0;3.0,3.0::500.0,0.0
500.0
3.0,3.0;0.0,2.0::-5000.0,0.0
-5000.0
0.0,2.0;3.0,4.0::475.0,0.0
475.0
3.0,4.0;0.0,2.0::-5005.0,0.0
-5005.0
0.0,2.0;4.0,0.0::-4000.0,0.0
-4000.0
4.0,0.0;0.0,2.0::-2000.0,0.0
-2000.0
0.0,2.0;4.0,1.0::-4000.0,0.0
-4000.0
4.0,1.0;0.0,2.0::-2000.0,0.0
-2000.0
0.0,2.0;4.0,2.0::-1500.0,0.0
-1500.0
4.0,2.0;0.0,2.0::-1500.0,0.0
-1500.0
0.0,2.0;4.0,3.0::-1500.0,0.0
-1500.0
4.0,3.0;0.0,2.0::-1500.0,0.0
-1500.0
0.0,2.0;4.0,4.0::-1525.0,0.0
-1525.0
4.0,4.0;0.0,2.0::-1505.0,0.0
-1505.0
0.0,3.0;0.0,3.0::-1500.0,0.0
-1500.0
0.0,3.0;0.0,3.0::-1500.0,0.0
-1500.0
0.0,3.0;0.0,4.0::-1525.0,0.0
-1525.0
0.0,4.0;0.0,3.0::-1505.0,0.0
-1505.0
0.0,3.0;1.0,0.0::-1500.0,0.0
-1500.0
1.0,0.0;0.0,3.0::-3000.0,0.0
-3000.0
0.0,3.0;1.0,1.0::-1500.0,0.0
-1500.0
1.0,1.0;0.0,3.0::-3000.0,0.0
-3000.0
0.0,3.0;1.0,2.0::1000.0,0.0
1000.0
1.0,2.0;0.0,3.0::-2500.0,0.0
-2500.0
0.0,3.0;1.0,3.0::1000.0,0.0
1000.0
1.0,3.0;0.0,3.0::-2500.0,0.0
-2500.0
0.0,3.0;1.0,4.0::975.0,0.0
975.0
1.0,4.0;0.0,3.0::-2505.0,0.0
-2505.0
0.0,3.0;2.0,0.0::-4000.0,0.0
-4000.0
2.0,0.0;0.0,3.0::-2000.0,0.0
-2000.0
0.0,3.0;2.0,1.0::-4000.0,0.0
-4000.0
2.0,1.0;0.0,3.0::-2000.0,0.0
-2000.0
0.0,3.0;2.0,2.0::-1500.0,0.0
-1500.0
2.0,2.0;0.0,3.0::-1500.0,0.0
-1500.0
0.0,3.0;2.0,3.0::-1500.0,0.0
-1500.0
2.0,3.0;0.0,3.0::-1500.0,0.0
-1500.0
0.0,3.0;2.0,4.0::-1525.0,0.0
-1525.0
2.0,4.0;0.0,3.0::-1505.0,0.0
-1505.0
0.0,3.0;3.0,0.0::-1500.0,0.0
-1500.0
3.0,0.0;0.0,3.0::-3000.0,0.0
-3000.0
0.0,3.0;3.0,1.0::-1500.0,0.0
-1500.0
3.0,1.0;0.0,3.0::-3000.0,0.0
-3000.0
0.0,3.0;3.0,2.0::1000.0,0.0
1000.0
3.0,2.0;0.0,3.0::-2500.0,0.0
-2500.0
0.0,3.0;3.0,3.0::1000.0,0.0
1000.0
3.0,3.0;0.0,3.0::-2500.0,0.0
-2500.0
0.0,3.0;3.0,4.0::975.0,0.0
975.0
3.0,4.0;0.0,3.0::-2505.0,0.0
-2505.0
0.0,3.0;4.0,0.0::-4000.0,0.0
-4000.0
4.0,0.0;0.0,3.0::-2000.0,0.0
-2000.0
0.0,3.0;4.0,1.0::-4000.0,0.0
-4000.0
4.0,1.0;0.0,3.0::-2000.0,0.0
-2000.0
0.0,3.0;4.0,2.0::-1500.0,0.0
-1500.0
4.0,2.0;0.0,3.0::-1500.0,0.0
-1500.0
0.0,3.0;4.0,3.0::-1500.0,0.0
-1500.0
4.0,3.0;0.0,3.0::-1500.0,0.0
-1500.0
0.0,3.0;4.0,4.0::-1525.0,0.0
-1525.0
4.0,4.0;0.0,3.0::-1505.0,0.0
-1505.0
0.0,4.0;0.0,4.0::-1530.0,0.0
-1530.0
0.0,4.0;0.0,4.0::-1530.0,0.0
-1530.0
0.0,4.0;1.0,0.0::-1530.0,0.0
-1530.0
1.0,0.0;0.0,4.0::-3015.0,0.0
-3015.0
0.0,4.0;1.0,1.0::-1530.0,0.0
-1530.0
1.0,1.0;0.0,4.0::-3015.0,0.0
-3015.0
0.0,4.0;1.0,2.0::970.0,0.0
970.0
1.0,2.0;0.0,4.0::-2515.0,0.0
-2515.0
0.0,4.0;1.0,3.0::970.0,0.0
970.0
1.0,3.0;0.0,4.0::-2515.0,0.0
-2515.0
0.0,4.0;1.0,4.0::945.0,0.0
945.0
1.0,4.0;0.0,4.0::-2520.0,0.0
-2520.0
0.0,4.0;2.0,0.0::-2000.0,0.0
-2000.0
2.0,0.0;0.0,4.0::-5500.0,0.0
-5500.0
0.0,4.0;2.0,1.0::-2000.0,0.0
-2000.0
2.0,1.0;0.0,4.0::-5500.0,0.0
-5500.0
0.0,4.0;2.0,2.0::500.0,0.0
500.0
2.0,2.0;0.0,4.0::-5000.0,0.0
-5000.0
0.0,4.0;2.0,3.0::500.0,0.0
500.0
2.0,3.0;0.0,4.0::-5000.0,0.0
-5000.0
0.0,4.0;2.0,4.0::475.0,0.0
475.0
2.0,4.0;0.0,4.0::-5005.0,0.0
-5005.0
0.0,4.0;3.0,0.0::-1530.0,0.0
-1530.0
3.0,0.0;0.0,4.0::-3015.0,0.0
-3015.0
0.0,4.0;3.0,1.0::-1530.0,0.0
-1530.0
3.0,1.0;0.0,4.0::-3015.0,0.0
-3015.0
0.0,4.0;3.0,2.0::970.0,0.0
970.0
3.0,2.0;0.0,4.0::-2515.0,0.0
-2515.0
0.0,4.0;3.0,3.0::970.0,0.0
970.0
3.0,3.0;0.0,4.0::-2515.0,0.0
-2515.0
0.0,4.0;3.0,4.0::945.0,0.0
945.0
3.0,4.0;0.0,4.0::-2520.0,0.0
-2520.0
0.0,4.0;4.0,0.0::-1515.0,0.0
-1515.0
4.0,0.0;0.0,4.0::-3007.5,0.0
-3007.5
0.0,4.0;4.0,1.0::-1515.0,0.0
-1515.0
4.0,1.0;0.0,4.0::-3007.5,0.0
-3007.5
0.0,4.0;4.0,2.0::985.0,0.0
985.0
4.0,2.0;0.0,4.0::-2507.5,0.0
-2507.5
0.0,4.0;4.0,3.0::985.0,0.0
985.0
4.0,3.0;0.0,4.0::-2507.5,0.0
-2507.5
0.0,4.0;4.0,4.0::960.0,0.0
960.0
4.0,4.0;0.0,4.0::-2512.5,0.0
-2512.5
1.0,0.0;1.0,0.0::-4500.0,0.0
-4500.0
1.0,0.0;1.0,0.0::-4500.0,0.0
-4500.0
1.0,0.0;1.0,1.0::-3750.0,0.0
-3750.0
1.0,1.0;1.0,0.0::-3000.0,0.0
-3000.0
1.0,0.0;1.0,2.0::-3750.0,0.0
-3750.0
1.0,2.0;1.0,0.0::-3000.0,0.0
-3000.0
1.0,0.0;1.0,3.0::-3000.0,0.0
-3000.0
1.0,3.0;1.0,0.0::-1500.0,0.0
-1500.0
1.0,0.0;1.0,4.0::-3015.0,0.0
-3015.0
1.0,4.0;1.0,0.0::-1530.0,0.0
-1530.0
1.0,0.0;2.0,0.0::-2000.0,0.0
-2000.0
2.0,0.0;1.0,0.0::-5500.0,0.0
-5500.0
1.0,0.0;2.0,1.0::-1250.0,0.0
-1250.0
2.0,1.0;1.0,0.0::-4000.0,0.0
-4000.0
1.0,0.0;2.0,2.0::-1250.0,0.0
-1250.0
2.0,2.0;1.0,0.0::-4000.0,0.0
-4000.0
1.0,0.0;2.0,3.0::-500.0,0.0
-500.0
2.0,3.0;1.0,0.0::-2500.0,0.0
-2500.0
1.0,0.0;2.0,4.0::-515.0,0.0
-515.0
2.0,4.0;1.0,0.0::-2530.0,0.0
-2530.0
1.0,0.0;3.0,0.0::-2000.0,0.0
-2000.0
3.0,0.0;1.0,0.0::-5500.0,0.0
-5500.0
1.0,0.0;3.0,1.0::-1250.0,0.0
-1250.0
3.0,1.0;1.0,0.0::-4000.0,0.0
-4000.0
1.0,0.0;3.0,2.0::-1250.0,0.0
-1250.0
3.0,2.0;1.0,0.0::-4000.0,0.0
-4000.0
1.0,0.0;3.0,3.0::-500.0,0.0
-500.0
3.0,3.0;1.0,0.0::-2500.0,0.0
-2500.0
1.0,0.0;3.0,4.0::-515.0,0.0
-515.0
3.0,4.0;1.0,0.0::-2530.0,0.0
-2530.0
1.0,0.0;4.0,0.0::-1515.0,0.0
-1515.0
4.0,0.0;1.0,0.0::-3007.5,0.0
-3007.5
1.0,0.0;4.0,1.0::-765.0,0.0
-765.0
4.0,1.0;1.0,0.0::-1507.5,0.0
-1507.5
1.0,0.0;4.0,2.0::-765.0,0.0
-765.0
4.0,2.0;1.0,0.0::-1507.5,0.0
-1507.5
1.0,0.0;4.0,3.0::-15.0,0.0
-15.0
4.0,3.0;1.0,0.0::-7.5,0.0
-7.5
1.0,0.0;4.0,4.0::-30.0,0.0
-30.0
4.0,4.0;1.0,0.0::-37.5,0.0
-37.5
1.0,1.0;1.0,1.0::-2250.0,0.0
-2250.0
1.0,1.0;1.0,1.0::-2250.0,0.0
-2250.0
1.0,1.0;1.0,2.0::-2250.0,0.0
-2250.0
1.0,2.0;1.0,1.0::-2250.0,0.0
-2250.0
1.0,1.0;1.0,3.0::-1500.0,0.0
-1500.0
1.0,3.0;1.0,1.0::-750.0,0.0
-750.0
1.0,1.0;1.0,4.0::-1515.0,0.0
-1515.0
1.0,4.0;1.0,1.0::-780.0,0.0
-780.0
1.0,1.0;2.0,0.0::-3000.0,0.0
-3000.0
2.0,0.0;1.0,1.0::-3750.0,0.0
-3750.0
1.0,1.0;2.0,1.0::-2250.0,0.0
-2250.0
2.0,1.0;1.0,1.0::-2250.0,0.0
-2250.0
1.0,1.0;2.0,2.0::-2250.0,0.0
-2250.0
2.0,2.0;1.0,1.0::-2250.0,0.0
-2250.0
1.0,1.0;2.0,3.0::-1500.0,0.0
-1500.0
2.0,3.0;1.0,1.0::-750.0,0.0
-750.0
1.0,1.0;2.0,4.0::-1515.0,0.0
-1515.0
2.0,4.0;1.0,1.0::-780.0,0.0
-780.0
1.0,1.0;3.0,0.0::-1500.0,0.0
-1500.0
3.0,0.0;1.0,1.0::-3000.0,0.0
-3000.0
1.0,1.0;3.0,1.0::-750.0,0.0
-750.0
3.0,1.0;1.0,1.0::-1500.0,0.0
-1500.0
1.0,1.0;3.0,2.0::-750.0,0.0
-750.0
3.0,2.0;1.0,1.0::-1500.0,0.0
-1500.0
1.0,1.0;3.0,3.0::0.0,0.0
0.0
3.0,3.0;1.0,1.0::0.0,0.0
0.0
1.0,1.0;3.0,4.0::-15.0,0.0
-15.0
3.0,4.0;1.0,1.0::-30.0,0.0
-30.0
1.0,1.0;4.0,0.0::-1515.0,0.0
-1515.0
4.0,0.0;1.0,1.0::-3007.5,0.0
-3007.5
1.0,1.0;4.0,1.0::-765.0,0.0
-765.0
4.0,1.0;1.0,1.0::-1507.5,0.0
-1507.5
1.0,1.0;4.0,2.0::-765.0,0.0
-765.0
4.0,2.0;1.0,1.0::-1507.5,0.0
-1507.5
1.0,1.0;4.0,3.0::-15.0,0.0
-15.0
4.0,3.0;1.0,1.0::-7.5,0.0
-7.5
1.0,1.0;4.0,4.0::-30.0,0.0
-30.0
4.0,4.0;1.0,1.0::-37.5,0.0
-37.5
1.0,2.0;1.0,2.0::-2250.0,0.0
-2250.0
1.0,2.0;1.0,2.0::-2250.0,0.0
-2250.0
1.0,2.0;1.0,3.0::-1500.0,0.0
-1500.0
1.0,3.0;1.0,2.0::-750.0,0.0
-750.0
1.0,2.0;1.0,4.0::-1515.0,0.0
-1515.0
1.0,4.0;1.0,2.0::-780.0,0.0
-780.0
1.0,2.0;2.0,0.0::-3000.0,0.0
-3000.0
2.0,0.0;1.0,2.0::-3750.0,0.0
-3750.0
1.0,2.0;2.0,1.0::-2250.0,0.0
-2250.0
2.0,1.0;1.0,2.0::-2250.0,0.0
-2250.0
1.0,2.0;2.0,2.0::-2250.0,0.0
-2250.0
2.0,2.0;1.0,2.0::-2250.0,0.0
-2250.0
1.0,2.0;2.0,3.0::-1500.0,0.0
-1500.0
2.0,3.0;1.0,2.0::-750.0,0.0
-750.0
1.0,2.0;2.0,4.0::-1515.0,0.0
-1515.0
2.0,4.0;1.0,2.0::-780.0,0.0
-780.0
1.0,2.0;3.0,0.0::-2000.0,0.0
-2000.0
3.0,0.0;1.0,2.0::-5500.0,0.0
-5500.0
1.0,2.0;3.0,1.0::-1250.0,0.0
-1250.0
3.0,1.0;1.0,2.0::-4000.0,0.0
-4000.0
1.0,2.0;3.0,2.0::-1250.0,0.0
-1250.0
3.0,2.0;1.0,2.0::-4000.0,0.0
-4000.0
1.0,2.0;3.0,3.0::-500.0,0.0
-500.0
3.0,3.0;1.0,2.0::-2500.0,0.0
-2500.0
1.0,2.0;3.0,4.0::-515.0,0.0
-515.0
3.0,4.0;1.0,2.0::-2530.0,0.0
-2530.0
1.0,2.0;4.0,0.0::-4000.0,0.0
-4000.0
4.0,0.0;1.0,2.0::-2000.0,0.0
-2000.0
1.0,2.0;4.0,1.0::-3250.0,0.0
-3250.0
4.0,1.0;1.0,2.0::-500.0,0.0
-500.0
1.0,2.0;4.0,2.0::-3250.0,0.0
-3250.0
4.0,2.0;1.0,2.0::-500.0,0.0
-500.0
1.0,2.0;4.0,3.0::-2500.0,0.0
-2500.0
4.0,3.0;1.0,2.0::1000.0,0.0
1000.0
1.0,2.0;4.0,4.0::-2515.0,0.0
-2515.0
4.0,4.0;1.0,2.0::970.0,0.0
970.0
1.0,3.0;1.0,3.0::0.0,0.0
0.0
1.0,3.0;1.0,3.0::0.0,0.0
0.0
1.0,3.0;1.0,4.0::-15.0,0.0
-15.0
1.0,4.0;1.0,3.0::-30.0,0.0
-30.0
1.0,3.0;2.0,0.0::-4000.0,0.0
-4000.0
2.0,0.0;1.0,3.0::-2000.0,0.0
-2000.0
1.0,3.0;2.0,1.0::-3250.0,0.0
-3250.0
2.0,1.0;1.0,3.0::-500.0,0.0
-500.0
1.0,3.0;2.0,2.0::-3250.0,0.0
-3250.0
2.0,2.0;1.0,3.0::-500.0,0.0
-500.0
1.0,3.0;2.0,3.0::-2500.0,0.0
-2500.0
2.0,3.0;1.0,3.0::1000.0,0.0
1000.0
1.0,3.0;2.0,4.0::-2515.0,0.0
-2515.0
2.0,4.0;1.0,3.0::970.0,0.0
970.0
1.0,3.0;3.0,0.0::-1500.0,0.0
-1500.0
3.0,0.0;1.0,3.0::-3000.0,0.0
-3000.0
1.0,3.0;3.0,1.0::-750.0,0.0
-750.0
3.0,1.0;1.0,3.0::-1500.0,0.0
-1500.0
1.0,3.0;3.0,2.0::-750.0,0.0
-750.0
3.0,2.0;1.0,3.0::-1500.0,0.0
-1500.0
1.0,3.0;3.0,3.0::0.0,0.0
0.0
3.0,3.0;1.0,3.0::0.0,0.0
0.0
1.0,3.0;3.0,4.0::-15.0,0.0
-15.0
3.0,4.0;1.0,3.0::-30.0,0.0
-30.0
1.0,3.0;4.0,0.0::-4000.0,0.0
-4000.0
4.0,0.0;1.0,3.0::-2000.0,0.0
-2000.0
1.0,3.0;4.0,1.0::-3250.0,0.0
-3250.0
4.0,1.0;1.0,3.0::-500.0,0.0
-500.0
1.0,3.0;4.0,2.0::-3250.0,0.0
-3250.0
4.0,2.0;1.0,3.0::-500.0,0.0
-500.0
1.0,3.0;4.0,3.0::-2500.0,0.0
-2500.0
4.0,3.0;1.0,3.0::1000.0,0.0
1000.0
1.0,3.0;4.0,4.0::-2515.0,0.0
-2515.0
4.0,4.0;1.0,3.0::970.0,0.0
970.0
1.0,4.0;1.0,4.0::-45.0,0.0
-45.0
1.0,4.0;1.0,4.0::-45.0,0.0
-45.0
1.0,4.0;2.0,0.0::-2000.0,0.0
-2000.0
2.0,0.0;1.0,4.0::-5500.0,0.0
-5500.0
1.0,4.0;2.0,1.0::-1250.0,0.0
-1250.0
2.0,1.0;1.0,4.0::-4000.0,0.0
-4000.0
1.0,4.0;2.0,2.0::-1250.0,0.0
-1250.0
2.0,2.0;1.0,4.0::-4000.0,0.0
-4000.0
1.0,4.0;2.0,3.0::-500.0,0.0
-500.0
2.0,3.0;1.0,4.0::-2500.0,0.0
-2500.0
1.0,4.0;2.0,4.0::-515.0,0.0
-515.0
2.0,4.0;1.0,4.0::-2530.0,0.0
-2530.0
1.0,4.0;3.0,0.0::-1530.0,0.0
-1530.0
3.0,0.0;1.0,4.0::-3015.0,0.0
-3015.0
1.0,4.0;3.0,1.0::-780.0,0.0
-780.0
3.0,1.0;1.0,4.0::-1515.0,0.0
-1515.0
1.0,4.0;3.0,2.0::-780.0,0.0
-780.0
3.0,2.0;1.0,4.0::-1515.0,0.0
-1515.0
1.0,4.0;3.0,3.0::-30.0,0.0
-30.0
3.0,3.0;1.0,4.0::-15.0,0.0
-15.0
1.0,4.0;3.0,4.0::-45.0,0.0
-45.0
3.0,4.0;1.0,4.0::-45.0,0.0
-45.0
1.0,4.0;4.0,0.0::-1515.0,0.0
-1515.0
4.0,0.0;1.0,4.0::-3007.5,0.0
-3007.5
1.0,4.0;4.0,1.0::-765.0,0.0
-765.0
4.0,1.0;1.0,4.0::-1507.5,0.0
-1507.5
1.0,4.0;4.0,2.0::-765.0,0.0
-765.0
4.0,2.0;1.0,4.0::-1507.5,0.0
-1507.5
1.0,4.0;4.0,3.0::-15.0,0.0
-15.0
4.0,3.0;1.0,4.0::-7.5,0.0
-7.5
1.0,4.0;4.0,4.0::-30.0,0.0
-30.0
4.0,4.0;1.0,4.0::-37.5,0.0
-37.5
2.0,0.0;2.0,0.0::-3000.0,0.0
-3000.0
2.0,0.0;2.0,0.0::-3000.0,0.0
-3000.0
2.0,0.0;2.0,1.0::-1250.0,0.0
-1250.0
2.0,1.0;2.0,0.0::-4000.0,0.0
-4000.0
2.0,0.0;2.0,2.0::-1250.0,0.0
-1250.0
2.0,2.0;2.0,0.0::-4000.0,0.0
-4000.0
2.0,0.0;2.0,3.0::500.0,0.0
500.0
2.0,3.0;2.0,0.0::-5000.0,0.0
-5000.0
2.0,0.0;2.0,4.0::-3000.0,0.0
-3000.0
2.0,4.0;2.0,0.0::-3000.0,0.0
-3000.0
2.0,0.0;3.0,0.0::-3000.0,0.0
-3000.0
3.0,0.0;2.0,0.0::-3000.0,0.0
-3000.0
2.0,0.0;3.0,1.0::-1250.0,0.0
-1250.0
3.0,1.0;2.0,0.0::-4000.0,0.0
-4000.0
2.0,0.0;3.0,2.0::-1250.0,0.0
-1250.0
3.0,2.0;2.0,0.0::-4000.0,0.0
-4000.0
2.0,0.0;3.0,3.0::500.0,0.0
500.0
3.0,3.0;2.0,0.0::-5000.0,0.0
-5000.0
2.0,0.0;3.0,4.0::-3000.0,0.0
-3000.0
3.0,4.0;2.0,0.0::-3000.0,0.0
-3000.0
2.0,0.0;4.0,0.0::-2515.0,0.0
-2515.0
4.0,0.0;2.0,0.0::-507.5,0.0
-507.5
2.0,0.0;4.0,1.0::-765.0,0.0
-765.0
4.0,1.0;2.0,0.0::-1507.5,0.0
-1507.5
2.0,0.0;4.0,2.0::-765.0,0.0
-765.0
4.0,2.0;2.0,0.0::-1507.5,0.0
-1507.5
2.0,0.0;4.0,3.0::985.0,0.0
985.0
4.0,3.0;2.0,0.0::-2507.5,0.0
-2507.5
2.0,0.0;4.0,4.0::-2515.0,0.0
-2515.0
4.0,4.0;2.0,0.0::-507.5,0.0
-507.5
2.0,1.0;2.0,1.0::-2250.0,0.0
-2250.0
2.0,1.0;2.0,1.0::-2250.0,0.0
-2250.0
2.0,1.0;2.0,2.0::-2250.0,0.0
-2250.0
2.0,2.0;2.0,1.0::-2250.0,0.0
-2250.0
2.0,1.0;2.0,3.0::-500.0,0.0
-500.0
2.0,3.0;2.0,1.0::-3250.0,0.0
-3250.0
2.0,1.0;2.0,4.0::-4000.0,0.0
-4000.0
2.0,4.0;2.0,1.0::-1250.0,0.0
-1250.0
2.0,1.0;3.0,0.0::-2500.0,0.0
-2500.0
3.0,0.0;2.0,1.0::-500.0,0.0
-500.0
2.0,1.0;3.0,1.0::-750.0,0.0
-750.0
3.0,1.0;2.0,1.0::-1500.0,0.0
-1500.0
2.0,1.0;3.0,2.0::-750.0,0.0
-750.0
3.0,2.0;2.0,1.0::-1500.0,0.0
-1500.0
2.0,1.0;3.0,3.0::1000.0,0.0
1000.0
3.0,3.0;2.0,1.0::-2500.0,0.0
-2500.0
2.0,1.0;3.0,4.0::-2500.0,0.0
-2500.0
3.0,4.0;2.0,1.0::-500.0,0.0
-500.0
2.0,1.0;4.0,0.0::-2515.0,0.0
-2515.0
4.0,0.0;2.0,1.0::-507.5,0.0
-507.5
2.0,1.0;4.0,1.0::-765.0,0.0
-765.0
4.0,1.0;2.0,1.0::-1507.5,0.0
-1507.5
2.0,1.0;4.0,2.0::-765.0,0.0
-765.0
4.0,2.0;2.0,1.0::-1507.5,0.0
-1507.5
2.0,1.0;4.0,3.0::985.0,0.0
985.0
4.0,3.0;2.0,1.0::-2507.5,0.0
-2507.5
2.0,1.0;4.0,4.0::-2515.0,0.0
-2515.0
4.0,4.0;2.0,1.0::-507.5,0.0
-507.5
2.0,2.0;2.0,2.0::-2250.0,0.0
-2250.0
2.0,2.0;2.0,2.0::-2250.0,0.0
-2250.0
2.0,2.0;2.0,3.0::-500.0,0.0
-500.0
2.0,3.0;2.0,2.0::-3250.0,0.0
-3250.0
2.0,2.0;2.0,4.0::-4000.0,0.0
-4000.0
2.0,4.0;2.0,2.0::-1250.0,0.0
-1250.0
2.0,2.0;3.0,0.0::-3000.0,0.0
-3000.0
3.0,0.0;2.0,2.0::-3000.0,0.0
-3000.0
2.0,2.0;3.0,1.0::-1250.0,0.0
-1250.0
3.0,1.0;2.0,2.0::-4000.0,0.0
-4000.0
2.0,2.0;3.0,2.0::-1250.0,0.0
-1250.0
3.0,2.0;2.0,2.0::-4000.0,0.0
-4000.0
2.0,2.0;3.0,3.0::500.0,0.0
500.0
3.0,3.0;2.0,2.0::-5000.0,0.0
-5000.0
2.0,2.0;3.0,4.0::-3000.0,0.0
-3000.0
3.0,4.0;2.0,2.0::-3000.0,0.0
-3000.0
2.0,2.0;4.0,0.0::-5000.0,0.0
-5000.0
4.0,0.0;2.0,2.0::500.0,0.0
500.0
2.0,2.0;4.0,1.0::-3250.0,0.0
-3250.0
4.0,1.0;2.0,2.0::-500.0,0.0
-500.0
2.0,2.0;4.0,2.0::-3250.0,0.0
-3250.0
4.0,2.0;2.0,2.0::-500.0,0.0
-500.0
2.0,2.0;4.0,3.0::-1500.0,0.0
-1500.0
4.0,3.0;2.0,2.0::-1500.0,0.0
-1500.0
2.0,2.0;4.0,4.0::-5000.0,0.0
-5000.0
4.0,4.0;2.0,2.0::500.0,0.0
500.0
2.0,3.0;2.0,3.0::-1500.0,0.0
-1500.0
2.0,3.0;2.0,3.0::-1500.0,0.0
-1500.0
2.0,3.0;2.0,4.0::-5000.0,0.0
-5000.0
2.0,4.0;2.0,3.0::500.0,0.0
500.0
2.0,3.0;3.0,0.0::-2500.0,0.0
-2500.0
3.0,0.0;2.0,3.0::-500.0,0.0
-500.0
2.0,3.0;3.0,1.0::-750.0,0.0
-750.0
3.0,1.0;2.0,3.0::-1500.0,0.0
-1500.0
2.0,3.0;3.0,2.0::-750.0,0.0
-750.0
3.0,2.0;2.0,3.0::-1500.0,0.0
-1500.0
2.0,3.0;3.0,3.0::1000.0,0.0
1000.0
3.0,3.0;2.0,3.0::-2500.0,0.0
-2500.0
2.0,3.0;3.0,4.0::-2500.0,0.0
-2500.0
3.0,4.0;2.0,3.0::-500.0,0.0
-500.0
2.0,3.0;4.0,0.0::-5000.0,0.0
-5000.0
4.0,0.0;2.0,3.0::500.0,0.0
500.0
2.0,3.0;4.0,1.0::-3250.0,0.0
-3250.0
4.0,1.0;2.0,3.0::-500.0,0.0
-500.0
2.0,3.0;4.0,2.0::-3250.0,0.0
-3250.0
4.0,2.0;2.0,3.0::-500.0,0.0
-500.0
2.0,3.0;4.0,3.0::-1500.0,0.0
-1500.0
4.0,3.0;2.0,3.0::-1500.0,0.0
-1500.0
2.0,3.0;4.0,4.0::-5000.0,0.0
-5000.0
4.0,4.0;2.0,3.0::500.0,0.0
500.0
2.0,4.0;2.0,4.0::-3000.0,0.0
-3000.0
2.0,4.0;2.0,4.0::-3000.0,0.0
-3000.0
2.0,4.0;3.0,0.0::-2530.0,0.0
-2530.0
3.0,0.0;2.0,4.0::-515.0,0.0
-515.0
2.0,4.0;3.0,1.0::-780.0,0.0
-780.0
3.0,1.0;2.0,4.0::-1515.0,0.0
-1515.0
2.0,4.0;3.0,2.0::-780.0,0.0
-780.0
3.0,2.0;2.0,4.0::-1515.0,0.0
-1515.0
2.0,4.0;3.0,3.0::970.0,0.0
970.0
3.0,3.0;2.0,4.0::-2515.0,0.0
-2515.0
2.0,4.0;3.0,4.0::-2530.0,0.0
-2530.0
3.0,4.0;2.0,4.0::-515.0,0.0
-515.0
2.0,4.0;4.0,0.0::-2515.0,0.0
-2515.0
4.0,0.0;2.0,4.0::-507.5,0.0
-507.5
2.0,4.0;4.0,1.0::-765.0,0.0
-765.0
4.0,1.0;2.0,4.0::-1507.5,0.0
-1507.5
2.0,4.0;4.0,2.0::-765.0,0.0
-765.0
4.0,2.0;2.0,4.0::-1507.5,0.0
-1507.5
2.0,4.0;4.0,3.0::985.0,0.0
985.0
4.0,3.0;2.0,4.0::-2507.5,0.0
-2507.5
2.0,4.0;4.0,4.0::-2515.0,0.0
-2515.0
4.0,4.0;2.0,4.0::-507.5,0.0
-507.5
3.0,0.0;3.0,0.0::-3000.0,0.0
-3000.0
3.0,0.0;3.0,0.0::-3000.0,0.0
-3000.0
3.0,0.0;3.0,1.0::-500.0,0.0
-500.0
3.0,1.0;3.0,0.0::-2500.0,0.0
-2500.0
3.0,0.0;3.0,2.0::-3000.0,0.0
-3000.0
3.0,2.0;3.0,0.0::-3000.0,0.0
-3000.0
3.0,0.0;3.0,3.0::-500.0,0.0
-500.0
3.0,3.0;3.0,0.0::-2500.0,0.0
-2500.0
3.0,0.0;3.0,4.0::-515.0,0.0
-515.0
3.0,4.0;3.0,0.0::-2530.0,0.0
-2530.0
3.0,0.0;4.0,0.0::-2515.0,0.0
-2515.0
4.0,0.0;3.0,0.0::-507.5,0.0
-507.5
3.0,0.0;4.0,1.0::-15.0,0.0
-15.0
4.0,1.0;3.0,0.0::-7.5,0.0
-7.5
3.0,0.0;4.0,2.0::-2515.0,0.0
-2515.0
4.0,2.0;3.0,0.0::-507.5,0.0
-507.5
3.0,0.0;4.0,3.0::-15.0,0.0
-15.0
4.0,3.0;3.0,0.0::-7.5,0.0
-7.5
3.0,0.0;4.0,4.0::-30.0,0.0
-30.0
4.0,4.0;3.0,0.0::-37.5,0.0
-37.5
3.0,1.0;3.0,1.0::0.0,0.0
0.0
3.0,1.0;3.0,1.0::0.0,0.0
0.0
3.0,1.0;3.0,2.0::-2500.0,0.0
-2500.0
3.0,2.0;3.0,1.0::-500.0,0.0
-500.0
3.0,1.0;3.0,3.0::0.0,0.0
0.0
3.0,3.0;3.0,1.0::0.0,0.0
0.0
3.0,1.0;3.0,4.0::-15.0,0.0
-15.0
3.0,4.0;3.0,1.0::-30.0,0.0
-30.0
3.0,1.0;4.0,0.0::-2515.0,0.0
-2515.0
4.0,0.0;3.0,1.0::-507.5,0.0
-507.5
3.0,1.0;4.0,1.0::-15.0,0.0
-15.0
4.0,1.0;3.0,1.0::-7.5,0.0
-7.5
3.0,1.0;4.0,2.0::-2515.0,0.0
-2515.0
4.0,2.0;3.0,1.0::-507.5,0.0
-507.5
3.0,1.0;4.0,3.0::-15.0,0.0
-15.0
4.0,3.0;3.0,1.0::-7.5,0.0
-7.5
3.0,1.0;4.0,4.0::-30.0,0.0
-30.0
4.0,4.0;3.0,1.0::-37.5,0.0
-37.5
3.0,2.0;3.0,2.0::-3000.0,0.0
-3000.0
3.0,2.0;3.0,2.0::-3000.0,0.0
-3000.0
3.0,2.0;3.0,3.0::-500.0,0.0
-500.0
3.0,3.0;3.0,2.0::-2500.0,0.0
-2500.0
3.0,2.0;3.0,4.0::-515.0,0.0
-515.0
3.0,4.0;3.0,2.0::-2530.0,0.0
-2530.0
3.0,2.0;4.0,0.0::-5000.0,0.0
-5000.0
4.0,0.0;3.0,2.0::500.0,0.0
500.0
3.0,2.0;4.0,1.0::-2500.0,0.0
-2500.0
4.0,1.0;3.0,2.0::1000.0,0.0
1000.0
3.0,2.0;4.0,2.0::-5000.0,0.0
-5000.0
4.0,2.0;3.0,2.0::500.0,0.0
500.0
3.0,2.0;4.0,3.0::-2500.0,0.0
-2500.0
4.0,3.0;3.0,2.0::1000.0,0.0
1000.0
3.0,2.0;4.0,4.0::-2515.0,0.0
-2515.0
4.0,4.0;3.0,2.0::970.0,0.0
970.0
3.0,3.0;3.0,3.0::0.0,0.0
0.0
3.0,3.0;3.0,3.0::0.0,0.0
0.0
3.0,3.0;3.0,4.0::-15.0,0.0
-15.0
3.0,4.0;3.0,3.0::-30.0,0.0
-30.0
3.0,3.0;4.0,0.0::-5000.0,0.0
-5000.0
4.0,0.0;3.0,3.0::500.0,0.0
500.0
3.0,3.0;4.0,1.0::-2500.0,0.0
-2500.0
4.0,1.0;3.0,3.0::1000.0,0.0
1000.0
3.0,3.0;4.0,2.0::-5000.0,0.0
-5000.0
4.0,2.0;3.0,3.0::500.0,0.0
500.0
3.0,3.0;4.0,3.0::-2500.0,0.0
-2500.0
4.0,3.0;3.0,3.0::1000.0,0.0
1000.0
3.0,3.0;4.0,4.0::-2515.0,0.0
-2515.0
4.0,4.0;3.0,3.0::970.0,0.0
970.0
3.0,4.0;3.0,4.0::-45.0,0.0
-45.0
3.0,4.0;3.0,4.0::-45.0,0.0
-45.0
3.0,4.0;4.0,0.0::-2515.0,0.0
-2515.0
4.0,0.0;3.0,4.0::-507.5,0.0
-507.5
3.0,4.0;4.0,1.0::-15.0,0.0
-15.0
4.0,1.0;3.0,4.0::-7.5,0.0
-7.5
3.0,4.0;4.0,2.0::-2515.0,0.0
-2515.0
4.0,2.0;3.0,4.0::-507.5,0.0
-507.5
3.0,4.0;4.0,3.0::-15.0,0.0
-15.0
4.0,3.0;3.0,4.0::-7.5,0.0
-7.5
3.0,4.0;4.0,4.0::-30.0,0.0
-30.0
4.0,4.0;3.0,4.0::-37.5,0.0
-37.5
4.0,0.0;4.0,0.0::-22.5,0.0
-22.5
4.0,0.0;4.0,0.0::-22.5,0.0
-22.5
4.0,0.0;4.0,1.0::-22.5,0.0
-22.5
4.0,1.0;4.0,0.0::-22.5,0.0
-22.5
4.0,0.0;4.0,2.0::985.0,0.0
985.0
4.0,2.0;4.0,0.0::-2507.5,0.0
-2507.5
4.0,0.0;4.0,3.0::985.0,0.0
985.0
4.0,3.0;4.0,0.0::-2507.5,0.0
-2507.5
4.0,0.0;4.0,4.0::-22.5,0.0
-22.5
4.0,4.0;4.0,0.0::-22.5,0.0
-22.5
4.0,1.0;4.0,1.0::-22.5,0.0
-22.5
4.0,1.0;4.0,1.0::-22.5,0.0
-22.5
4.0,1.0;4.0,2.0::985.0,0.0
985.0
4.0,2.0;4.0,1.0::-2507.5,0.0
-2507.5
4.0,1.0;4.0,3.0::985.0,0.0
985.0
4.0,3.0;4.0,1.0::-2507.5,0.0
-2507.5
4.0,1.0;4.0,4.0::-22.5,0.0
-22.5
4.0,4.0;4.0,1.0::-22.5,0.0
-22.5
4.0,2.0;4.0,2.0::-1500.0,0.0
-1500.0
4.0,2.0;4.0,2.0::-1500.0,0.0
-1500.0
4.0,2.0;4.0,3.0::-1500.0,0.0
-1500.0
4.0,3.0;4.0,2.0::-1500.0,0.0
-1500.0
4.0,2.0;4.0,4.0::-2507.5,0.0
-2507.5
4.0,4.0;4.0,2.0::985.0,0.0
985.0
4.0,3.0;4.0,3.0::-1500.0,0.0
-1500.0
4.0,3.0;4.0,3.0::-1500.0,0.0
-1500.0
4.0,3.0;4.0,4.0::-2507.5,0.0
-2507.5
4.0,4.0;4.0,3.0::985.0,0.0
985.0
4.0,4.0;4.0,4.0::-22.5,0.0
-22.5
4.0,4.0;4.0,4.0::-22.5,0.0
-22.5
