2.0,0.0;2.0,0.0::-3000.0,0.0
-3000.0
2.0,0.0;2.0,0.0::-3000.0,0.0
-3000.0
2.0,0.0;2.0,1.0::-1250.0,0.0
-1250.0
2.0,1.0;2.0,0.0::-3250.0,0.0
-3250.0
2.0,0.0;2.0,2.0::-1250.0,0.0
-1250.0
2.0,2.0;2.0,0.0::-3250.0,0.0
-3250.0
2.0,0.0;2.0,3.0::500.0,0.0
500.0
2.0,3.0;2.0,0.0::-3500.0,0.0
-3500.0
2.0,0.0;2.0,4.0::-3000.0,0.0
-3000.0
2.0,4.0;2.0,0.0::-3000.0,0.0
-3000.0
2.0,0.0;3.0,0.0::-3000.0,0.0
-3000.0
3.0,0.0;2.0,0.0::-3000.0,0.0
-3000.0
2.0,0.0;3.0,1.0::-1250.0,0.0
-1250.0
3.0,1.0;2.0,0.0::-3250.0,0.0
-3250.0
2.0,0.0;3.0,2.0::-1250.0,0.0
-1250.0
3.0,2.0;2.0,0.0::-3250.0,0.0
-3250.0
2.0,0.0;3.0,3.0::500.0,0.0
500.0
3.0,3.0;2.0,0.0::-3500.0,0.0
-3500.0
2.0,0.0;3.0,4.0::-3000.0,0.0
-3000.0
3.0,4.0;2.0,0.0::-3000.0,0.0
-3000.0
2.0,0.0;4.0,0.0::-2650.0,0.0
-2650.0
4.0,0.0;2.0,0.0::-650.0,0.0
-650.0
2.0,0.0;4.0,1.0::-900.0,0.0
-900.0
4.0,1.0;2.0,0.0::-900.0,0.0
-900.0
2.0,0.0;4.0,2.0::-900.0,0.0
-900.0
4.0,2.0;2.0,0.0::-900.0,0.0
-900.0
2.0,0.0;4.0,3.0::850.0,0.0
850.0
4.0,3.0;2.0,0.0::-1150.0,0.0
-1150.0
2.0,0.0;4.0,4.0::-2650.0,0.0
-2650.0
4.0,4.0;2.0,0.0::-650.0,0.0
-650.0
