0.0,0.0;0.0,0.0::-52500.0,0.0
-52500.0
0.0,0.0;0.0,0.0::-52500.0,0.0
-52500.0
0.0,0.0;0.0,1.0::-52500.0,0.0
-52500.0
0.0,1.0;0.0,0.0::-52500.0,0.0
-52500.0
0.0,0.0;0.0,2.0::-50000.0,0.0
-50000.0
0.0,2.0;0.0,0.0::-2500.0,0.0
-2500.0
0.0,0.0;0.0,3.0::-50000.0,0.0
-50000.0
0.0,3.0;0.0,0.0::-2500.0,0.0
-2500.0
0.0,0.0;0.0,4.0::-50025.0,0.0
-50025.0
0.0,4.0;0.0,0.0::-3000.0,0.0
-3000.0
0.0,0.0;1.0,0.0::-52500.0,0.0
-52500.0
1.0,0.0;0.0,0.0::-52500.0,0.0
-52500.0
0.0,0.0;1.0,1.0::-52500.0,0.0
-52500.0
1.0,1.0;0.0,0.0::-52500.0,0.0
-52500.0
0.0,0.0;1.0,2.0::-50000.0,0.0
-50000.0
1.0,2.0;0.0,0.0::-2500.0,0.0
-2500.0
0.0,0.0;1.0,3.0::-50000.0,0.0
-50000.0
1.0,3.0;0.0,0.0::-2500.0,0.0
-2500.0
0.0,0.0;1.0,4.0::-50025.0,0.0
-50025.0
1.0,4.0;0.0,0.0::-3000.0,0.0
-3000.0
0.0,0.0;2.0,0.0::-51500.0,0.0
-51500.0
2.0,0.0;0.0,0.0::-53500.0,0.0
-53500.0
0.0,0.0;2.0,1.0::-51500.0,0.0
-51500.0
2.0,1.0;0.0,0.0::-53500.0,0.0
-53500.0
0.0,0.0;2.0,2.0::-49000.0,0.0
-49000.0
2.0,2.0;0.0,0.0::-3500.0,0.0
-3500.0
0.0,0.0;2.0,3.0::-49000.0,0.0
-49000.0
2.0,3.0;0.0,0.0::-3500.0,0.0
-3500.0
0.0,0.0;2.0,4.0::-49025.0,0.0
-49025.0
2.0,4.0;0.0,0.0::-4000.0,0.0
-4000.0
0.0,0.0;3.0,0.0::-51500.0,0.0
-51500.0
3.0,0.0;0.0,0.0::-53500.0,0.0
-53500.0
0.0,0.0;3.0,1.0::-51500.0,0.0
-51500.0
3.0,1.0;0.0,0.0::-53500.0,0.0
-53500.0
0.0,0.0;3.0,2.0::-49000.0,0.0
-49000.0
3.0,2.0;0.0,0.0::-3500.0,0.0
-3500.0
0.0,0.0;3.0,3.0::-49000.0,0.0
-49000.0
3.0,3.0;0.0,0.0::-3500.0,0.0
-3500.0
0.0,0.0;3.0,4.0::-49025.0,0.0
-49025.0
3.0,4.0;0.0,0.0::-4000.0,0.0
-4000.0
0.0,0.0;4.0,0.0::-1755.0,0.0
-1755.0
4.0,0.0;0.0,0.0::-51007.5,0.0
-51007.5
0.0,0.0;4.0,1.0::-1755.0,0.0
-1755.0
4.0,1.0;0.0,0.0::-51007.5,0.0
-51007.5
0.0,0.0;4.0,2.0::745.0,0.0
745.0
4.0,2.0;0.0,0.0::-1007.5,0.0
-1007.5
0.0,0.0;4.0,3.0::745.0,0.0
745.0
4.0,3.0;0.0,0.0::-1007.5,0.0
-1007.5
0.0,0.0;4.0,4.0::720.0,0.0
720.0
4.0,4.0;0.0,0.0::-1507.5,0.0
-1507.5
