2.0,0.0;2.0,0.0::-52500.0,0.0
-52500.0
2.0,0.0;2.0,0.0::-52500.0,0.0
-52500.0
2.0,0.0;2.0,1.0::-50750.0,0.0
-50750.0
2.0,1.0;2.0,0.0::-28000.0,0.0
-28000.0
2.0,0.0;2.0,2.0::-50750.0,0.0
-50750.0
2.0,2.0;2.0,0.0::-28000.0,0.0
-28000.0
2.0,0.0;2.0,3.0::-49000.0,0.0
-49000.0
2.0,3.0;2.0,0.0::-3500.0,0.0
-3500.0
2.0,0.0;2.0,4.0::-49000.0,0.0
-49000.0
2.0,4.0;2.0,0.0::-3500.0,0.0
-3500.0
2.0,0.0;3.0,0.0::-52500.0,0.0
-52500.0
3.0,0.0;2.0,0.0::-52500.0,0.0
-52500.0
2.0,0.0;3.0,1.0::-50750.0,0.0
-50750.0
3.0,1.0;2.0,0.0::-28000.0,0.0
-28000.0
2.0,0.0;3.0,2.0::-50750.0,0.0
-50750.0
3.0,2.0;2.0,0.0::-28000.0,0.0
-28000.0
2.0,0.0;3.0,3.0::-49000.0,0.0
-49000.0
3.0,3.0;2.0,0.0::-3500.0,0.0
-3500.0
2.0,0.0;3.0,4.0::-49000.0,0.0
-49000.0
3.0,4.0;2.0,0.0::-3500.0,0.0
-3500.0
2.0,0.0;4.0,0.0::-2755.0,0.0
-2755.0
4.0,0.0;2.0,0.0::-50007.5,0.0
-50007.5
2.0,0.0;4.0,1.0::-1005.0,0.0
-1005.0
4.0,1.0;2.0,0.0::-25507.5,0.0
-25507.5
2.0,0.0;4.0,2.0::-1005.0,0.0
-1005.0
4.0,2.0;2.0,0.0::-25507.5,0.0
-25507.5
2.0,0.0;4.0,3.0::745.0,0.0
745.0
4.0,3.0;2.0,0.0::-1007.5,0.0
-1007.5
2.0,0.0;4.0,4.0::745.0,0.0
745.0
4.0,4.0;2.0,0.0::-1007.5,0.0
-1007.5
