2.0,1.0;2.0,1.0::-26250.0,0.0
-26250.0
2.0,1.0;2.0,1.0::-26250.0,0.0
-26250.0
2.0,1.0;2.0,2.0::-26250.0,0.0
-26250.0
2.0,2.0;2.0,1.0::-26250.0,0.0
-26250.0
2.0,1.0;2.0,3.0::-24500.0,0.0
-24500.0
2.0,3.0;2.0,1.0::-1750.0,0.0
-1750.0
2.0,1.0;2.0,4.0::-24500.0,0.0
-24500.0
2.0,4.0;2.0,1.0::-1750.0,0.0
-1750.0
2.0,1.0;3.0,0.0::-2500.0,0.0
-2500.0
3.0,0.0;2.0,1.0::-50000.0,0.0
-50000.0
2.0,1.0;3.0,1.0::-750.0,0.0
-750.0
3.0,1.0;2.0,1.0::-25500.0,0.0
-25500.0
2.0,1.0;3.0,2.0::-750.0,0.0
-750.0
3.0,2.0;2.0,1.0::-25500.0,0.0
-25500.0
2.0,1.0;3.0,3.0::1000.0,0.0
1000.0
3.0,3.0;2.0,1.0::-1000.0,0.0
-1000.0
2.0,1.0;3.0,4.0::1000.0,0.0
1000.0
3.0,4.0;2.0,1.0::-1000.0,0.0
-1000.0
2.0,1.0;4.0,0.0::-2755.0,0.0
-2755.0
4.0,0.0;2.0,1.0::-50007.5,0.0
-50007.5
2.0,1.0;4.0,1.0::-1005.0,0.0
-1005.0
4.0,1.0;2.0,1.0::-25507.5,0.0
-25507.5
2.0,1.0;4.0,2.0::-1005.0,0.0
-1005.0
4.0,2.0;2.0,1.0::-25507.5,0.0
-25507.5
2.0,1.0;4.0,3.0::745.0,0.0
745.0
4.0,3.0;2.0,1.0::-1007.5,0.0
-1007.5
2.0,1.0;4.0,4.0::745.0,0.0
745.0
4.0,4.0;2.0,1.0::-1007.5,0.0
-1007.5
