2.0,4.0;2.0,4.0::0.0,0.0
0.0
2.0,4.0;2.0,4.0::0.0,0.0
0.0
2.0,4.0;3.0,0.0::-3010.0,0.0
-3010.0
3.0,0.0;2.0,4.0::-50015.0,0.0
-50015.0
2.0,4.0;3.0,1.0::-1260.0,0.0
-1260.0
3.0,1.0;2.0,4.0::-25515.0,0.0
-25515.0
2.0,4.0;3.0,2.0::-1260.0,0.0
-1260.0
3.0,2.0;2.0,4.0::-25515.0,0.0
-25515.0
2.0,4.0;3.0,3.0::490.0,0.0
490.0
3.0,3.0;2.0,4.0::-1015.0,0.0
-1015.0
2.0,4.0;3.0,4.0::490.0,0.0
490.0
3.0,4.0;2.0,4.0::-1015.0,0.0
-1015.0
2.0,4.0;4.0,0.0::-2755.0,0.0
-2755.0
4.0,0.0;2.0,4.0::-50007.5,0.0
-50007.5
2.0,4.0;4.0,1.0::-1005.0,0.0
-1005.0
4.0,1.0;2.0,4.0::-25507.5,0.0
-25507.5
2.0,4.0;4.0,2.0::-1005.0,0.0
-1005.0
4.0,2.0;2.0,4.0::-25507.5,0.0
-25507.5
2.0,4.0;4.0,3.0::745.0,0.0
745.0
4.0,3.0;2.0,4.0::-1007.5,0.0
-1007.5
2.0,4.0;4.0,4.0::745.0,0.0
745.0
4.0,4.0;2.0,4.0::-1007.5,0.0
-1007.5
