3.0,0.0;3.0,0.0::-52500.0,0.0
-52500.0
3.0,0.0;3.0,0.0::-52500.0,0.0
-52500.0
3.0,0.0;3.0,1.0::-50000.0,0.0
-50000.0
3.0,1.0;3.0,0.0::-2500.0,0.0
-2500.0
3.0,0.0;3.0,2.0::-52500.0,0.0
-52500.0
3.0,2.0;3.0,0.0::-52500.0,0.0
-52500.0
3.0,0.0;3.0,3.0::-50000.0,0.0
-50000.0
3.0,3.0;3.0,0.0::-2500.0,0.0
-2500.0
3.0,0.0;3.0,4.0::-50015.0,0.0
-50015.0
3.0,4.0;3.0,0.0::-3010.0,0.0
-3010.0
3.0,0.0;4.0,0.0::-2755.0,0.0
-2755.0
4.0,0.0;3.0,0.0::-50007.5,0.0
-50007.5
3.0,0.0;4.0,1.0::-255.0,0.0
-255.0
4.0,1.0;3.0,0.0::-7.5,0.0
-7.5
3.0,0.0;4.0,2.0::-2755.0,0.0
-2755.0
4.0,2.0;3.0,0.0::-50007.5,0.0
-50007.5
3.0,0.0;4.0,3.0::-255.0,0.0
-255.0
4.0,3.0;3.0,0.0::-7.5,0.0
-7.5
3.0,0.0;4.0,4.0::-270.0,0.0
-270.0
4.0,4.0;3.0,0.0::-517.5,0.0
-517.5
