3.0,2.0;3.0,2.0::-52500.0,0.0
-52500.0
3.0,2.0;3.0,2.0::-52500.0,0.0
-52500.0
3.0,2.0;3.0,3.0::-50000.0,0.0
-50000.0
3.0,3.0;3.0,2.0::-2500.0,0.0
-2500.0
3.0,2.0;3.0,4.0::-50015.0,0.0
-50015.0
3.0,4.0;3.0,2.0::-3010.0,0.0
-3010.0
3.0,2.0;4.0,0.0::-3500.0,0.0
-3500.0
4.0,0.0;3.0,2.0::-49000.0,0.0
-49000.0
3.0,2.0;4.0,1.0::-1000.0,0.0
-1000.0
4.0,1.0;3.0,2.0::1000.0,0.0
1000.0
3.0,2.0;4.0,2.0::-3500.0,0.0
-3500.0
4.0,2.0;3.0,2.0::-49000.0,0.0
-49000.0
3.0,2.0;4.0,3.0::-1000.0,0.0
-1000.0
4.0,3.0;3.0,2.0::1000.0,0.0
1000.0
3.0,2.0;4.0,4.0::-1015.0,0.0
-1015.0
4.0,4.0;3.0,2.0::490.0,0.0
490.0
