0.0,2.0;0.0,2.0::0.0,0.0
0.0
0.0,2.0;0.0,2.0::0.0,0.0
0.0
0.0,2.0;0.0,3.0::0.0,0.0
0.0
0.0,3.0;0.0,2.0::0.0,0.0
0.0
0.0,2.0;0.0,4.0::-25.0,0.0
-25.0
0.0,4.0;0.0,2.0::-500.0,0.0
-500.0
0.0,2.0;1.0,0.0::-27000.0,0.0
-27000.0
1.0,0.0;0.0,2.0::-51750.0,0.0
-51750.0
0.0,2.0;1.0,1.0::-27000.0,0.0
-27000.0
1.0,1.0;0.0,2.0::-51750.0,0.0
-51750.0
0.0,2.0;1.0,2.0::-24500.0,0.0
-24500.0
1.0,2.0;0.0,2.0::-1750.0,0.0
-1750.0
0.0,2.0;1.0,3.0::-24500.0,0.0
-24500.0
1.0,3.0;0.0,2.0::-1750.0,0.0
-1750.0
0.0,2.0;1.0,4.0::-24525.0,0.0
-24525.0
1.0,4.0;0.0,2.0::-2250.0,0.0
-2250.0
0.0,2.0;2.0,0.0::-27000.0,0.0
-27000.0
2.0,0.0;0.0,2.0::-51750.0,0.0
-51750.0
0.0,2.0;2.0,1.0::-27000.0,0.0
-27000.0
2.0,1.0;0.0,2.0::-51750.0,0.0
-51750.0
0.0,2.0;2.0,2.0::-24500.0,0.0
-24500.0
2.0,2.0;0.0,2.0::-1750.0,0.0
-1750.0
0.0,2.0;2.0,3.0::-24500.0,0.0
-24500.0
2.0,3.0;0.0,2.0::-1750.0,0.0
-1750.0
0.0,2.0;2.0,4.0::-24525.0,0.0
-24525.0
2.0,4.0;0.0,2.0::-2250.0,0.0
-2250.0
0.0,2.0;3.0,0.0::-51500.0,0.0
-51500.0
3.0,0.0;0.0,2.0::-53500.0,0.0
-53500.0
0.0,2.0;3.0,1.0::-51500.0,0.0
-51500.0
3.0,1.0;0.0,2.0::-53500.0,0.0
-53500.0
0.0,2.0;3.0,2.0::-49000.0,0.0
-49000.0
3.0,2.0;0.0,2.0::-3500.0,0.0
-3500.0
0.0,2.0;3.0,3.0::-49000.0,0.0
-49000.0
3.0,3.0;0.0,2.0::-3500.0,0.0
-3500.0
0.0,2.0;3.0,4.0::-49025.0,0.0
-49025.0
3.0,4.0;0.0,2.0::-4000.0,0.0
-4000.0
0.0,2.0;4.0,0.0::-2500.0,0.0
-2500.0
4.0,0.0;0.0,2.0::-50000.0,0.0
-50000.0
0.0,2.0;4.0,1.0::-2500.0,0.0
-2500.0
4.0,1.0;0.0,2.0::-50000.0,0.0
-50000.0
0.0,2.0;4.0,2.0::0.0,0.0
0.0
4.0,2.0;0.0,2.0::0.0,0.0
0.0
0.0,2.0;4.0,3.0::0.0,0.0
0.0
4.0,3.0;0.0,2.0::0.0,0.0
0.0
0.0,2.0;4.0,4.0::-25.0,0.0
-25.0
4.0,4.0;0.0,2.0::-500.0,0.0
-500.0
