0.0,4.0;0.0,4.0::-525.0,0.0
-525.0
0.0,4.0;0.0,4.0::-525.0,0.0
-525.0
0.0,4.0;1.0,0.0::-2010.0,0.0
-2010.0
1.0,0.0;0.0,4.0::-51015.0,0.0
-51015.0
0.0,4.0;1.0,1.0::-2010.0,0.0
-2010.0
1.0,1.0;0.0,4.0::-51015.0,0.0
-51015.0
0.0,4.0;1.0,2.0::490.0,0.0
490.0
1.0,2.0;0.0,4.0::-1015.0,0.0
-1015.0
0.0,4.0;1.0,3.0::490.0,0.0
490.0
1.0,3.0;0.0,4.0::-1015.0,0.0
-1015.0
0.0,4.0;1.0,4.0::465.0,0.0
465.0
1.0,4.0;0.0,4.0::-1515.0,0.0
-1515.0
0.0,4.0;2.0,0.0::-2500.0,0.0
-2500.0
2.0,0.0;0.0,4.0::-50000.0,0.0
-50000.0
0.0,4.0;2.0,1.0::-2500.0,0.0
-2500.0
2.0,1.0;0.0,4.0::-50000.0,0.0
-50000.0
0.0,4.0;2.0,2.0::0.0,0.0
0.0
2.0,2.0;0.0,4.0::0.0,0.0
0.0
0.0,4.0;2.0,3.0::0.0,0.0
0.0
2.0,3.0;0.0,4.0::0.0,0.0
0.0
0.0,4.0;2.0,4.0::-25.0,0.0
-25.0
2.0,4.0;0.0,4.0::-500.0,0.0
-500.0
0.0,4.0;3.0,0.0::-2010.0,0.0
-2010.0
3.0,0.0;0.0,4.0::-51015.0,0.0
-51015.0
0.0,4.0;3.0,1.0::-2010.0,0.0
-2010.0
3.0,1.0;0.0,4.0::-51015.0,0.0
-51015.0
0.0,4.0;3.0,2.0::490.0,0.0
490.0
3.0,2.0;0.0,4.0::-1015.0,0.0
-1015.0
0.0,4.0;3.0,3.0::490.0,0.0
490.0
3.0,3.0;0.0,4.0::-1015.0,0.0
-1015.0
0.0,4.0;3.0,4.0::465.0,0.0
465.0
3.0,4.0;0.0,4.0::-1515.0,0.0
-1515.0
0.0,4.0;4.0,0.0::-1755.0,0.0
-1755.0
4.0,0.0;0.0,4.0::-51007.5,0.0
-51007.5
0.0,4.0;4.0,1.0::-1755.0,0.0
-1755.0
4.0,1.0;0.0,4.0::-51007.5,0.0
-51007.5
0.0,4.0;4.0,2.0::745.0,0.0
745.0
4.0,2.0;0.0,4.0::-1007.5,0.0
-1007.5
0.0,4.0;4.0,3.0::745.0,0.0
745.0
4.0,3.0;0.0,4.0::-1007.5,0.0
-1007.5
0.0,4.0;4.0,4.0::720.0,0.0
720.0
4.0,4.0;0.0,4.0::-1507.5,0.0
-1507.5
