1.0,0.0;1.0,0.0::-52500.0,0.0
-52500.0
1.0,0.0;1.0,0.0::-52500.0,0.0
-52500.0
1.0,0.0;1.0,1.0::-51750.0,0.0
-51750.0
1.0,1.0;1.0,0.0::-27000.0,0.0
-27000.0
1.0,0.0;1.0,2.0::-51750.0,0.0
-51750.0
1.0,2.0;1.0,0.0::-27000.0,0.0
-27000.0
1.0,0.0;1.0,3.0::-51000.0,0.0
-51000.0
1.0,3.0;1.0,0.0::-1500.0,0.0
-1500.0
1.0,0.0;1.0,4.0::-51015.0,0.0
-51015.0
1.0,4.0;1.0,0.0::-2010.0,0.0
-2010.0
1.0,0.0;2.0,0.0::-51500.0,0.0
-51500.0
2.0,0.0;1.0,0.0::-53500.0,0.0
-53500.0
1.0,0.0;2.0,1.0::-50750.0,0.0
-50750.0
2.0,1.0;1.0,0.0::-28000.0,0.0
-28000.0
1.0,0.0;2.0,2.0::-50750.0,0.0
-50750.0
2.0,2.0;1.0,0.0::-28000.0,0.0
-28000.0
1.0,0.0;2.0,3.0::-50000.0,0.0
-50000.0
2.0,3.0;1.0,0.0::-2500.0,0.0
-2500.0
1.0,0.0;2.0,4.0::-50015.0,0.0
-50015.0
2.0,4.0;1.0,0.0::-3010.0,0.0
-3010.0
1.0,0.0;3.0,0.0::-51500.0,0.0
-51500.0
3.0,0.0;1.0,0.0::-53500.0,0.0
-53500.0
1.0,0.0;3.0,1.0::-50750.0,0.0
-50750.0
3.0,1.0;1.0,0.0::-28000.0,0.0
-28000.0
1.0,0.0;3.0,2.0::-50750.0,0.0
-50750.0
3.0,2.0;1.0,0.0::-28000.0,0.0
-28000.0
1.0,0.0;3.0,3.0::-50000.0,0.0
-50000.0
3.0,3.0;1.0,0.0::-2500.0,0.0
-2500.0
1.0,0.0;3.0,4.0::-50015.0,0.0
-50015.0
3.0,4.0;1.0,0.0::-3010.0,0.0
-3010.0
1.0,0.0;4.0,0.0::-1755.0,0.0
-1755.0
4.0,0.0;1.0,0.0::-51007.5,0.0
-51007.5
1.0,0.0;4.0,1.0::-1005.0,0.0
-1005.0
4.0,1.0;1.0,0.0::-25507.5,0.0
-25507.5
1.0,0.0;4.0,2.0::-1005.0,0.0
-1005.0
4.0,2.0;1.0,0.0::-25507.5,0.0
-25507.5
1.0,0.0;4.0,3.0::-255.0,0.0
-255.0
4.0,3.0;1.0,0.0::-7.5,0.0
-7.5
1.0,0.0;4.0,4.0::-270.0,0.0
-270.0
4.0,4.0;1.0,0.0::-517.5,0.0
-517.5
