1.0,2.0;1.0,2.0::-26250.0,0.0
-26250.0
1.0,2.0;1.0,2.0::-26250.0,0.0
-26250.0
1.0,2.0;1.0,3.0::-25500.0,0.0
-25500.0
1.0,3.0;1.0,2.0::-750.0,0.0
-750.0
1.0,2.0;1.0,4.0::-25515.0,0.0
-25515.0
1.0,4.0;1.0,2.0::-1260.0,0.0
-1260.0
1.0,2.0;2.0,0.0::-27000.0,0.0
-27000.0
2.0,0.0;1.0,2.0::-51750.0,0.0
-51750.0
1.0,2.0;2.0,1.0::-26250.0,0.0
-26250.0
2.0,1.0;1.0,2.0::-26250.0,0.0
-26250.0
1.0,2.0;2.0,2.0::-26250.0,0.0
-26250.0
2.0,2.0;1.0,2.0::-26250.0,0.0
-26250.0
1.0,2.0;2.0,3.0::-25500.0,0.0
-25500.0
2.0,3.0;1.0,2.0::-750.0,0.0
-750.0
1.0,2.0;2.0,4.0::-25515.0,0.0
-25515.0
2.0,4.0;1.0,2.0::-1260.0,0.0
-1260.0
1.0,2.0;3.0,0.0::-51500.0,0.0
-51500.0
3.0,0.0;1.0,2.0::-53500.0,0.0
-53500.0
1.0,2.0;3.0,1.0::-50750.0,0.0
-50750.0
3.0,1.0;1.0,2.0::-28000.0,0.0
-28000.0
1.0,2.0;3.0,2.0::-50750.0,0.0
-50750.0
3.0,2.0;1.0,2.0::-28000.0,0.0
-28000.0
1.0,2.0;3.0,3.0::-50000.0,0.0
-50000.0
3.0,3.0;1.0,2.0::-2500.0,0.0
-2500.0
1.0,2.0;3.0,4.0::-50015.0,0.0
-50015.0
3.0,4.0;1.0,2.0::-3010.0,0.0
-3010.0
1.0,2.0;4.0,0.0::-2500.0,0.0
-2500.0
4.0,0.0;1.0,2.0::-50000.0,0.0
-50000.0
1.0,2.0;4.0,1.0::-1750.0,0.0
-1750.0
4.0,1.0;1.0,2.0::-24500.0,0.0
-24500.0
1.0,2.0;4.0,2.0::-1750.0,0.0
-1750.0
4.0,2.0;1.0,2.0::-24500.0,0.0
-24500.0
1.0,2.0;4.0,3.0::-1000.0,0.0
-1000.0
4.0,3.0;1.0,2.0::1000.0,0.0
1000.0
1.0,2.0;4.0,4.0::-1015.0,0.0
-1015.0
4.0,4.0;1.0,2.0::490.0,0.0
490.0
