1.0,4.0;1.0,4.0::-525.0,0.0
-525.0
1.0,4.0;1.0,4.0::-525.0,0.0
-525.0
1.0,4.0;2.0,0.0::-2500.0,0.0
-2500.0
2.0,0.0;1.0,4.0::-50000.0,0.0
-50000.0
1.0,4.0;2.0,1.0::-1750.0,0.0
-1750.0
2.0,1.0;1.0,4.0::-24500.0,0.0
-24500.0
1.0,4.0;2.0,2.0::-1750.0,0.0
-1750.0
2.0,2.0;1.0,4.0::-24500.0,0.0
-24500.0
1.0,4.0;2.0,3.0::-1000.0,0.0
-1000.0
2.0,3.0;1.0,4.0::1000.0,0.0
1000.0
1.0,4.0;2.0,4.0::-1015.0,0.0
-1015.0
2.0,4.0;1.0,4.0::490.0,0.0
490.0
1.0,4.0;3.0,0.0::-2010.0,0.0
-2010.0
3.0,0.0;1.0,4.0::-51015.0,0.0
-51015.0
1.0,4.0;3.0,1.0::-1260.0,0.0
-1260.0
3.0,1.0;1.0,4.0::-25515.0,0.0
-25515.0
1.0,4.0;3.0,2.0::-1260.0,0.0
-1260.0
3.0,2.0;1.0,4.0::-25515.0,0.0
-25515.0
1.0,4.0;3.0,3.0::-510.0,0.0
-510.0
3.0,3.0;1.0,4.0::-15.0,0.0
-15.0
1.0,4.0;3.0,4.0::-525.0,0.0
-525.0
3.0,4.0;1.0,4.0::-525.0,0.0
-525.0
1.0,4.0;4.0,0.0::-1755.0,0.0
-1755.0
4.0,0.0;1.0,4.0::-51007.5,0.0
-51007.5
1.0,4.0;4.0,1.0::-1005.0,0.0
-1005.0
4.0,1.0;1.0,4.0::-25507.5,0.0
-25507.5
1.0,4.0;4.0,2.0::-1005.0,0.0
-1005.0
4.0,2.0;1.0,4.0::-25507.5,0.0
-25507.5
1.0,4.0;4.0,3.0::-255.0,0.0
-255.0
4.0,3.0;1.0,4.0::-7.5,0.0
-7.5
1.0,4.0;4.0,4.0::-270.0,0.0
-270.0
4.0,4.0;1.0,4.0::-517.5,0.0
-517.5
