0.0,0.0;0.0,0.0::-52500.0,0.0
-52500.0
0.0,0.0;0.0,0.0::-52500.0,0.0
-52500.0
0.0,0.0;0.0,1.0::-52500.0,0.0
-52500.0
0.0,1.0;0.0,0.0::-52500.0,0.0
-52500.0
0.0,0.0;0.0,2.0::-50000.0,0.0
-50000.0
0.0,2.0;0.0,0.0::-2500.0,0.0
-2500.0
0.0,0.0;0.0,3.0::-50000.0,0.0
-50000.0
0.0,3.0;0.0,0.0::-2500.0,0.0
-2500.0
0.0,0.0;0.0,4.0::-50025.0,0.0
-50025.0
0.0,4.0;0.0,0.0::-3000.0,0.0
-3000.0
0.0,0.0;1.0,0.0::-52500.0,0.0
-52500.0
1.0,0.0;0.0,0.0::-52500.0,0.0
-52500.0
0.0,0.0;1.0,1.0::-52500.0,0.0
-52500.0
1.0,1.0;0.0,0.0::-52500.0,0.0
-52500.0
0.0,0.0;1.0,2.0::-50000.0,0.0
-50000.0
1.0,2.0;0.0,0.0::-2500.0,0.0
-2500.0
0.0,0.0;1.0,3.0::-50000.0,0.0
-50000.0
1.0,3.0;0.0,0.0::-2500.0,0.0
-2500.0
0.0,0.0;1.0,4.0::-50025.0,0.0
-50025.0
1.0,4.0;0.0,0.0::-3000.0,0.0
-3000.0
0.0,0.0;2.0,0.0::-51500.0,0.0
-51500.0
2.0,0.0;0.0,0.0::-53500.0,0.0
-53500.0
0.0,0.0;2.0,1.0::-51500.0,0.0
-51500.0
2.0,1.0;0.0,0.0::-53500.0,0.0
-53500.0
0.0,0.0;2.0,2.0::-49000.0,0.0
-49000.0
2.0,2.0;0.0,0.0::-3500.0,0.0
-3500.0
0.0,0.0;2.0,3.0::-49000.0,0.0
-49000.0
2.0,3.0;0.0,0.0::-3500.0,0.0
-3500.0
0.0,0.0;2.0,4.0::-49025.0,0.0
-49025.0
2.0,4.0;0.0,0.0::-4000.0,0.0
-4000.0
0.0,0.0;3.0,0.0::-51500.0,0.0
-51500.0
3.0,0.0;0.0,0.0::-53500.0,0.0
-53500.0
0.0,0.0;3.0,1.0::-51500.0,0.0
-51500.0
3.0,1.0;0.0,0.0::-53500.0,0.0
-53500.0
0.0,0.0;3.0,2.0::-49000.0,0.0
-49000.0
3.0,2.0;0.0,0.0::-3500.0,0.0
-3500.0
0.0,0.0;3.0,3.0::-49000.0,0.0
-49000.0
3.0,3.0;0.0,0.0::-3500.0,0.0
-3500.0
0.0,0.0;3.0,4.0::-49025.0,0.0
-49025.0
3.0,4.0;0.0,0.0::-4000.0,0.0
-4000.0
0.0,0.0;4.0,0.0::-1755.0,0.0
-1755.0
4.0,0.0;0.0,0.0::-51007.5,0.0
-51007.5
0.0,0.0;4.0,1.0::-1755.0,0.0
-1755.0
4.0,1.0;0.0,0.0::-51007.5,0.0
-51007.5
0.0,0.0;4.0,2.0::745.0,0.0
745.0
4.0,2.0;0.0,0.0::-1007.5,0.0
-1007.5
0.0,0.0;4.0,3.0::745.0,0.0
745.0
4.0,3.0;0.0,0.0::-1007.5,0.0
-1007.5
0.0,0.0;4.0,4.0::720.0,0.0
720.0
4.0,4.0;0.0,0.0::-1507.5,0.0
-1507.5
0.0,1.0;0.0,1.0::-52500.0,0.0
-52500.0
0.0,1.0;0.0,1.0::-52500.0,0.0
-52500.0
0.0,1.0;0.0,2.0::-50000.0,0.0
-50000.0
0.0,2.0;0.0,1.0::-2500.0,0.0
-2500.0
0.0,1.0;0.0,3.0::-50000.0,0.0
-50000.0
0.0,3.0;0.0,1.0::-2500.0,0.0
-2500.0
0.0,1.0;0.0,4.0::-50025.0,0.0
-50025.0
0.0,4.0;0.0,1.0::-3000.0,0.0
-3000.0
0.0,1.0;1.0,0.0::-27000.0,0.0
-27000.0
1.0,0.0;0.0,1.0::-51750.0,0.0
-51750.0
0.0,1.0;1.0,1.0::-27000.0,0.0
-27000.0
1.0,1.0;0.0,1.0::-51750.0,0.0
-51750.0
0.0,1.0;1.0,2.0::-24500.0,0.0
-24500.0
1.0,2.0;0.0,1.0::-1750.0,0.0
-1750.0
0.0,1.0;1.0,3.0::-24500.0,0.0
-24500.0
1.0,3.0;0.0,1.0::-1750.0,0.0
-1750.0
0.0,1.0;1.0,4.0::-24525.0,0.0
-24525.0
1.0,4.0;0.0,1.0::-2250.0,0.0
-2250.0
0.0,1.0;2.0,0.0::-27000.0,0.0
-27000.0
2.0,0.0;0.0,1.0::-51750.0,0.0
-51750.0
0.0,1.0;2.0,1.0::-27000.0,0.0
-27000.0
2.0,1.0;0.0,1.0::-51750.0,0.0
-51750.0
0.0,1.0;2.0,2.0::-24500.0,0.0
-24500.0
2.0,2.0;0.0,1.0::-1750.0,0.0
-1750.0
0.0,1.0;2.0,3.0::-24500.0,0.0
-24500.0
2.0,3.0;0.0,1.0::-1750.0,0.0
-1750.0
0.0,1.0;2.0,4.0::-24525.0,0.0
-24525.0
2.0,4.0;0.0,1.0::-2250.0,0.0
-2250.0
0.0,1.0;3.0,0.0::-1500.0,0.0
-1500.0
3.0,0.0;0.0,1.0::-51000.0,0.0
-51000.0
0.0,1.0;3.0,1.0::-1500.0,0.0
-1500.0
3.0,1.0;0.0,1.0::-51000.0,0.0
-51000.0
0.0,1.0;3.0,2.0::1000.0,0.0
1000.0
3.0,2.0;0.0,1.0::-1000.0,0.0
-1000.0
0.0,1.0;3.0,3.0::1000.0,0.0
1000.0
3.0,3.0;0.0,1.0::-1000.0,0.0
-1000.0
0.0,1.0;3.0,4.0::975.0,0.0
975.0
3.0,4.0;0.0,1.0::-1500.0,0.0
-1500.0
0.0,1.0;4.0,0.0::-1755.0,0.0
-1755.0
4.0,0.0;0.0,1.0::-51007.5,0.0
-51007.5
0.0,1.0;4.0,1.0::-1755.0,0.0
-1755.0
4.0,1.0;0.0,1.0::-51007.5,0.0
-51007.5
0.0,1.0;4.0,2.0::745.0,0.0
745.0
4.0,2.0;0.0,1.0::-1007.5,0.0
-1007.5
0.0,1.0;4.0,3.0::745.0,0.0
745.0
4.0,3.0;0.0,1.0::-1007.5,0.0
-1007.5
0.0,1.0;4.0,4.0::720.0,0.0
720.0
4.0,4.0;0.0,1.0::-1507.5,0.0
-1507.5
0.0,2.0;0.0,2.0::0.0,0.0
0.0
0.0,2.0;0.0,2.0::0.0,0.0
0.0
0.0,2.0;0.0,3.0::0.0,0.0
0.0
0.0,3.0;0.0,2.0::0.0,0.0
0.0
0.0,2.0;0.0,4.0::-25.0,0.0
-25.0
0.0,4.0;0.0,2.0::-500.0,0.0
-500.0
0.0,2.0;1.0,0.0::-27000.0,0.0
-27000.0
1.0,0.0;0.0,2.0::-51750.0,0.0
-51750.0
0.0,2.0;1.0,1.0::-27000.0,0.0
-27000.0
1.0,1.0;0.0,2.0::-51750.0,0.0
-51750.0
0.0,2.0;1.0,2.0::-24500.0,0.0
-24500.0
1.0,2.0;0.0,2.0::-1750.0,0.0
-1750.0
0.0,2.0;1.0,3.0::-24500.0,0.0
-24500.0
1.0,3.0;0.0,2.0::-1750.0,0.0
-1750.0
0.0,2.0;1.0,4.0::-24525.0,0.0
-24525.0
1.0,4.0;0.0,2.0::-2250.0,0.0
-2250.0
0.0,2.0;2.0,0.0::-27000.0,0.0
-27000.0
2.0,0.0;0.0,2.0::-51750.0,0.0
-51750.0
0.0,2.0;2.0,1.0::-27000.0,0.0
-27000.0
2.0,1.0;0.0,2.0::-51750.0,0.0
-51750.0
0.0,2.0;2.0,2.0::-24500.0,0.0
-24500.0
2.0,2.0;0.0,2.0::-1750.0,0.0
-1750.0
0.0,2.0;2.0,3.0::-24500.0,0.0
-24500.0
2.0,3.0;0.0,2.0::-1750.0,0.0
-1750.0
0.0,2.0;2.0,4.0::-24525.0,0.0
-24525.0
2.0,4.0;0.0,2.0::-2250.0,0.0
-2250.0
0.0,2.0;3.0,0.0::-51500.0,0.0
-51500.0
3.0,0.0;0.0,2.0::-53500.0,0.0
-53500.0
0.0,2.0;3.0,1.0::-51500.0,0.0
-51500.0
3.0,1.0;0.0,2.0::-53500.0,0.0
-53500.0
0.0,2.0;3.0,2.0::-49000.0,0.0
-49000.0
3.0,2.0;0.0,2.0::-3500.0,0.0
-3500.0
0.0,2.0;3.0,3.0::-49000.0,0.0
-49000.0
3.0,3.0;0.0,2.0::-3500.0,0.0
-3500.0
0.0,2.0;3.0,4.0::-49025.0,0.0
-49025.0
3.0,4.0;0.0,2.0::-4000.0,0.0
-4000.0
0.0,2.0;4.0,0.0::-2500.0,0.0
-2500.0
4.0,0.0;0.0,2.0::-50000.0,0.0
-50000.0
0.0,2.0;4.0,1.0::-2500.0,0.0
-2500.0
4.0,1.0;0.0,2.0::-50000.0,0.0
-50000.0
0.0,2.0;4.0,2.0::0.0,0.0
0.0
4.0,2.0;0.0,2.0::0.0,0.0
0.0
0.0,2.0;4.0,3.0::0.0,0.0
0.0
4.0,3.0;0.0,2.0::0.0,0.0
0.0
0.0,2.0;4.0,4.0::-25.0,0.0
-25.0
4.0,4.0;0.0,2.0::-500.0,0.0
-500.0
0.0,3.0;0.0,3.0::0.0,0.0
0.0
0.0,3.0;0.0,3.0::0.0,0.0
0.0
0.0,3.0;0.0,4.0::-25.0,0.0
-25.0
0.0,4.0;0.0,3.0::-500.0,0.0
-500.0
0.0,3.0;1.0,0.0::-1500.0,0.0
-1500.0
1.0,0.0;0.0,3.0::-51000.0,0.0
-51000.0
0.0,3.0;1.0,1.0::-1500.0,0.0
-1500.0
1.0,1.0;0.0,3.0::-51000.0,0.0
-51000.0
0.0,3.0;1.0,2.0::1000.0,0.0
1000.0
1.0,2.0;0.0,3.0::-1000.0,0.0
-1000.0
0.0,3.0;1.0,3.0::1000.0,0.0
1000.0
1.0,3.0;0.0,3.0::-1000.0,0.0
-1000.0
0.0,3.0;1.0,4.0::975.0,0.0
975.0
1.0,4.0;0.0,3.0::-1500.0,0.0
-1500.0
0.0,3.0;2.0,0.0::-2500.0,0.0
-2500.0
2.0,0.0;0.0,3.0::-50000.0,0.0
-50000.0
0.0,3.0;2.0,1.0::-2500.0,0.0
-2500.0
2.0,1.0;0.0,3.0::-50000.0,0.0
-50000.0
0.0,3.0;2.0,2.0::0.0,0.0
0.0
2.0,2.0;0.0,3.0::0.0,0.0
0.0
0.0,3.0;2.0,3.0::0.0,0.0
0.0
2.0,3.0;0.0,3.0::0.0,0.0
0.0
0.0,3.0;2.0,4.0::-25.0,0.0
-25.0
2.0,4.0;0.0,3.0::-500.0,0.0
-500.0
0.0,3.0;3.0,0.0::-1500.0,0.0
-1500.0
3.0,0.0;0.0,3.0::-51000.0,0.0
-51000.0
0.0,3.0;3.0,1.0::-1500.0,0.0
-1500.0
3.0,1.0;0.0,3.0::-51000.0,0.0
-51000.0
0.0,3.0;3.0,2.0::1000.0,0.0
1000.0
3.0,2.0;0.0,3.0::-1000.0,0.0
-1000.0
0.0,3.0;3.0,3.0::1000.0,0.0
1000.0
3.0,3.0;0.0,3.0::-1000.0,0.0
-1000.0
0.0,3.0;3.0,4.0::975.0,0.0
975.0
3.0,4.0;0.0,3.0::-1500.0,0.0
-1500.0
0.0,3.0;4.0,0.0::-2500.0,0.0
-2500.0
4.0,0.0;0.0,3.0::-50000.0,0.0
-50000.0
0.0,3.0;4.0,1.0::-2500.0,0.0
-2500.0
4.0,1.0;0.0,3.0::-50000.0,0.0
-50000.0
0.0,3.0;4.0,2.0::0.0,0.0
0.0
4.0,2.0;0.0,3.0::0.0,0.0
0.0
0.0,3.0;4.0,3.0::0.0,0.0
0.0
4.0,3.0;0.0,3.0::0.0,0.0
0.0
0.0,3.0;4.0,4.0::-25.0,0.0
-25.0
4.0,4.0;0.0,3.0::-500.0,0.0
-500.0
0.0,4.0;0.0,4.0::-525.0,0.0
-525.0
0.0,4.0;0.0,4.0::-525.0,0.0
-525.0
0.0,4.0;1.0,0.0::-2010.0,0.0
-2010.0
1.0,0.0;0.0,4.0::-51015.0,0.0
-51015.0
0.0,4.0;1.0,1.0::-2010.0,0.0
-2010.0
1.0,1.0;0.0,4.0::-51015.0,0.0
-51015.0
0.0,4.0;1.0,2.0::490.0,0.0
490.0
1.0,2.0;0.0,4.0::-1015.0,0.0
-1015.0
0.0,4.0;1.0,3.0::490.0,0.0
490.0
1.0,3.0;0.0,4.0::-1015.0,0.0
-1015.0
0.0,4.0;1.0,4.0::465.0,0.0
465.0
1.0,4.0;0.0,4.0::-1515.0,0.0
-1515.0
0.0,4.0;2.0,0.0::-2500.0,0.0
-2500.0
2.0,0.0;0.0,4.0::-50000.0,0.0
-50000.0
0.0,4.0;2.0,1.0::-2500.0,0.0
-2500.0
2.0,1.0;0.0,4.0::-50000.0,0.0
-50000.0
0.0,4.0;2.0,2.0::0.0,0.0
0.0
2.0,2.0;0.0,4.0::0.0,0.0
0.0
0.0,4.0;2.0,3.0::0.0,0.0
0.0
2.0,3.0;0.0,4.0::0.0,0.0
0.0
0.0,4.0;2.0,4.0::-25.0,0.0
-25.0
2.0,4.0;0.0,4.0::-500.0,0.0
-500.0
0.0,4.0;3.0,0.0::-2010.0,0.0
-2010.0
3.0,0.0;0.0,4.0::-51015.0,0.0
-51015.0
0.0,4.0;3.0,1.0::-2010.0,0.0
-2010.0
3.0,1.0;0.0,4.0::-51015.0,0.0
-51015.0
0.0,4.0;3.0,2.0::490.0,0.0
490.0
3.0,2.0;0.0,4.0::-1015.0,0.0
-1015.0
0.0,4.0;3.0,3.0::490.0,0.0
490.0
3.0,3.0;0.0,4.0::-1015.0,0.0
-1015.0
0.0,4.0;3.0,4.0::465.0,0.0
465.0
3.0,4.0;0.0,4.0::-1515.0,0.0
-1515.0
0.0,4.0;4.0,0.0::-1755.0,0.0
-1755.0
4.0,0.0;0.0,4.0::-51007.5,0.0
-51007.5
0.0,4.0;4.0,1.0::-1755.0,0.0
-1755.0
4.0,1.0;0.0,4.0::-51007.5,0.0
-51007.5
0.0,4.0;4.0,2.0::745.0,0.0
745.0
4.0,2.0;0.0,4.0::-1007.5,0.0
-1007.5
0.0,4.0;4.0,3.0::745.0,0.0
745.0
4.0,3.0;0.0,4.0::-1007.5,0.0
-1007.5
0.0,4.0;4.0,4.0::720.0,0.0
720.0
4.0,4.0;0.0,4.0::-1507.5,0.0
-1507.5
1.0,0.0;1.0,0.0::-52500.0,0.0
-52500.0
1.0,0.0;1.0,0.0::-52500.0,0.0
-52500.0
1.0,0.0;1.0,1.0::-51750.0,0.0
-51750.0
1.0,1.0;1.0,0.0::-27000.0,0.0
-27000.0
1.0,0.0;1.0,2.0::-51750.0,0.0
-51750.0
1.0,2.0;1.0,0.0::-27000.0,0.0
-27000.0
1.0,0.0;1.0,3.0::-51000.0,0.0
-51000.0
1.0,3.0;1.0,0.0::-1500.0,0.0
-1500.0
1.0,0.0;1.0,4.0::-51015.0,0.0
-51015.0
1.0,4.0;1.0,0.0::-2010.0,0.0
-2010.0
1.0,0.0;2.0,0.0::-51500.0,0.0
-51500.0
2.0,0.0;1.0,0.0::-53500.0,0.0
-53500.0
1.0,0.0;2.0,1.0::-50750.0,0.0
-50750.0
2.0,1.0;1.0,0.0::-28000.0,0.0
-28000.0
1.0,0.0;2.0,2.0::-50750.0,0.0
-50750.0
2.0,2.0;1.0,0.0::-28000.0,0.0
-28000.0
1.0,0.0;2.0,3.0::-50000.0,0.0
-50000.0
2.0,3.0;1.0,0.0::-2500.0,0.0
-2500.0
1.0,0.0;2.0,4.0::-50015.0,0.0
-50015.0
2.0,4.0;1.0,0.0::-3010.0,0.0
-3010.0
1.0,0.0;3.0,0.0::-51500.0,0.0
-51500.0
3.0,0.0;1.0,0.0::-53500.0,0.0
-53500.0
1.0,0.0;3.0,1.0::-50750.0,0.0
-50750.0
3.0,1.0;1.0,0.0::-28000.0,0.0
-28000.0
1.0,0.0;3.0,2.0::-50750.0,0.0
-50750.0
3.0,2.0;1.0,0.0::-28000.0,0.0
-28000.0
1.0,0.0;3.0,3.0::-50000.0,0.0
-50000.0
3.0,3.0;1.0,0.0::-2500.0,0.0
-2500.0
1.0,0.0;3.0,4.0::-50015.0,0.0
-50015.0
3.0,4.0;1.0,0.0::-3010.0,0.0
-3010.0
1.0,0.0;4.0,0.0::-1755.0,0.0
-1755.0
4.0,0.0;1.0,0.0::-51007.5,0.0
-51007.5
1.0,0.0;4.0,1.0::-1005.0,0.0
-1005.0
4.0,1.0;1.0,0.0::-25507.5,0.0
-25507.5
1.0,0.0;4.0,2.0::-1005.0,0.0
-1005.0
4.0,2.0;1.0,0.0::-25507.5,0.0
-25507.5
1.0,0.0;4.0,3.0::-255.0,0.0
-255.0
4.0,3.0;1.0,0.0::-7.5,0.0
-7.5
1.0,0.0;4.0,4.0::-270.0,0.0
-270.0
4.0,4.0;1.0,0.0::-517.5,0.0
-517.5
1.0,1.0;1.0,1.0::-26250.0,0.0
-26250.0
1.0,1.0;1.0,1.0::-26250.0,0.0
-26250.0
1.0,1.0;1.0,2.0::-26250.0,0.0
-26250.0
1.0,2.0;1.0,1.0::-26250.0,0.0
-26250.0
1.0,1.0;1.0,3.0::-25500.0,0.0
-25500.0
1.0,3.0;1.0,1.0::-750.0,0.0
-750.0
1.0,1.0;1.0,4.0::-25515.0,0.0
-25515.0
1.0,4.0;1.0,1.0::-1260.0,0.0
-1260.0
1.0,1.0;2.0,0.0::-27000.0,0.0
-27000.0
2.0,0.0;1.0,1.0::-51750.0,0.0
-51750.0
1.0,1.0;2.0,1.0::-26250.0,0.0
-26250.0
2.0,1.0;1.0,1.0::-26250.0,0.0
-26250.0
1.0,1.0;2.0,2.0::-26250.0,0.0
-26250.0
2.0,2.0;1.0,1.0::-26250.0,0.0
-26250.0
1.0,1.0;2.0,3.0::-25500.0,0.0
-25500.0
2.0,3.0;1.0,1.0::-750.0,0.0
-750.0
1.0,1.0;2.0,4.0::-25515.0,0.0
-25515.0
2.0,4.0;1.0,1.0::-1260.0,0.0
-1260.0
1.0,1.0;3.0,0.0::-1500.0,0.0
-1500.0
3.0,0.0;1.0,1.0::-51000.0,0.0
-51000.0
1.0,1.0;3.0,1.0::-750.0,0.0
-750.0
3.0,1.0;1.0,1.0::-25500.0,0.0
-25500.0
1.0,1.0;3.0,2.0::-750.0,0.0
-750.0
3.0,2.0;1.0,1.0::-25500.0,0.0
-25500.0
1.0,1.0;3.0,3.0::0.0,0.0
0.0
3.0,3.0;1.0,1.0::0.0,0.0
0.0
1.0,1.0;3.0,4.0::-15.0,0.0
-15.0
3.0,4.0;1.0,1.0::-510.0,0.0
-510.0
1.0,1.0;4.0,0.0::-1755.0,0.0
-1755.0
4.0,0.0;1.0,1.0::-51007.5,0.0
-51007.5
1.0,1.0;4.0,1.0::-1005.0,0.0
-1005.0
4.0,1.0;1.0,1.0::-25507.5,0.0
-25507.5
1.0,1.0;4.0,2.0::-1005.0,0.0
-1005.0
4.0,2.0;1.0,1.0::-25507.5,0.0
-25507.5
1.0,1.0;4.0,3.0::-255.0,0.0
-255.0
4.0,3.0;1.0,1.0::-7.5,0.0
-7.5
1.0,1.0;4.0,4.0::-270.0,0.0
-270.0
4.0,4.0;1.0,1.0::-517.5,0.0
-517.5
1.0,2.0;1.0,2.0::-26250.0,0.0
-26250.0
1.0,2.0;1.0,2.0::-26250.0,0.0
-26250.0
1.0,2.0;1.0,3.0::-25500.0,0.0
-25500.0
1.0,3.0;1.0,2.0::-750.0,0.0
-750.0
1.0,2.0;1.0,4.0::-25515.0,0.0
-25515.0
1.0,4.0;1.0,2.0::-1260.0,0.0
-1260.0
1.0,2.0;2.0,0.0::-27000.0,0.0
-27000.0
2.0,0.0;1.0,2.0::-51750.0,0.0
-51750.0
1.0,2.0;2.0,1.0::-26250.0,0.0
-26250.0
2.0,1.0;1.0,2.0::-26250.0,0.0
-26250.0
1.0,2.0;2.0,2.0::-26250.0,0.0
-26250.0
2.0,2.0;1.0,2.0::-26250.0,0.0
-26250.0
1.0,2.0;2.0,3.0::-25500.0,0.0
-25500.0
2.0,3.0;1.0,2.0::-750.0,0.0
-750.0
1.0,2.0;2.0,4.0::-25515.0,0.0
-25515.0
2.0,4.0;1.0,2.0::-1260.0,0.0
-1260.0
1.0,2.0;3.0,0.0::-51500.0,0.0
-51500.0
3.0,0.0;1.0,2.0::-53500.0,0.0
-53500.0
1.0,2.0;3.0,1.0::-50750.0,0.0
-50750.0
3.0,1.0;1.0,2.0::-28000.0,0.0
-28000.0
1.0,2.0;3.0,2.0::-50750.0,0.0
-50750.0
3.0,2.0;1.0,2.0::-28000.0,0.0
-28000.0
1.0,2.0;3.0,3.0::-50000.0,0.0
-50000.0
3.0,3.0;1.0,2.0::-2500.0,0.0
-2500.0
1.0,2.0;3.0,4.0::-50015.0,0.0
-50015.0
3.0,4.0;1.0,2.0::-3010.0,0.0
-3010.0
1.0,2.0;4.0,0.0::-2500.0,0.0
-2500.0
4.0,0.0;1.0,2.0::-50000.0,0.0
-50000.0
1.0,2.0;4.0,1.0::-1750.0,0.0
-1750.0
4.0,1.0;1.0,2.0::-24500.0,0.0
-24500.0
1.0,2.0;4.0,2.0::-1750.0,0.0
-1750.0
4.0,2.0;1.0,2.0::-24500.0,0.0
-24500.0
1.0,2.0;4.0,3.0::-1000.0,0.0
-1000.0
4.0,3.0;1.0,2.0::1000.0,0.0
1000.0
1.0,2.0;4.0,4.0::-1015.0,0.0
-1015.0
4.0,4.0;1.0,2.0::490.0,0.0
490.0
1.0,3.0;1.0,3.0::0.0,0.0
0.0
1.0,3.0;1.0,3.0::0.0,0.0
0.0
1.0,3.0;1.0,4.0::-15.0,0.0
-15.0
1.0,4.0;1.0,3.0::-510.0,0.0
-510.0
1.0,3.0;2.0,0.0::-2500.0,0.0
-2500.0
2.0,0.0;1.0,3.0::-50000.0,0.0
-50000.0
1.0,3.0;2.0,1.0::-1750.0,0.0
-1750.0
2.0,1.0;1.0,3.0::-24500.0,0.0
-24500.0
1.0,3.0;2.0,2.0::-1750.0,0.0
-1750.0
2.0,2.0;1.0,3.0::-24500.0,0.0
-24500.0
1.0,3.0;2.0,3.0::-1000.0,0.0
-1000.0
2.0,3.0;1.0,3.0::1000.0,0.0
1000.0
1.0,3.0;2.0,4.0::-1015.0,0.0
-1015.0
2.0,4.0;1.0,3.0::490.0,0.0
490.0
1.0,3.0;3.0,0.0::-1500.0,0.0
-1500.0
3.0,0.0;1.0,3.0::-51000.0,0.0
-51000.0
1.0,3.0;3.0,1.0::-750.0,0.0
-750.0
3.0,1.0;1.0,3.0::-25500.0,0.0
-25500.0
1.0,3.0;3.0,2.0::-750.0,0.0
-750.0
3.0,2.0;1.0,3.0::-25500.0,0.0
-25500.0
1.0,3.0;3.0,3.0::0.0,0.0
0.0
3.0,3.0;1.0,3.0::0.0,0.0
0.0
1.0,3.0;3.0,4.0::-15.0,0.0
-15.0
3.0,4.0;1.0,3.0::-510.0,0.0
-510.0
1.0,3.0;4.0,0.0::-2500.0,0.0
-2500.0
4.0,0.0;1.0,3.0::-50000.0,0.0
-50000.0
1.0,3.0;4.0,1.0::-1750.0,0.0
-1750.0
4.0,1.0;1.0,3.0::-24500.0,0.0
-24500.0
1.0,3.0;4.0,2.0::-1750.0,0.0
-1750.0
4.0,2.0;1.0,3.0::-24500.0,0.0
-24500.0
1.0,3.0;4.0,3.0::-1000.0,0.0
-1000.0
4.0,3.0;1.0,3.0::1000.0,0.0
1000.0
1.0,3.0;4.0,4.0::-1015.0,0.0
-1015.0
4.0,4.0;1.0,3.0::490.0,0.0
490.0
1.0,4.0;1.0,4.0::-525.0,0.0
-525.0
1.0,4.0;1.0,4.0::-525.0,0.0
-525.0
1.0,4.0;2.0,0.0::-2500.0,0.0
-2500.0
2.0,0.0;1.0,4.0::-50000.0,0.0
-50000.0
1.0,4.0;2.0,1.0::-1750.0,0.0
-1750.0
2.0,1.0;1.0,4.0::-24500.0,0.0
-24500.0
1.0,4.0;2.0,2.0::-1750.0,0.0
-1750.0
2.0,2.0;1.0,4.0::-24500.0,0.0
-24500.0
1.0,4.0;2.0,3.0::-1000.0,0.0
-1000.0
2.0,3.0;1.0,4.0::1000.0,0.0
1000.0
1.0,4.0;2.0,4.0::-1015.0,0.0
-1015.0
2.0,4.0;1.0,4.0::490.0,0.0
490.0
1.0,4.0;3.0,0.0::-2010.0,0.0
-2010.0
3.0,0.0;1.0,4.0::-51015.0,0.0
-51015.0
1.0,4.0;3.0,1.0::-1260.0,0.0
-1260.0
3.0,1.0;1.0,4.0::-25515.0,0.0
-25515.0
1.0,4.0;3.0,2.0::-1260.0,0.0
-1260.0
3.0,2.0;1.0,4.0::-25515.0,0.0
-25515.0
1.0,4.0;3.0,3.0::-510.0,0.0
-510.0
3.0,3.0;1.0,4.0::-15.0,0.0
-15.0
1.0,4.0;3.0,4.0::-525.0,0.0
-525.0
3.0,4.0;1.0,4.0::-525.0,0.0
-525.0
1.0,4.0;4.0,0.0::-1755.0,0.0
-1755.0
4.0,0.0;1.0,4.0::-51007.5,0.0
-51007.5
1.0,4.0;4.0,1.0::-1005.0,0.0
-1005.0
4.0,1.0;1.0,4.0::-25507.5,0.0
-25507.5
1.0,4.0;4.0,2.0::-1005.0,0.0
-1005.0
4.0,2.0;1.0,4.0::-25507.5,0.0
-25507.5
1.0,4.0;4.0,3.0::-255.0,0.0
-255.0
4.0,3.0;1.0,4.0::-7.5,0.0
-7.5
1.0,4.0;4.0,4.0::-270.0,0.0
-270.0
4.0,4.0;1.0,4.0::-517.5,0.0
-517.5
2.0,0.0;2.0,0.0::-52500.0,0.0
-52500.0
2.0,0.0;2.0,0.0::-52500.0,0.0
-52500.0
2.0,0.0;2.0,1.0::-50750.0,0.0
-50750.0
2.0,1.0;2.0,0.0::-28000.0,0.0
-28000.0
2.0,0.0;2.0,2.0::-50750.0,0.0
-50750.0
2.0,2.0;2.0,0.0::-28000.0,0.0
-28000.0
2.0,0.0;2.0,3.0::-49000.0,0.0
-49000.0
2.0,3.0;2.0,0.0::-3500.0,0.0
-3500.0
2.0,0.0;2.0,4.0::-49000.0,0.0
-49000.0
2.0,4.0;2.0,0.0::-3500.0,0.0
-3500.0
2.0,0.0;3.0,0.0::-52500.0,0.0
-52500.0
3.0,0.0;2.0,0.0::-52500.0,0.0
-52500.0
2.0,0.0;3.0,1.0::-50750.0,0.0
-50750.0
3.0,1.0;2.0,0.0::-28000.0,0.0
-28000.0
2.0,0.0;3.0,2.0::-50750.0,0.0
-50750.0
3.0,2.0;2.0,0.0::-28000.0,0.0
-28000.0
2.0,0.0;3.0,3.0::-49000.0,0.0
-49000.0
3.0,3.0;2.0,0.0::-3500.0,0.0
-3500.0
2.0,0.0;3.0,4.0::-49000.0,0.0
-49000.0
3.0,4.0;2.0,0.0::-3500.0,0.0
-3500.0
2.0,0.0;4.0,0.0::-2755.0,0.0
-2755.0
4.0,0.0;2.0,0.0::-50007.5,0.0
-50007.5
2.0,0.0;4.0,1.0::-1005.0,0.0
-1005.0
4.0,1.0;2.0,0.0::-25507.5,0.0
-25507.5
2.0,0.0;4.0,2.0::-1005.0,0.0
-1005.0
4.0,2.0;2.0,0.0::-25507.5,0.0
-25507.5
2.0,0.0;4.0,3.0::745.0,0.0
745.0
4.0,3.0;2.0,0.0::-1007.5,0.0
-1007.5
2.0,0.0;4.0,4.0::745.0,0.0
745.0
4.0,4.0;2.0,0.0::-1007.5,0.0
-1007.5
2.0,1.0;2.0,1.0::-26250.0,0.0
-26250.0
2.0,1.0;2.0,1.0::-26250.0,0.0
-26250.0
2.0,1.0;2.0,2.0::-26250.0,0.0
-26250.0
2.0,2.0;2.0,1.0::-26250.0,0.0
-26250.0
2.0,1.0;2.0,3.0::-24500.0,0.0
-24500.0
2.0,3.0;2.0,1.0::-1750.0,0.0
-1750.0
2.0,1.0;2.0,4.0::-24500.0,0.0
-24500.0
2.0,4.0;2.0,1.0::-1750.0,0.0
-1750.0
2.0,1.0;3.0,0.0::-2500.0,0.0
-2500.0
3.0,0.0;2.0,1.0::-50000.0,0.0
-50000.0
2.0,1.0;3.0,1.0::-750.0,0.0
-750.0
3.0,1.0;2.0,1.0::-25500.0,0.0
-25500.0
2.0,1.0;3.0,2.0::-750.0,0.0
-750.0
3.0,2.0;2.0,1.0::-25500.0,0.0
-25500.0
2.0,1.0;3.0,3.0::1000.0,0.0
1000.0
3.0,3.0;2.0,1.0::-1000.0,0.0
-1000.0
2.0,1.0;3.0,4.0::1000.0,0.0
1000.0
3.0,4.0;2.0,1.0::-1000.0,0.0
-1000.0
2.0,1.0;4.0,0.0::-2755.0,0.0
-2755.0
4.0,0.0;2.0,1.0::-50007.5,0.0
-50007.5
2.0,1.0;4.0,1.0::-1005.0,0.0
-1005.0
4.0,1.0;2.0,1.0::-25507.5,0.0
-25507.5
2.0,1.0;4.0,2.0::-1005.0,0.0
-1005.0
4.0,2.0;2.0,1.0::-25507.5,0.0
-25507.5
2.0,1.0;4.0,3.0::745.0,0.0
745.0
4.0,3.0;2.0,1.0::-1007.5,0.0
-1007.5
2.0,1.0;4.0,4.0::745.0,0.0
745.0
4.0,4.0;2.0,1.0::-1007.5,0.0
-1007.5
2.0,2.0;2.0,2.0::-26250.0,0.0
-26250.0
2.0,2.0;2.0,2.0::-26250.0,0.0
-26250.0
2.0,2.0;2.0,3.0::-24500.0,0.0
-24500.0
2.0,3.0;2.0,2.0::-1750.0,0.0
-1750.0
2.0,2.0;2.0,4.0::-24500.0,0.0
-24500.0
2.0,4.0;2.0,2.0::-1750.0,0.0
-1750.0
2.0,2.0;3.0,0.0::-52500.0,0.0
-52500.0
3.0,0.0;2.0,2.0::-52500.0,0.0
-52500.0
2.0,2.0;3.0,1.0::-50750.0,0.0
-50750.0
3.0,1.0;2.0,2.0::-28000.0,0.0
-28000.0
2.0,2.0;3.0,2.0::-50750.0,0.0
-50750.0
3.0,2.0;2.0,2.0::-28000.0,0.0
-28000.0
2.0,2.0;3.0,3.0::-49000.0,0.0
-49000.0
3.0,3.0;2.0,2.0::-3500.0,0.0
-3500.0
2.0,2.0;3.0,4.0::-49000.0,0.0
-49000.0
3.0,4.0;2.0,2.0::-3500.0,0.0
-3500.0
2.0,2.0;4.0,0.0::-3500.0,0.0
-3500.0
4.0,0.0;2.0,2.0::-49000.0,0.0
-49000.0
2.0,2.0;4.0,1.0::-1750.0,0.0
-1750.0
4.0,1.0;2.0,2.0::-24500.0,0.0
-24500.0
2.0,2.0;4.0,2.0::-1750.0,0.0
-1750.0
4.0,2.0;2.0,2.0::-24500.0,0.0
-24500.0
2.0,2.0;4.0,3.0::0.0,0.0
0.0
4.0,3.0;2.0,2.0::0.0,0.0
0.0
2.0,2.0;4.0,4.0::0.0,0.0
0.0
4.0,4.0;2.0,2.0::0.0,0.0
0.0
2.0,3.0;2.0,3.0::0.0,0.0
0.0
2.0,3.0;2.0,3.0::0.0,0.0
0.0
2.0,3.0;2.0,4.0::0.0,0.0
0.0
2.0,4.0;2.0,3.0::0.0,0.0
0.0
2.0,3.0;3.0,0.0::-2500.0,0.0
-2500.0
3.0,0.0;2.0,3.0::-50000.0,0.0
-50000.0
2.0,3.0;3.0,1.0::-750.0,0.0
-750.0
3.0,1.0;2.0,3.0::-25500.0,0.0
-25500.0
2.0,3.0;3.0,2.0::-750.0,0.0
-750.0
3.0,2.0;2.0,3.0::-25500.0,0.0
-25500.0
2.0,3.0;3.0,3.0::1000.0,0.0
1000.0
3.0,3.0;2.0,3.0::-1000.0,0.0
-1000.0
2.0,3.0;3.0,4.0::1000.0,0.0
1000.0
3.0,4.0;2.0,3.0::-1000.0,0.0
-1000.0
2.0,3.0;4.0,0.0::-3500.0,0.0
-3500.0
4.0,0.0;2.0,3.0::-49000.0,0.0
-49000.0
2.0,3.0;4.0,1.0::-1750.0,0.0
-1750.0
4.0,1.0;2.0,3.0::-24500.0,0.0
-24500.0
2.0,3.0;4.0,2.0::-1750.0,0.0
-1750.0
4.0,2.0;2.0,3.0::-24500.0,0.0
-24500.0
2.0,3.0;4.0,3.0::0.0,0.0
0.0
4.0,3.0;2.0,3.0::0.0,0.0
0.0
2.0,3.0;4.0,4.0::0.0,0.0
0.0
4.0,4.0;2.0,3.0::0.0,0.0
0.0
2.0,4.0;2.0,4.0::0.0,0.0
0.0
2.0,4.0;2.0,4.0::0.0,0.0
0.0
2.0,4.0;3.0,0.0::-3010.0,0.0
-3010.0
3.0,0.0;2.0,4.0::-50015.0,0.0
-50015.0
2.0,4.0;3.0,1.0::-1260.0,0.0
-1260.0
3.0,1.0;2.0,4.0::-25515.0,0.0
-25515.0
2.0,4.0;3.0,2.0::-1260.0,0.0
-1260.0
3.0,2.0;2.0,4.0::-25515.0,0.0
-25515.0
2.0,4.0;3.0,3.0::490.0,0.0
490.0
3.0,3.0;2.0,4.0::-1015.0,0.0
-1015.0
2.0,4.0;3.0,4.0::490.0,0.0
490.0
3.0,4.0;2.0,4.0::-1015.0,0.0
-1015.0
2.0,4.0;4.0,0.0::-2755.0,0.0
-2755.0
4.0,0.0;2.0,4.0::-50007.5,0.0
-50007.5
2.0,4.0;4.0,1.0::-1005.0,0.0
-1005.0
4.0,1.0;2.0,4.0::-25507.5,0.0
-25507.5
2.0,4.0;4.0,2.0::-1005.0,0.0
-1005.0
4.0,2.0;2.0,4.0::-25507.5,0.0
-25507.5
2.0,4.0;4.0,3.0::745.0,0.0
745.0
4.0,3.0;2.0,4.0::-1007.5,0.0
-1007.5
2.0,4.0;4.0,4.0::745.0,0.0
745.0
4.0,4.0;2.0,4.0::-1007.5,0.0
-1007.5
3.0,0.0;3.0,0.0::-52500.0,0.0
-52500.0
3.0,0.0;3.0,0.0::-52500.0,0.0
-52500.0
3.0,0.0;3.0,1.0::-50000.0,0.0
-50000.0
3.0,1.0;3.0,0.0::-2500.0,0.0
-2500.0
3.0,0.0;3.0,2.0::-52500.0,0.0
-52500.0
3.0,2.0;3.0,0.0::-52500.0,0.0
-52500.0
3.0,0.0;3.0,3.0::-50000.0,0.0
-50000.0
3.0,3.0;3.0,0.0::-2500.0,0.0
-2500.0
3.0,0.0;3.0,4.0::-50015.0,0.0
-50015.0
3.0,4.0;3.0,0.0::-3010.0,0.0
-3010.0
3.0,0.0;4.0,0.0::-2755.0,0.0
-2755.0
4.0,0.0;3.0,0.0::-50007.5,0.0
-50007.5
3.0,0.0;4.0,1.0::-255.0,0.0
-255.0
4.0,1.0;3.0,0.0::-7.5,0.0
-7.5
3.0,0.0;4.0,2.0::-2755.0,0.0
-2755.0
4.0,2.0;3.0,0.0::-50007.5,0.0
-50007.5
3.0,0.0;4.0,3.0::-255.0,0.0
-255.0
4.0,3.0;3.0,0.0::-7.5,0.0
-7.5
3.0,0.0;4.0,4.0::-270.0,0.0
-270.0
4.0,4.0;3.0,0.0::-517.5,0.0
-517.5
3.0,1.0;3.0,1.0::0.0,0.0
0.0
3.0,1.0;3.0,1.0::0.0,0.0
0.0
3.0,1.0;3.0,2.0::-2500.0,0.0
-2500.0
3.0,2.0;3.0,1.0::-50000.0,0.0
-50000.0
3.0,1.0;3.0,3.0::0.0,0.0
0.0
3.0,3.0;3.0,1.0::0.0,0.0
0.0
3.0,1.0;3.0,4.0::-15.0,0.0
-15.0
3.0,4.0;3.0,1.0::-510.0,0.0
-510.0
3.0,1.0;4.0,0.0::-2755.0,0.0
-2755.0
4.0,0.0;3.0,1.0::-50007.5,0.0
-50007.5
3.0,1.0;4.0,1.0::-255.0,0.0
-255.0
4.0,1.0;3.0,1.0::-7.5,0.0
-7.5
3.0,1.0;4.0,2.0::-2755.0,0.0
-2755.0
4.0,2.0;3.0,1.0::-50007.5,0.0
-50007.5
3.0,1.0;4.0,3.0::-255.0,0.0
-255.0
4.0,3.0;3.0,1.0::-7.5,0.0
-7.5
3.0,1.0;4.0,4.0::-270.0,0.0
-270.0
4.0,4.0;3.0,1.0::-517.5,0.0
-517.5
3.0,2.0;3.0,2.0::-52500.0,0.0
-52500.0
3.0,2.0;3.0,2.0::-52500.0,0.0
-52500.0
3.0,2.0;3.0,3.0::-50000.0,0.0
-50000.0
3.0,3.0;3.0,2.0::-2500.0,0.0
-2500.0
3.0,2.0;3.0,4.0::-50015.0,0.0
-50015.0
3.0,4.0;3.0,2.0::-3010.0,0.0
-3010.0
3.0,2.0;4.0,0.0::-3500.0,0.0
-3500.0
4.0,0.0;3.0,2.0::-49000.0,0.0
-49000.0
3.0,2.0;4.0,1.0::-1000.0,0.0
-1000.0
4.0,1.0;3.0,2.0::1000.0,0.0
1000.0
3.0,2.0;4.0,2.0::-3500.0,0.0
-3500.0
4.0,2.0;3.0,2.0::-49000.0,0.0
-49000.0
3.0,2.0;4.0,3.0::-1000.0,0.0
-1000.0
4.0,3.0;3.0,2.0::1000.0,0.0
1000.0
3.0,2.0;4.0,4.0::-1015.0,0.0
-1015.0
4.0,4.0;3.0,2.0::490.0,0.0
490.0
3.0,3.0;3.0,3.0::0.0,0.0
0.0
3.0,3.0;3.0,3.0::0.0,0.0
0.0
3.0,3.0;3.0,4.0::-15.0,0.0
-15.0
3.0,4.0;3.0,3.0::-510.0,0.0
-510.0
3.0,3.0;4.0,0.0::-3500.0,0.0
-3500.0
4.0,0.0;3.0,3.0::-49000.0,0.0
-49000.0
3.0,3.0;4.0,1.0::-1000.0,0.0
-1000.0
4.0,1.0;3.0,3.0::1000.0,0.0
1000.0
3.0,3.0;4.0,2.0::-3500.0,0.0
-3500.0
4.0,2.0;3.0,3.0::-49000.0,0.0
-49000.0
3.0,3.0;4.0,3.0::-1000.0,0.0
-1000.0
4.0,3.0;3.0,3.0::1000.0,0.0
1000.0
3.0,3.0;4.0,4.0::-1015.0,0.0
-1015.0
4.0,4.0;3.0,3.0::490.0,0.0
490.0
3.0,4.0;3.0,4.0::-525.0,0.0
-525.0
3.0,4.0;3.0,4.0::-525.0,0.0
-525.0
3.0,4.0;4.0,0.0::-2755.0,0.0
-2755.0
4.0,0.0;3.0,4.0::-50007.5,0.0
-50007.5
3.0,4.0;4.0,1.0::-255.0,0.0
-255.0
4.0,1.0;3.0,4.0::-7.5,0.0
-7.5
3.0,4.0;4.0,2.0::-2755.0,0.0
-2755.0
4.0,2.0;3.0,4.0::-50007.5,0.0
-50007.5
3.0,4.0;4.0,3.0::-255.0,0.0
-255.0
4.0,3.0;3.0,4.0::-7.5,0.0
-7.5
3.0,4.0;4.0,4.0::-270.0,0.0
-270.0
4.0,4.0;3.0,4.0::-517.5,0.0
-517.5
4.0,0.0;4.0,0.0::-262.5,0.0
-262.5
4.0,0.0;4.0,0.0::-262.5,0.0
-262.5
4.0,0.0;4.0,1.0::-262.5,0.0
-262.5
4.0,1.0;4.0,0.0::-262.5,0.0
-262.5
4.0,0.0;4.0,2.0::745.0,0.0
745.0
4.0,2.0;4.0,0.0::-1007.5,0.0
-1007.5
4.0,0.0;4.0,3.0::745.0,0.0
745.0
4.0,3.0;4.0,0.0::-1007.5,0.0
-1007.5
4.0,0.0;4.0,4.0::-262.5,0.0
-262.5
4.0,4.0;4.0,0.0::-262.5,0.0
-262.5
4.0,1.0;4.0,1.0::-262.5,0.0
-262.5
4.0,1.0;4.0,1.0::-262.5,0.0
-262.5
4.0,1.0;4.0,2.0::745.0,0.0
745.0
4.0,2.0;4.0,1.0::-1007.5,0.0
-1007.5
4.0,1.0;4.0,3.0::745.0,0.0
745.0
4.0,3.0;4.0,1.0::-1007.5,0.0
-1007.5
4.0,1.0;4.0,4.0::-262.5,0.0
-262.5
4.0,4.0;4.0,1.0::-262.5,0.0
-262.5
4.0,2.0;4.0,2.0::0.0,0.0
0.0
4.0,2.0;4.0,2.0::0.0,0.0
0.0
4.0,2.0;4.0,3.0::0.0,0.0
0.0
4.0,3.0;4.0,2.0::0.0,0.0
0.0
4.0,2.0;4.0,4.0::-1007.5,0.0
-1007.5
4.0,4.0;4.0,2.0::745.0,0.0
745.0
4.0,3.0;4.0,3.0::0.0,0.0
0.0
4.0,3.0;4.0,3.0::0.0,0.0
0.0
4.0,3.0;4.0,4.0::-1007.5,0.0
-1007.5
4.0,4.0;4.0,3.0::745.0,0.0
745.0
4.0,4.0;4.0,4.0::-262.5,0.0
-262.5
4.0,4.0;4.0,4.0::-262.5,0.0
-262.5
