0.0,4.0;0.0,4.0::-530.0,0.0
-530.0
0.0,4.0;0.0,4.0::-530.0,0.0
-530.0
0.0,4.0;1.0,0.0::-2015.0,0.0
-2015.0
1.0,0.0;0.0,4.0::-1520.0,0.0
-1520.0
0.0,4.0;1.0,1.0::-2015.0,0.0
-2015.0
1.0,1.0;0.0,4.0::-1520.0,0.0
-1520.0
0.0,4.0;1.0,2.0::485.0,0.0
485.0
1.0,2.0;0.0,4.0::-1020.0,0.0
-1020.0
0.0,4.0;1.0,3.0::485.0,0.0
485.0
1.0,3.0;0.0,4.0::-1020.0,0.0
-1020.0
0.0,4.0;1.0,4.0::460.0,0.0
460.0
1.0,4.0;0.0,4.0::-1025.0,0.0
-1025.0
0.0,4.0;2.0,0.0::-2500.0,0.0
-2500.0
2.0,0.0;0.0,4.0::-4000.0,0.0
-4000.0
0.0,4.0;2.0,1.0::-2500.0,0.0
-2500.0
2.0,1.0;0.0,4.0::-4000.0,0.0
-4000.0
0.0,4.0;2.0,2.0::0.0,0.0
0.0
2.0,2.0;0.0,4.0::-3500.0,0.0
-3500.0
0.0,4.0;2.0,3.0::0.0,0.0
0.0
2.0,3.0;0.0,4.0::-3500.0,0.0
-3500.0
0.0,4.0;2.0,4.0::-25.0,0.0
-25.0
2.0,4.0;0.0,4.0::-3505.0,0.0
-3505.0
0.0,4.0;3.0,0.0::-2015.0,0.0
-2015.0
3.0,0.0;0.0,4.0::-1520.0,0.0
-1520.0
0.0,4.0;3.0,1.0::-2015.0,0.0
-2015.0
3.0,1.0;0.0,4.0::-1520.0,0.0
-1520.0
0.0,4.0;3.0,2.0::485.0,0.0
485.0
3.0,2.0;0.0,4.0::-1020.0,0.0
-1020.0
0.0,4.0;3.0,3.0::485.0,0.0
485.0
3.0,3.0;0.0,4.0::-1020.0,0.0
-1020.0
0.0,4.0;3.0,4.0::460.0,0.0
460.0
3.0,4.0;0.0,4.0::-1025.0,0.0
-1025.0
0.0,4.0;4.0,0.0::-2007.5,0.0
-2007.5
4.0,0.0;0.0,4.0::-1510.0,0.0
-1510.0
0.0,4.0;4.0,1.0::-2007.5,0.0
-2007.5
4.0,1.0;0.0,4.0::-1510.0,0.0
-1510.0
0.0,4.0;4.0,2.0::492.5,0.0
492.5
4.0,2.0;0.0,4.0::-1010.0,0.0
-1010.0
0.0,4.0;4.0,3.0::492.5,0.0
492.5
4.0,3.0;0.0,4.0::-1010.0,0.0
-1010.0
0.0,4.0;4.0,4.0::467.5,0.0
467.5
4.0,4.0;0.0,4.0::-1015.0,0.0
-1015.0
