1.0,2.0;1.0,2.0::-1750.0,0.0
-1750.0
1.0,2.0;1.0,2.0::-1750.0,0.0
-1750.0
1.0,2.0;1.0,3.0::-750.0,0.0
-750.0
1.0,3.0;1.0,2.0::-1000.0,0.0
-1000.0
1.0,2.0;1.0,4.0::-770.0,0.0
-770.0
1.0,4.0;1.0,2.0::-1015.0,0.0
-1015.0
1.0,2.0;2.0,0.0::-2750.0,0.0
-2750.0
2.0,0.0;1.0,2.0::-2500.0,0.0
-2500.0
1.0,2.0;2.0,1.0::-1750.0,0.0
-1750.0
2.0,1.0;1.0,2.0::-1750.0,0.0
-1750.0
1.0,2.0;2.0,2.0::-1750.0,0.0
-1750.0
2.0,2.0;1.0,2.0::-1750.0,0.0
-1750.0
1.0,2.0;2.0,3.0::-750.0,0.0
-750.0
2.0,3.0;1.0,2.0::-1000.0,0.0
-1000.0
1.0,2.0;2.0,4.0::-770.0,0.0
-770.0
2.0,4.0;1.0,2.0::-1015.0,0.0
-1015.0
1.0,2.0;3.0,0.0::-2500.0,0.0
-2500.0
3.0,0.0;1.0,2.0::-4000.0,0.0
-4000.0
1.0,2.0;3.0,1.0::-1500.0,0.0
-1500.0
3.0,1.0;1.0,2.0::-3250.0,0.0
-3250.0
1.0,2.0;3.0,2.0::-1500.0,0.0
-1500.0
3.0,2.0;1.0,2.0::-3250.0,0.0
-3250.0
1.0,2.0;3.0,3.0::-500.0,0.0
-500.0
3.0,3.0;1.0,2.0::-2500.0,0.0
-2500.0
1.0,2.0;3.0,4.0::-520.0,0.0
-520.0
3.0,4.0;1.0,2.0::-2515.0,0.0
-2515.0
1.0,2.0;4.0,0.0::-3000.0,0.0
-3000.0
4.0,0.0;1.0,2.0::-1000.0,0.0
-1000.0
1.0,2.0;4.0,1.0::-2000.0,0.0
-2000.0
4.0,1.0;1.0,2.0::-250.0,0.0
-250.0
1.0,2.0;4.0,2.0::-2000.0,0.0
-2000.0
4.0,2.0;1.0,2.0::-250.0,0.0
-250.0
1.0,2.0;4.0,3.0::-1000.0,0.0
-1000.0
4.0,3.0;1.0,2.0::500.0,0.0
500.0
1.0,2.0;4.0,4.0::-1020.0,0.0
-1020.0
4.0,4.0;1.0,2.0::485.0,0.0
485.0
