0.0,0.0;0.0,0.0::-3500.0,0.0
-3500.0
0.0,0.0;0.0,0.0::-3500.0,0.0
-3500.0
0.0,0.0;0.0,1.0::-3500.0,0.0
-3500.0
0.0,1.0;0.0,0.0::-3500.0,0.0
-3500.0
0.0,0.0;0.0,2.0::-1000.0,0.0
-1000.0
0.0,2.0;0.0,0.0::-3000.0,0.0
-3000.0
0.0,0.0;0.0,3.0::-1000.0,0.0
-1000.0
0.0,3.0;0.0,0.0::-3000.0,0.0
-3000.0
0.0,0.0;0.0,4.0::-1025.0,0.0
-1025.0
0.0,4.0;0.0,0.0::-3005.0,0.0
-3005.0
0.0,0.0;1.0,0.0::-3500.0,0.0
-3500.0
1.0,0.0;0.0,0.0::-3500.0,0.0
-3500.0
0.0,0.0;1.0,1.0::-3500.0,0.0
-3500.0
1.0,1.0;0.0,0.0::-3500.0,0.0
-3500.0
0.0,0.0;1.0,2.0::-1000.0,0.0
-1000.0
1.0,2.0;0.0,0.0::-3000.0,0.0
-3000.0
0.0,0.0;1.0,3.0::-1000.0,0.0
-1000.0
1.0,3.0;0.0,0.0::-3000.0,0.0
-3000.0
0.0,0.0;1.0,4.0::-1025.0,0.0
-1025.0
1.0,4.0;0.0,0.0::-3005.0,0.0
-3005.0
0.0,0.0;2.0,0.0::-2500.0,0.0
-2500.0
2.0,0.0;0.0,0.0::-4000.0,0.0
-4000.0
0.0,0.0;2.0,1.0::-2500.0,0.0
-2500.0
2.0,1.0;0.0,0.0::-4000.0,0.0
-4000.0
0.0,0.0;2.0,2.0::0.0,0.0
0.0
2.0,2.0;0.0,0.0::-3500.0,0.0
-3500.0
0.0,0.0;2.0,3.0::0.0,0.0
0.0
2.0,3.0;0.0,0.0::-3500.0,0.0
-3500.0
0.0,0.0;2.0,4.0::-25.0,0.0
-25.0
2.0,4.0;0.0,0.0::-3505.0,0.0
-3505.0
0.0,0.0;3.0,0.0::-2500.0,0.0
-2500.0
3.0,0.0;0.0,0.0::-4000.0,0.0
-4000.0
0.0,0.0;3.0,1.0::-2500.0,0.0
-2500.0
3.0,1.0;0.0,0.0::-4000.0,0.0
-4000.0
0.0,0.0;3.0,2.0::0.0,0.0
0.0
3.0,2.0;0.0,0.0::-3500.0,0.0
-3500.0
0.0,0.0;3.0,3.0::0.0,0.0
0.0
3.0,3.0;0.0,0.0::-3500.0,0.0
-3500.0
0.0,0.0;3.0,4.0::-25.0,0.0
-25.0
3.0,4.0;0.0,0.0::-3505.0,0.0
-3505.0
0.0,0.0;4.0,0.0::-2007.5,0.0
-2007.5
4.0,0.0;0.0,0.0::-1510.0,0.0
-1510.0
0.0,0.0;4.0,1.0::-2007.5,0.0
-2007.5
4.0,1.0;0.0,0.0::-1510.0,0.0
-1510.0
0.0,0.0;4.0,2.0::492.5,0.0
492.5
4.0,2.0;0.0,0.0::-1010.0,0.0
-1010.0
0.0,0.0;4.0,3.0::492.5,0.0
492.5
4.0,3.0;0.0,0.0::-1010.0,0.0
-1010.0
0.0,0.0;4.0,4.0::467.5,0.0
467.5
4.0,4.0;0.0,0.0::-1015.0,0.0
-1015.0
0.0,1.0;0.0,1.0::-3500.0,0.0
-3500.0
0.0,1.0;0.0,1.0::-3500.0,0.0
-3500.0
0.0,1.0;0.0,2.0::-1000.0,0.0
-1000.0
0.0,2.0;0.0,1.0::-3000.0,0.0
-3000.0
0.0,1.0;0.0,3.0::-1000.0,0.0
-1000.0
0.0,3.0;0.0,1.0::-3000.0,0.0
-3000.0
0.0,1.0;0.0,4.0::-1025.0,0.0
-1025.0
0.0,4.0;0.0,1.0::-3005.0,0.0
-3005.0
0.0,1.0;1.0,0.0::-2750.0,0.0
-2750.0
1.0,0.0;0.0,1.0::-2500.0,0.0
-2500.0
0.0,1.0;1.0,1.0::-2750.0,0.0
-2750.0
1.0,1.0;0.0,1.0::-2500.0,0.0
-2500.0
0.0,1.0;1.0,2.0::-250.0,0.0
-250.0
1.0,2.0;0.0,1.0::-2000.0,0.0
-2000.0
0.0,1.0;1.0,3.0::-250.0,0.0
-250.0
1.0,3.0;0.0,1.0::-2000.0,0.0
-2000.0
0.0,1.0;1.0,4.0::-275.0,0.0
-275.0
1.0,4.0;0.0,1.0::-2005.0,0.0
-2005.0
0.0,1.0;2.0,0.0::-2750.0,0.0
-2750.0
2.0,0.0;0.0,1.0::-2500.0,0.0
-2500.0
0.0,1.0;2.0,1.0::-2750.0,0.0
-2750.0
2.0,1.0;0.0,1.0::-2500.0,0.0
-2500.0
0.0,1.0;2.0,2.0::-250.0,0.0
-250.0
2.0,2.0;0.0,1.0::-2000.0,0.0
-2000.0
0.0,1.0;2.0,3.0::-250.0,0.0
-250.0
2.0,3.0;0.0,1.0::-2000.0,0.0
-2000.0
0.0,1.0;2.0,4.0::-275.0,0.0
-275.0
2.0,4.0;0.0,1.0::-2005.0,0.0
-2005.0
0.0,1.0;3.0,0.0::-2000.0,0.0
-2000.0
3.0,0.0;0.0,1.0::-1500.0,0.0
-1500.0
0.0,1.0;3.0,1.0::-2000.0,0.0
-2000.0
3.0,1.0;0.0,1.0::-1500.0,0.0
-1500.0
0.0,1.0;3.0,2.0::500.0,0.0
500.0
3.0,2.0;0.0,1.0::-1000.0,0.0
-1000.0
0.0,1.0;3.0,3.0::500.0,0.0
500.0
3.0,3.0;0.0,1.0::-1000.0,0.0
-1000.0
0.0,1.0;3.0,4.0::475.0,0.0
475.0
3.0,4.0;0.0,1.0::-1005.0,0.0
-1005.0
0.0,1.0;4.0,0.0::-2007.5,0.0
-2007.5
4.0,0.0;0.0,1.0::-1510.0,0.0
-1510.0
0.0,1.0;4.0,1.0::-2007.5,0.0
-2007.5
4.0,1.0;0.0,1.0::-1510.0,0.0
-1510.0
0.0,1.0;4.0,2.0::492.5,0.0
492.5
4.0,2.0;0.0,1.0::-1010.0,0.0
-1010.0
0.0,1.0;4.0,3.0::492.5,0.0
492.5
4.0,3.0;0.0,1.0::-1010.0,0.0
-1010.0
0.0,1.0;4.0,4.0::467.5,0.0
467.5
4.0,4.0;0.0,1.0::-1015.0,0.0
-1015.0
0.0,2.0;0.0,2.0::-500.0,0.0
-500.0
0.0,2.0;0.0,2.0::-500.0,0.0
-500.0
0.0,2.0;0.0,3.0::-500.0,0.0
-500.0
0.0,3.0;0.0,2.0::-500.0,0.0
-500.0
0.0,2.0;0.0,4.0::-525.0,0.0
-525.0
0.0,4.0;0.0,2.0::-505.0,0.0
-505.0
0.0,2.0;1.0,0.0::-2750.0,0.0
-2750.0
1.0,0.0;0.0,2.0::-2500.0,0.0
-2500.0
0.0,2.0;1.0,1.0::-2750.0,0.0
-2750.0
1.0,1.0;0.0,2.0::-2500.0,0.0
-2500.0
0.0,2.0;1.0,2.0::-250.0,0.0
-250.0
1.0,2.0;0.0,2.0::-2000.0,0.0
-2000.0
0.0,2.0;1.0,3.0::-250.0,0.0
-250.0
1.0,3.0;0.0,2.0::-2000.0,0.0
-2000.0
0.0,2.0;1.0,4.0::-275.0,0.0
-275.0
1.0,4.0;0.0,2.0::-2005.0,0.0
-2005.0
0.0,2.0;2.0,0.0::-2750.0,0.0
-2750.0
2.0,0.0;0.0,2.0::-2500.0,0.0
-2500.0
0.0,2.0;2.0,1.0::-2750.0,0.0
-2750.0
2.0,1.0;0.0,2.0::-2500.0,0.0
-2500.0
0.0,2.0;2.0,2.0::-250.0,0.0
-250.0
2.0,2.0;0.0,2.0::-2000.0,0.0
-2000.0
0.0,2.0;2.0,3.0::-250.0,0.0
-250.0
2.0,3.0;0.0,2.0::-2000.0,0.0
-2000.0
0.0,2.0;2.0,4.0::-275.0,0.0
-275.0
2.0,4.0;0.0,2.0::-2005.0,0.0
-2005.0
0.0,2.0;3.0,0.0::-2500.0,0.0
-2500.0
3.0,0.0;0.0,2.0::-4000.0,0.0
-4000.0
0.0,2.0;3.0,1.0::-2500.0,0.0
-2500.0
3.0,1.0;0.0,2.0::-4000.0,0.0
-4000.0
0.0,2.0;3.0,2.0::0.0,0.0
0.0
3.0,2.0;0.0,2.0::-3500.0,0.0
-3500.0
0.0,2.0;3.0,3.0::0.0,0.0
0.0
3.0,3.0;0.0,2.0::-3500.0,0.0
-3500.0
0.0,2.0;3.0,4.0::-25.0,0.0
-25.0
3.0,4.0;0.0,2.0::-3505.0,0.0
-3505.0
0.0,2.0;4.0,0.0::-3000.0,0.0
-3000.0
4.0,0.0;0.0,2.0::-1000.0,0.0
-1000.0
0.0,2.0;4.0,1.0::-3000.0,0.0
-3000.0
4.0,1.0;0.0,2.0::-1000.0,0.0
-1000.0
0.0,2.0;4.0,2.0::-500.0,0.0
-500.0
4.0,2.0;0.0,2.0::-500.0,0.0
-500.0
0.0,2.0;4.0,3.0::-500.0,0.0
-500.0
4.0,3.0;0.0,2.0::-500.0,0.0
-500.0
0.0,2.0;4.0,4.0::-525.0,0.0
-525.0
4.0,4.0;0.0,2.0::-505.0,0.0
-505.0
0.0,3.0;0.0,3.0::-500.0,0.0
-500.0
0.0,3.0;0.0,3.0::-500.0,0.0
-500.0
0.0,3.0;0.0,4.0::-525.0,0.0
-525.0
0.0,4.0;0.0,3.0::-505.0,0.0
-505.0
0.0,3.0;1.0,0.0::-2000.0,0.0
-2000.0
1.0,0.0;0.0,3.0::-1500.0,0.0
-1500.0
0.0,3.0;1.0,1.0::-2000.0,0.0
-2000.0
1.0,1.0;0.0,3.0::-1500.0,0.0
-1500.0
0.0,3.0;1.0,2.0::500.0,0.0
500.0
1.0,2.0;0.0,3.0::-1000.0,0.0
-1000.0
0.0,3.0;1.0,3.0::500.0,0.0
500.0
1.0,3.0;0.0,3.0::-1000.0,0.0
-1000.0
0.0,3.0;1.0,4.0::475.0,0.0
475.0
1.0,4.0;0.0,3.0::-1005.0,0.0
-1005.0
0.0,3.0;2.0,0.0::-3000.0,0.0
-3000.0
2.0,0.0;0.0,3.0::-1000.0,0.0
-1000.0
0.0,3.0;2.0,1.0::-3000.0,0.0
-3000.0
2.0,1.0;0.0,3.0::-1000.0,0.0
-1000.0
0.0,3.0;2.0,2.0::-500.0,0.0
-500.0
2.0,2.0;0.0,3.0::-500.0,0.0
-500.0
0.0,3.0;2.0,3.0::-500.0,0.0
-500.0
2.0,3.0;0.0,3.0::-500.0,0.0
-500.0
0.0,3.0;2.0,4.0::-525.0,0.0
-525.0
2.0,4.0;0.0,3.0::-505.0,0.0
-505.0
0.0,3.0;3.0,0.0::-2000.0,0.0
-2000.0
3.0,0.0;0.0,3.0::-1500.0,0.0
-1500.0
0.0,3.0;3.0,1.0::-2000.0,0.0
-2000.0
3.0,1.0;0.0,3.0::-1500.0,0.0
-1500.0
0.0,3.0;3.0,2.0::500.0,0.0
500.0
3.0,2.0;0.0,3.0::-1000.0,0.0
-1000.0
0.0,3.0;3.0,3.0::500.0,0.0
500.0
3.0,3.0;0.0,3.0::-1000.0,0.0
-1000.0
0.0,3.0;3.0,4.0::475.0,0.0
475.0
3.0,4.0;0.0,3.0::-1005.0,0.0
-1005.0
0.0,3.0;4.0,0.0::-3000.0,0.0
-3000.0
4.0,0.0;0.0,3.0::-1000.0,0.0
-1000.0
0.0,3.0;4.0,1.0::-3000.0,0.0
-3000.0
4.0,1.0;0.0,3.0::-1000.0,0.0
-1000.0
0.0,3.0;4.0,2.0::-500.0,0.0
-500.0
4.0,2.0;0.0,3.0::-500.0,0.0
-500.0
0.0,3.0;4.0,3.0::-500.0,0.0
-500.0
4.0,3.0;0.0,3.0::-500.0,0.0
-500.0
0.0,3.0;4.0,4.0::-525.0,0.0
-525.0
4.0,4.0;0.0,3.0::-505.0,0.0
-505.0
0.0,4.0;0.0,4.0::-530.0,0.0
-530.0
0.0,4.0;0.0,4.0::-530.0,0.0
-530.0
0.0,4.0;1.0,0.0::-2015.0,0.0
-2015.0
1.0,0.0;0.0,4.0::-1520.0,0.0
-1520.0
0.0,4.0;1.0,1.0::-2015.0,0.0
-2015.0
1.0,1.0;0.0,4.0::-1520.0,0.0
-1520.0
0.0,4.0;1.0,2.0::485.0,0.0
485.0
1.0,2.0;0.0,4.0::-1020.0,0.0
-1020.0
0.0,4.0;1.0,3.0::485.0,0.0
485.0
1.0,3.0;0.0,4.0::-1020.0,0.0
-1020.0
0.0,4.0;1.0,4.0::460.0,0.0
460.0
1.0,4.0;0.0,4.0::-1025.0,0.0
-1025.0
0.0,4.0;2.0,0.0::-2500.0,0.0
-2500.0
2.0,0.0;0.0,4.0::-4000.0,0.0
-4000.0
0.0,4.0;2.0,1.0::-2500.0,0.0
-2500.0
2.0,1.0;0.0,4.0::-4000.0,0.0
-4000.0
0.0,4.0;2.0,2.0::0.0,0.0
0.0
2.0,2.0;0.0,4.0::-3500.0,0.0
-3500.0
0.0,4.0;2.0,3.0::0.0,0.0
0.0
2.0,3.0;0.0,4.0::-3500.0,0.0
-3500.0
0.0,4.0;2.0,4.0::-25.0,0.0
-25.0
2.0,4.0;0.0,4.0::-3505.0,0.0
-3505.0
0.0,4.0;3.0,0.0::-2015.0,0.0
-2015.0
3.0,0.0;0.0,4.0::-1520.0,0.0
-1520.0
0.0,4.0;3.0,1.0::-2015.0,0.0
-2015.0
3.0,1.0;0.0,4.0::-1520.0,0.0
-1520.0
0.0,4.0;3.0,2.0::485.0,0.0
485.0
3.0,2.0;0.0,4.0::-1020.0,0.0
-1020.0
0.0,4.0;3.0,3.0::485.0,0.0
485.0
3.0,3.0;0.0,4.0::-1020.0,0.0
-1020.0
0.0,4.0;3.0,4.0::460.0,0.0
460.0
3.0,4.0;0.0,4.0::-1025.0,0.0
-1025.0
0.0,4.0;4.0,0.0::-2007.5,0.0
-2007.5
4.0,0.0;0.0,4.0::-1510.0,0.0
-1510.0
0.0,4.0;4.0,1.0::-2007.5,0.0
-2007.5
4.0,1.0;0.0,4.0::-1510.0,0.0
-1510.0
0.0,4.0;4.0,2.0::492.5,0.0
492.5
4.0,2.0;0.0,4.0::-1010.0,0.0
-1010.0
0.0,4.0;4.0,3.0::492.5,0.0
492.5
4.0,3.0;0.0,4.0::-1010.0,0.0
-1010.0
0.0,4.0;4.0,4.0::467.5,0.0
467.5
4.0,4.0;0.0,4.0::-1015.0,0.0
-1015.0
1.0,0.0;1.0,0.0::-3500.0,0.0
-3500.0
1.0,0.0;1.0,0.0::-3500.0,0.0
-3500.0
1.0,0.0;1.0,1.0::-2500.0,0.0
-2500.0
1.0,1.0;1.0,0.0::-2750.0,0.0
-2750.0
1.0,0.0;1.0,2.0::-2500.0,0.0
-2500.0
1.0,2.0;1.0,0.0::-2750.0,0.0
-2750.0
1.0,0.0;1.0,3.0::-1500.0,0.0
-1500.0
1.0,3.0;1.0,0.0::-2000.0,0.0
-2000.0
1.0,0.0;1.0,4.0::-1520.0,0.0
-1520.0
1.0,4.0;1.0,0.0::-2015.0,0.0
-2015.0
1.0,0.0;2.0,0.0::-2500.0,0.0
-2500.0
2.0,0.0;1.0,0.0::-4000.0,0.0
-4000.0
1.0,0.0;2.0,1.0::-1500.0,0.0
-1500.0
2.0,1.0;1.0,0.0::-3250.0,0.0
-3250.0
1.0,0.0;2.0,2.0::-1500.0,0.0
-1500.0
2.0,2.0;1.0,0.0::-3250.0,0.0
-3250.0
1.0,0.0;2.0,3.0::-500.0,0.0
-500.0
2.0,3.0;1.0,0.0::-2500.0,0.0
-2500.0
1.0,0.0;2.0,4.0::-520.0,0.0
-520.0
2.0,4.0;1.0,0.0::-2515.0,0.0
-2515.0
1.0,0.0;3.0,0.0::-2500.0,0.0
-2500.0
3.0,0.0;1.0,0.0::-4000.0,0.0
-4000.0
1.0,0.0;3.0,1.0::-1500.0,0.0
-1500.0
3.0,1.0;1.0,0.0::-3250.0,0.0
-3250.0
1.0,0.0;3.0,2.0::-1500.0,0.0
-1500.0
3.0,2.0;1.0,0.0::-3250.0,0.0
-3250.0
1.0,0.0;3.0,3.0::-500.0,0.0
-500.0
3.0,3.0;1.0,0.0::-2500.0,0.0
-2500.0
1.0,0.0;3.0,4.0::-520.0,0.0
-520.0
3.0,4.0;1.0,0.0::-2515.0,0.0
-2515.0
1.0,0.0;4.0,0.0::-2007.5,0.0
-2007.5
4.0,0.0;1.0,0.0::-1510.0,0.0
-1510.0
1.0,0.0;4.0,1.0::-1007.5,0.0
-1007.5
4.0,1.0;1.0,0.0::-760.0,0.0
-760.0
1.0,0.0;4.0,2.0::-1007.5,0.0
-1007.5
4.0,2.0;1.0,0.0::-760.0,0.0
-760.0
1.0,0.0;4.0,3.0::-7.5,0.0
-7.5
4.0,3.0;1.0,0.0::-10.0,0.0
-10.0
1.0,0.0;4.0,4.0::-27.5,0.0
-27.5
4.0,4.0;1.0,0.0::-25.0,0.0
-25.0
1.0,1.0;1.0,1.0::-1750.0,0.0
-1750.0
1.0,1.0;1.0,1.0::-1750.0,0.0
-1750.0
1.0,1.0;1.0,2.0::-1750.0,0.0
-1750.0
1.0,2.0;1.0,1.0::-1750.0,0.0
-1750.0
1.0,1.0;1.0,3.0::-750.0,0.0
-750.0
1.0,3.0;1.0,1.0::-1000.0,0.0
-1000.0
1.0,1.0;1.0,4.0::-770.0,0.0
-770.0
1.0,4.0;1.0,1.0::-1015.0,0.0
-1015.0
1.0,1.0;2.0,0.0::-2750.0,0.0
-2750.0
2.0,0.0;1.0,1.0::-2500.0,0.0
-2500.0
1.0,1.0;2.0,1.0::-1750.0,0.0
-1750.0
2.0,1.0;1.0,1.0::-1750.0,0.0
-1750.0
1.0,1.0;2.0,2.0::-1750.0,0.0
-1750.0
2.0,2.0;1.0,1.0::-1750.0,0.0
-1750.0
1.0,1.0;2.0,3.0::-750.0,0.0
-750.0
2.0,3.0;1.0,1.0::-1000.0,0.0
-1000.0
1.0,1.0;2.0,4.0::-770.0,0.0
-770.0
2.0,4.0;1.0,1.0::-1015.0,0.0
-1015.0
1.0,1.0;3.0,0.0::-2000.0,0.0
-2000.0
3.0,0.0;1.0,1.0::-1500.0,0.0
-1500.0
1.0,1.0;3.0,1.0::-1000.0,0.0
-1000.0
3.0,1.0;1.0,1.0::-750.0,0.0
-750.0
1.0,1.0;3.0,2.0::-1000.0,0.0
-1000.0
3.0,2.0;1.0,1.0::-750.0,0.0
-750.0
1.0,1.0;3.0,3.0::0.0,0.0
0.0
3.0,3.0;1.0,1.0::0.0,0.0
0.0
1.0,1.0;3.0,4.0::-20.0,0.0
-20.0
3.0,4.0;1.0,1.0::-15.0,0.0
-15.0
1.0,1.0;4.0,0.0::-2007.5,0.0
-2007.5
4.0,0.0;1.0,1.0::-1510.0,0.0
-1510.0
1.0,1.0;4.0,1.0::-1007.5,0.0
-1007.5
4.0,1.0;1.0,1.0::-760.0,0.0
-760.0
1.0,1.0;4.0,2.0::-1007.5,0.0
-1007.5
4.0,2.0;1.0,1.0::-760.0,0.0
-760.0
1.0,1.0;4.0,3.0::-7.5,0.0
-7.5
4.0,3.0;1.0,1.0::-10.0,0.0
-10.0
1.0,1.0;4.0,4.0::-27.5,0.0
-27.5
4.0,4.0;1.0,1.0::-25.0,0.0
-25.0
1.0,2.0;1.0,2.0::-1750.0,0.0
-1750.0
1.0,2.0;1.0,2.0::-1750.0,0.0
-1750.0
1.0,2.0;1.0,3.0::-750.0,0.0
-750.0
1.0,3.0;1.0,2.0::-1000.0,0.0
-1000.0
1.0,2.0;1.0,4.0::-770.0,0.0
-770.0
1.0,4.0;1.0,2.0::-1015.0,0.0
-1015.0
1.0,2.0;2.0,0.0::-2750.0,0.0
-2750.0
2.0,0.0;1.0,2.0::-2500.0,0.0
-2500.0
1.0,2.0;2.0,1.0::-1750.0,0.0
-1750.0
2.0,1.0;1.0,2.0::-1750.0,0.0
-1750.0
1.0,2.0;2.0,2.0::-1750.0,0.0
-1750.0
2.0,2.0;1.0,2.0::-1750.0,0.0
-1750.0
1.0,2.0;2.0,3.0::-750.0,0.0
-750.0
2.0,3.0;1.0,2.0::-1000.0,0.0
-1000.0
1.0,2.0;2.0,4.0::-770.0,0.0
-770.0
2.0,4.0;1.0,2.0::-1015.0,0.0
-1015.0
1.0,2.0;3.0,0.0::-2500.0,0.0
-2500.0
3.0,0.0;1.0,2.0::-4000.0,0.0
-4000.0
1.0,2.0;3.0,1.0::-1500.0,0.0
-1500.0
3.0,1.0;1.0,2.0::-3250.0,0.0
-3250.0
1.0,2.0;3.0,2.0::-1500.0,0.0
-1500.0
3.0,2.0;1.0,2.0::-3250.0,0.0
-3250.0
1.0,2.0;3.0,3.0::-500.0,0.0
-500.0
3.0,3.0;1.0,2.0::-2500.0,0.0
-2500.0
1.0,2.0;3.0,4.0::-520.0,0.0
-520.0
3.0,4.0;1.0,2.0::-2515.0,0.0
-2515.0
1.0,2.0;4.0,0.0::-3000.0,0.0
-3000.0
4.0,0.0;1.0,2.0::-1000.0,0.0
-1000.0
1.0,2.0;4.0,1.0::-2000.0,0.0
-2000.0
4.0,1.0;1.0,2.0::-250.0,0.0
-250.0
1.0,2.0;4.0,2.0::-2000.0,0.0
-2000.0
4.0,2.0;1.0,2.0::-250.0,0.0
-250.0
1.0,2.0;4.0,3.0::-1000.0,0.0
-1000.0
4.0,3.0;1.0,2.0::500.0,0.0
500.0
1.0,2.0;4.0,4.0::-1020.0,0.0
-1020.0
4.0,4.0;1.0,2.0::485.0,0.0
485.0
1.0,3.0;1.0,3.0::0.0,0.0
0.0
1.0,3.0;1.0,3.0::0.0,0.0
0.0
1.0,3.0;1.0,4.0::-20.0,0.0
-20.0
1.0,4.0;1.0,3.0::-15.0,0.0
-15.0
1.0,3.0;2.0,0.0::-3000.0,0.0
-3000.0
2.0,0.0;1.0,3.0::-1000.0,0.0
-1000.0
1.0,3.0;2.0,1.0::-2000.0,0.0
-2000.0
2.0,1.0;1.0,3.0::-250.0,0.0
-250.0
1.0,3.0;2.0,2.0::-2000.0,0.0
-2000.0
2.0,2.0;1.0,3.0::-250.0,0.0
-250.0
1.0,3.0;2.0,3.0::-1000.0,0.0
-1000.0
2.0,3.0;1.0,3.0::500.0,0.0
500.0
1.0,3.0;2.0,4.0::-1020.0,0.0
-1020.0
2.0,4.0;1.0,3.0::485.0,0.0
485.0
1.0,3.0;3.0,0.0::-2000.0,0.0
-2000.0
3.0,0.0;1.0,3.0::-1500.0,0.0
-1500.0
1.0,3.0;3.0,1.0::-1000.0,0.0
-1000.0
3.0,1.0;1.0,3.0::-750.0,0.0
-750.0
1.0,3.0;3.0,2.0::-1000.0,0.0
-1000.0
3.0,2.0;1.0,3.0::-750.0,0.0
-750.0
1.0,3.0;3.0,3.0::0.0,0.0
0.0
3.0,3.0;1.0,3.0::0.0,0.0
0.0
1.0,3.0;3.0,4.0::-20.0,0.0
-20.0
3.0,4.0;1.0,3.0::-15.0,0.0
-15.0
1.0,3.0;4.0,0.0::-3000.0,0.0
-3000.0
4.0,0.0;1.0,3.0::-1000.0,0.0
-1000.0
1.0,3.0;4.0,1.0::-2000.0,0.0
-2000.0
4.0,1.0;1.0,3.0::-250.0,0.0
-250.0
1.0,3.0;4.0,2.0::-2000.0,0.0
-2000.0
4.0,2.0;1.0,3.0::-250.0,0.0
-250.0
1.0,3.0;4.0,3.0::-1000.0,0.0
-1000.0
4.0,3.0;1.0,3.0::500.0,0.0
500.0
1.0,3.0;4.0,4.0::-1020.0,0.0
-1020.0
4.0,4.0;1.0,3.0::485.0,0.0
485.0
1.0,4.0;1.0,4.0::-35.0,0.0
-35.0
1.0,4.0;1.0,4.0::-35.0,0.0
-35.0
1.0,4.0;2.0,0.0::-2500.0,0.0
-2500.0
2.0,0.0;1.0,4.0::-4000.0,0.0
-4000.0
1.0,4.0;2.0,1.0::-1500.0,0.0
-1500.0
2.0,1.0;1.0,4.0::-3250.0,0.0
-3250.0
1.0,4.0;2.0,2.0::-1500.0,0.0
-1500.0
2.0,2.0;1.0,4.0::-3250.0,0.0
-3250.0
1.0,4.0;2.0,3.0::-500.0,0.0
-500.0
2.0,3.0;1.0,4.0::-2500.0,0.0
-2500.0
1.0,4.0;2.0,4.0::-520.0,0.0
-520.0
2.0,4.0;1.0,4.0::-2515.0,0.0
-2515.0
1.0,4.0;3.0,0.0::-2015.0,0.0
-2015.0
3.0,0.0;1.0,4.0::-1520.0,0.0
-1520.0
1.0,4.0;3.0,1.0::-1015.0,0.0
-1015.0
3.0,1.0;1.0,4.0::-770.0,0.0
-770.0
1.0,4.0;3.0,2.0::-1015.0,0.0
-1015.0
3.0,2.0;1.0,4.0::-770.0,0.0
-770.0
1.0,4.0;3.0,3.0::-15.0,0.0
-15.0
3.0,3.0;1.0,4.0::-20.0,0.0
-20.0
1.0,4.0;3.0,4.0::-35.0,0.0
-35.0
3.0,4.0;1.0,4.0::-35.0,0.0
-35.0
1.0,4.0;4.0,0.0::-2007.5,0.0
-2007.5
4.0,0.0;1.0,4.0::-1510.0,0.0
-1510.0
1.0,4.0;4.0,1.0::-1007.5,0.0
-1007.5
4.0,1.0;1.0,4.0::-760.0,0.0
-760.0
1.0,4.0;4.0,2.0::-1007.5,0.0
-1007.5
4.0,2.0;1.0,4.0::-760.0,0.0
-760.0
1.0,4.0;4.0,3.0::-7.5,0.0
-7.5
4.0,3.0;1.0,4.0::-10.0,0.0
-10.0
1.0,4.0;4.0,4.0::-27.5,0.0
-27.5
4.0,4.0;1.0,4.0::-25.0,0.0
-25.0
2.0,0.0;2.0,0.0::-3000.0,0.0
-3000.0
2.0,0.0;2.0,0.0::-3000.0,0.0
-3000.0
2.0,0.0;2.0,1.0::-1500.0,0.0
-1500.0
2.0,1.0;2.0,0.0::-3250.0,0.0
-3250.0
2.0,0.0;2.0,2.0::-1500.0,0.0
-1500.0
2.0,2.0;2.0,0.0::-3250.0,0.0
-3250.0
2.0,0.0;2.0,3.0::0.0,0.0
0.0
2.0,3.0;2.0,0.0::-3500.0,0.0
-3500.0
2.0,0.0;2.0,4.0::-3000.0,0.0
-3000.0
2.0,4.0;2.0,0.0::-3000.0,0.0
-3000.0
2.0,0.0;3.0,0.0::-3000.0,0.0
-3000.0
3.0,0.0;2.0,0.0::-3000.0,0.0
-3000.0
2.0,0.0;3.0,1.0::-1500.0,0.0
-1500.0
3.0,1.0;2.0,0.0::-3250.0,0.0
-3250.0
2.0,0.0;3.0,2.0::-1500.0,0.0
-1500.0
3.0,2.0;2.0,0.0::-3250.0,0.0
-3250.0
2.0,0.0;3.0,3.0::0.0,0.0
0.0
3.0,3.0;2.0,0.0::-3500.0,0.0
-3500.0
2.0,0.0;3.0,4.0::-3000.0,0.0
-3000.0
3.0,4.0;2.0,0.0::-3000.0,0.0
-3000.0
2.0,0.0;4.0,0.0::-2507.5,0.0
-2507.5
4.0,0.0;2.0,0.0::-510.0,0.0
-510.0
2.0,0.0;4.0,1.0::-1007.5,0.0
-1007.5
4.0,1.0;2.0,0.0::-760.0,0.0
-760.0
2.0,0.0;4.0,2.0::-1007.5,0.0
-1007.5
4.0,2.0;2.0,0.0::-760.0,0.0
-760.0
2.0,0.0;4.0,3.0::492.5,0.0
492.5
4.0,3.0;2.0,0.0::-1010.0,0.0
-1010.0
2.0,0.0;4.0,4.0::-2507.5,0.0
-2507.5
4.0,4.0;2.0,0.0::-510.0,0.0
-510.0
2.0,1.0;2.0,1.0::-1750.0,0.0
-1750.0
2.0,1.0;2.0,1.0::-1750.0,0.0
-1750.0
2.0,1.0;2.0,2.0::-1750.0,0.0
-1750.0
2.0,2.0;2.0,1.0::-1750.0,0.0
-1750.0
2.0,1.0;2.0,3.0::-250.0,0.0
-250.0
2.0,3.0;2.0,1.0::-2000.0,0.0
-2000.0
2.0,1.0;2.0,4.0::-3250.0,0.0
-3250.0
2.0,4.0;2.0,1.0::-1500.0,0.0
-1500.0
2.0,1.0;3.0,0.0::-2500.0,0.0
-2500.0
3.0,0.0;2.0,1.0::-500.0,0.0
-500.0
2.0,1.0;3.0,1.0::-1000.0,0.0
-1000.0
3.0,1.0;2.0,1.0::-750.0,0.0
-750.0
2.0,1.0;3.0,2.0::-1000.0,0.0
-1000.0
3.0,2.0;2.0,1.0::-750.0,0.0
-750.0
2.0,1.0;3.0,3.0::500.0,0.0
500.0
3.0,3.0;2.0,1.0::-1000.0,0.0
-1000.0
2.0,1.0;3.0,4.0::-2500.0,0.0
-2500.0
3.0,4.0;2.0,1.0::-500.0,0.0
-500.0
2.0,1.0;4.0,0.0::-2507.5,0.0
-2507.5
4.0,0.0;2.0,1.0::-510.0,0.0
-510.0
2.0,1.0;4.0,1.0::-1007.5,0.0
-1007.5
4.0,1.0;2.0,1.0::-760.0,0.0
-760.0
2.0,1.0;4.0,2.0::-1007.5,0.0
-1007.5
4.0,2.0;2.0,1.0::-760.0,0.0
-760.0
2.0,1.0;4.0,3.0::492.5,0.0
492.5
4.0,3.0;2.0,1.0::-1010.0,0.0
-1010.0
2.0,1.0;4.0,4.0::-2507.5,0.0
-2507.5
4.0,4.0;2.0,1.0::-510.0,0.0
-510.0
2.0,2.0;2.0,2.0::-1750.0,0.0
-1750.0
2.0,2.0;2.0,2.0::-1750.0,0.0
-1750.0
2.0,2.0;2.0,3.0::-250.0,0.0
-250.0
2.0,3.0;2.0,2.0::-2000.0,0.0
-2000.0
2.0,2.0;2.0,4.0::-3250.0,0.0
-3250.0
2.0,4.0;2.0,2.0::-1500.0,0.0
-1500.0
2.0,2.0;3.0,0.0::-3000.0,0.0
-3000.0
3.0,0.0;2.0,2.0::-3000.0,0.0
-3000.0
2.0,2.0;3.0,1.0::-1500.0,0.0
-1500.0
3.0,1.0;2.0,2.0::-3250.0,0.0
-3250.0
2.0,2.0;3.0,2.0::-1500.0,0.0
-1500.0
3.0,2.0;2.0,2.0::-3250.0,0.0
-3250.0
2.0,2.0;3.0,3.0::0.0,0.0
0.0
3.0,3.0;2.0,2.0::-3500.0,0.0
-3500.0
2.0,2.0;3.0,4.0::-3000.0,0.0
-3000.0
3.0,4.0;2.0,2.0::-3000.0,0.0
-3000.0
2.0,2.0;4.0,0.0::-3500.0,0.0
-3500.0
4.0,0.0;2.0,2.0::0.0,0.0
0.0
2.0,2.0;4.0,1.0::-2000.0,0.0
-2000.0
4.0,1.0;2.0,2.0::-250.0,0.0
-250.0
2.0,2.0;4.0,2.0::-2000.0,0.0
-2000.0
4.0,2.0;2.0,2.0::-250.0,0.0
-250.0
2.0,2.0;4.0,3.0::-500.0,0.0
-500.0
4.0,3.0;2.0,2.0::-500.0,0.0
-500.0
2.0,2.0;4.0,4.0::-3500.0,0.0
-3500.0
4.0,4.0;2.0,2.0::0.0,0.0
0.0
2.0,3.0;2.0,3.0::-500.0,0.0
-500.0
2.0,3.0;2.0,3.0::-500.0,0.0
-500.0
2.0,3.0;2.0,4.0::-3500.0,0.0
-3500.0
2.0,4.0;2.0,3.0::0.0,0.0
0.0
2.0,3.0;3.0,0.0::-2500.0,0.0
-2500.0
3.0,0.0;2.0,3.0::-500.0,0.0
-500.0
2.0,3.0;3.0,1.0::-1000.0,0.0
-1000.0
3.0,1.0;2.0,3.0::-750.0,0.0
-750.0
2.0,3.0;3.0,2.0::-1000.0,0.0
-1000.0
3.0,2.0;2.0,3.0::-750.0,0.0
-750.0
2.0,3.0;3.0,3.0::500.0,0.0
500.0
3.0,3.0;2.0,3.0::-1000.0,0.0
-1000.0
2.0,3.0;3.0,4.0::-2500.0,0.0
-2500.0
3.0,4.0;2.0,3.0::-500.0,0.0
-500.0
2.0,3.0;4.0,0.0::-3500.0,0.0
-3500.0
4.0,0.0;2.0,3.0::0.0,0.0
0.0
2.0,3.0;4.0,1.0::-2000.0,0.0
-2000.0
4.0,1.0;2.0,3.0::-250.0,0.0
-250.0
2.0,3.0;4.0,2.0::-2000.0,0.0
-2000.0
4.0,2.0;2.0,3.0::-250.0,0.0
-250.0
2.0,3.0;4.0,3.0::-500.0,0.0
-500.0
4.0,3.0;2.0,3.0::-500.0,0.0
-500.0
2.0,3.0;4.0,4.0::-3500.0,0.0
-3500.0
4.0,4.0;2.0,3.0::0.0,0.0
0.0
2.0,4.0;2.0,4.0::-3000.0,0.0
-3000.0
2.0,4.0;2.0,4.0::-3000.0,0.0
-3000.0
2.0,4.0;3.0,0.0::-2515.0,0.0
-2515.0
3.0,0.0;2.0,4.0::-520.0,0.0
-520.0
2.0,4.0;3.0,1.0::-1015.0,0.0
-1015.0
3.0,1.0;2.0,4.0::-770.0,0.0
-770.0
2.0,4.0;3.0,2.0::-1015.0,0.0
-1015.0
3.0,2.0;2.0,4.0::-770.0,0.0
-770.0
2.0,4.0;3.0,3.0::485.0,0.0
485.0
3.0,3.0;2.0,4.0::-1020.0,0.0
-1020.0
2.0,4.0;3.0,4.0::-2515.0,0.0
-2515.0
3.0,4.0;2.0,4.0::-520.0,0.0
-520.0
2.0,4.0;4.0,0.0::-2507.5,0.0
-2507.5
4.0,0.0;2.0,4.0::-510.0,0.0
-510.0
2.0,4.0;4.0,1.0::-1007.5,0.0
-1007.5
4.0,1.0;2.0,4.0::-760.0,0.0
-760.0
2.0,4.0;4.0,2.0::-1007.5,0.0
-1007.5
4.0,2.0;2.0,4.0::-760.0,0.0
-760.0
2.0,4.0;4.0,3.0::492.5,0.0
492.5
4.0,3.0;2.0,4.0::-1010.0,0.0
-1010.0
2.0,4.0;4.0,4.0::-2507.5,0.0
-2507.5
4.0,4.0;2.0,4.0::-510.0,0.0
-510.0
3.0,0.0;3.0,0.0::-3000.0,0.0
-3000.0
3.0,0.0;3.0,0.0::-3000.0,0.0
-3000.0
3.0,0.0;3.0,1.0::-500.0,0.0
-500.0
3.0,1.0;3.0,0.0::-2500.0,0.0
-2500.0
3.0,0.0;3.0,2.0::-3000.0,0.0
-3000.0
3.0,2.0;3.0,0.0::-3000.0,0.0
-3000.0
3.0,0.0;3.0,3.0::-500.0,0.0
-500.0
3.0,3.0;3.0,0.0::-2500.0,0.0
-2500.0
3.0,0.0;3.0,4.0::-520.0,0.0
-520.0
3.0,4.0;3.0,0.0::-2515.0,0.0
-2515.0
3.0,0.0;4.0,0.0::-2507.5,0.0
-2507.5
4.0,0.0;3.0,0.0::-510.0,0.0
-510.0
3.0,0.0;4.0,1.0::-7.5,0.0
-7.5
4.0,1.0;3.0,0.0::-10.0,0.0
-10.0
3.0,0.0;4.0,2.0::-2507.5,0.0
-2507.5
4.0,2.0;3.0,0.0::-510.0,0.0
-510.0
3.0,0.0;4.0,3.0::-7.5,0.0
-7.5
4.0,3.0;3.0,0.0::-10.0,0.0
-10.0
3.0,0.0;4.0,4.0::-27.5,0.0
-27.5
4.0,4.0;3.0,0.0::-25.0,0.0
-25.0
3.0,1.0;3.0,1.0::0.0,0.0
0.0
3.0,1.0;3.0,1.0::0.0,0.0
0.0
3.0,1.0;3.0,2.0::-2500.0,0.0
-2500.0
3.0,2.0;3.0,1.0::-500.0,0.0
-500.0
3.0,1.0;3.0,3.0::0.0,0.0
0.0
3.0,3.0;3.0,1.0::0.0,0.0
0.0
3.0,1.0;3.0,4.0::-20.0,0.0
-20.0
3.0,4.0;3.0,1.0::-15.0,0.0
-15.0
3.0,1.0;4.0,0.0::-2507.5,0.0
-2507.5
4.0,0.0;3.0,1.0::-510.0,0.0
-510.0
3.0,1.0;4.0,1.0::-7.5,0.0
-7.5
4.0,1.0;3.0,1.0::-10.0,0.0
-10.0
3.0,1.0;4.0,2.0::-2507.5,0.0
-2507.5
4.0,2.0;3.0,1.0::-510.0,0.0
-510.0
3.0,1.0;4.0,3.0::-7.5,0.0
-7.5
4.0,3.0;3.0,1.0::-10.0,0.0
-10.0
3.0,1.0;4.0,4.0::-27.5,0.0
-27.5
4.0,4.0;3.0,1.0::-25.0,0.0
-25.0
3.0,2.0;3.0,2.0::-3000.0,0.0
-3000.0
3.0,2.0;3.0,2.0::-3000.0,0.0
-3000.0
3.0,2.0;3.0,3.0::-500.0,0.0
-500.0
3.0,3.0;3.0,2.0::-2500.0,0.0
-2500.0
3.0,2.0;3.0,4.0::-520.0,0.0
-520.0
3.0,4.0;3.0,2.0::-2515.0,0.0
-2515.0
3.0,2.0;4.0,0.0::-3500.0,0.0
-3500.0
4.0,0.0;3.0,2.0::0.0,0.0
0.0
3.0,2.0;4.0,1.0::-1000.0,0.0
-1000.0
4.0,1.0;3.0,2.0::500.0,0.0
500.0
3.0,2.0;4.0,2.0::-3500.0,0.0
-3500.0
4.0,2.0;3.0,2.0::0.0,0.0
0.0
3.0,2.0;4.0,3.0::-1000.0,0.0
-1000.0
4.0,3.0;3.0,2.0::500.0,0.0
500.0
3.0,2.0;4.0,4.0::-1020.0,0.0
-1020.0
4.0,4.0;3.0,2.0::485.0,0.0
485.0
3.0,3.0;3.0,3.0::0.0,0.0
0.0
3.0,3.0;3.0,3.0::0.0,0.0
0.0
3.0,3.0;3.0,4.0::-20.0,0.0
-20.0
3.0,4.0;3.0,3.0::-15.0,0.0
-15.0
3.0,3.0;4.0,0.0::-3500.0,0.0
-3500.0
4.0,0.0;3.0,3.0::0.0,0.0
0.0
3.0,3.0;4.0,1.0::-1000.0,0.0
-1000.0
4.0,1.0;3.0,3.0::500.0,0.0
500.0
3.0,3.0;4.0,2.0::-3500.0,0.0
-3500.0
4.0,2.0;3.0,3.0::0.0,0.0
0.0
3.0,3.0;4.0,3.0::-1000.0,0.0
-1000.0
4.0,3.0;3.0,3.0::500.0,0.0
500.0
3.0,3.0;4.0,4.0::-1020.0,0.0
-1020.0
4.0,4.0;3.0,3.0::485.0,0.0
485.0
3.0,4.0;3.0,4.0::-35.0,0.0
-35.0
3.0,4.0;3.0,4.0::-35.0,0.0
-35.0
3.0,4.0;4.0,0.0::-2507.5,0.0
-2507.5
4.0,0.0;3.0,4.0::-510.0,0.0
-510.0
3.0,4.0;4.0,1.0::-7.5,0.0
-7.5
4.0,1.0;3.0,4.0::-10.0,0.0
-10.0
3.0,4.0;4.0,2.0::-2507.5,0.0
-2507.5
4.0,2.0;3.0,4.0::-510.0,0.0
-510.0
3.0,4.0;4.0,3.0::-7.5,0.0
-7.5
4.0,3.0;3.0,4.0::-10.0,0.0
-10.0
3.0,4.0;4.0,4.0::-27.5,0.0
-27.5
4.0,4.0;3.0,4.0::-25.0,0.0
-25.0
4.0,0.0;4.0,0.0::-17.5,0.0
-17.5
4.0,0.0;4.0,0.0::-17.5,0.0
-17.5
4.0,0.0;4.0,1.0::-17.5,0.0
-17.5
4.0,1.0;4.0,0.0::-17.5,0.0
-17.5
4.0,0.0;4.0,2.0::492.5,0.0
492.5
4.0,2.0;4.0,0.0::-1010.0,0.0
-1010.0
4.0,0.0;4.0,3.0::492.5,0.0
492.5
4.0,3.0;4.0,0.0::-1010.0,0.0
-1010.0
4.0,0.0;4.0,4.0::-17.5,0.0
-17.5
4.0,4.0;4.0,0.0::-17.5,0.0
-17.5
4.0,1.0;4.0,1.0::-17.5,0.0
-17.5
4.0,1.0;4.0,1.0::-17.5,0.0
-17.5
4.0,1.0;4.0,2.0::492.5,0.0
492.5
4.0,2.0;4.0,1.0::-1010.0,0.0
-1010.0
4.0,1.0;4.0,3.0::492.5,0.0
492.5
4.0,3.0;4.0,1.0::-1010.0,0.0
-1010.0
4.0,1.0;4.0,4.0::-17.5,0.0
-17.5
4.0,4.0;4.0,1.0::-17.5,0.0
-17.5
4.0,2.0;4.0,2.0::-500.0,0.0
-500.0
4.0,2.0;4.0,2.0::-500.0,0.0
-500.0
4.0,2.0;4.0,3.0::-500.0,0.0
-500.0
4.0,3.0;4.0,2.0::-500.0,0.0
-500.0
4.0,2.0;4.0,4.0::-1010.0,0.0
-1010.0
4.0,4.0;4.0,2.0::492.5,0.0
492.5
4.0,3.0;4.0,3.0::-500.0,0.0
-500.0
4.0,3.0;4.0,3.0::-500.0,0.0
-500.0
4.0,3.0;4.0,4.0::-1010.0,0.0
-1010.0
4.0,4.0;4.0,3.0::492.5,0.0
492.5
4.0,4.0;4.0,4.0::-17.5,0.0
-17.5
4.0,4.0;4.0,4.0::-17.5,0.0
-17.5
