2.0,4.0;2.0,4.0::-3000.0,0.0
-3000.0
2.0,4.0;2.0,4.0::-3000.0,0.0
-3000.0
2.0,4.0;3.0,0.0::-2507.5,0.0
-2507.5
3.0,0.0;2.0,4.0::-500.0,0.0
-500.0
2.0,4.0;3.0,1.0::-7.5,0.0
-7.5
3.0,1.0;2.0,4.0::-750.0,0.0
-750.0
2.0,4.0;3.0,2.0::-7.5,0.0
-7.5
3.0,2.0;2.0,4.0::-750.0,0.0
-750.0
2.0,4.0;3.0,3.0::2492.5,0.0
2492.5
3.0,3.0;2.0,4.0::-1000.0,0.0
-1000.0
2.0,4.0;3.0,4.0::-2507.5,0.0
-2507.5
3.0,4.0;2.0,4.0::-500.0,0.0
-500.0
2.0,4.0;4.0,0.0::-3502.5,0.0
-3502.5
4.0,0.0;2.0,4.0::1987.5,0.0
1987.5
2.0,4.0;4.0,1.0::-1002.5,0.0
-1002.5
4.0,1.0;2.0,4.0::1737.5,0.0
1737.5
2.0,4.0;4.0,2.0::-1002.5,0.0
-1002.5
4.0,2.0;2.0,4.0::1737.5,0.0
1737.5
2.0,4.0;4.0,3.0::1497.5,0.0
1497.5
4.0,3.0;2.0,4.0::1487.5,0.0
1487.5
2.0,4.0;4.0,4.0::-3502.5,0.0
-3502.5
4.0,4.0;2.0,4.0::1987.5,0.0
1987.5
