1.0,4.0;1.0,4.0::-7.5,0.0
-7.5
1.0,4.0;1.0,4.0::-7.5,0.0
-7.5
1.0,4.0;2.0,0.0::-500.0,0.0
-500.0
2.0,0.0;1.0,4.0::-4000.0,0.0
-4000.0
1.0,4.0;2.0,1.0::-500.0,0.0
-500.0
2.0,1.0;1.0,4.0::-3250.0,0.0
-3250.0
1.0,4.0;2.0,2.0::-500.0,0.0
-500.0
2.0,2.0;1.0,4.0::-3250.0,0.0
-3250.0
1.0,4.0;2.0,3.0::-500.0,0.0
-500.0
2.0,3.0;1.0,4.0::-2500.0,0.0
-2500.0
1.0,4.0;2.0,4.0::-500.0,0.0
-500.0
2.0,4.0;1.0,4.0::-2507.5,0.0
-2507.5
1.0,4.0;3.0,0.0::-7.5,0.0
-7.5
3.0,0.0;1.0,4.0::-1500.0,0.0
-1500.0
1.0,4.0;3.0,1.0::-7.5,0.0
-7.5
3.0,1.0;1.0,4.0::-750.0,0.0
-750.0
1.0,4.0;3.0,2.0::-7.5,0.0
-7.5
3.0,2.0;1.0,4.0::-750.0,0.0
-750.0
1.0,4.0;3.0,3.0::-7.5,0.0
-7.5
3.0,3.0;1.0,4.0::0.0,0.0
0.0
1.0,4.0;3.0,4.0::-7.5,0.0
-7.5
3.0,4.0;1.0,4.0::-7.5,0.0
-7.5
1.0,4.0;4.0,0.0::-1002.5,0.0
-1002.5
4.0,0.0;1.0,4.0::987.5,0.0
987.5
1.0,4.0;4.0,1.0::-1002.5,0.0
-1002.5
4.0,1.0;1.0,4.0::1737.5,0.0
1737.5
1.0,4.0;4.0,2.0::-1002.5,0.0
-1002.5
4.0,2.0;1.0,4.0::1737.5,0.0
1737.5
1.0,4.0;4.0,3.0::-1002.5,0.0
-1002.5
4.0,3.0;1.0,4.0::2487.5,0.0
2487.5
1.0,4.0;4.0,4.0::-1002.5,0.0
-1002.5
4.0,4.0;1.0,4.0::2480.0,0.0
2480.0
