0.0,0.0;0.0,0.0::-1500.0,0.0
-1500.0
0.0,0.0;0.0,0.0::-1500.0,0.0
-1500.0
0.0,0.0;0.0,1.0::-1500.0,0.0
-1500.0
0.0,1.0;0.0,0.0::-1500.0,0.0
-1500.0
0.0,0.0;0.0,2.0::1000.0,0.0
1000.0
0.0,2.0;0.0,0.0::-1000.0,0.0
-1000.0
0.0,0.0;0.0,3.0::1000.0,0.0
1000.0
0.0,3.0;0.0,0.0::-1000.0,0.0
-1000.0
0.0,0.0;0.0,4.0::987.5,0.0
987.5
0.0,4.0;0.0,0.0::-1002.5,0.0
-1002.5
0.0,0.0;1.0,0.0::-1500.0,0.0
-1500.0
1.0,0.0;0.0,0.0::-1500.0,0.0
-1500.0
0.0,0.0;1.0,1.0::-1500.0,0.0
-1500.0
1.0,1.0;0.0,0.0::-1500.0,0.0
-1500.0
0.0,0.0;1.0,2.0::1000.0,0.0
1000.0
1.0,2.0;0.0,0.0::-1000.0,0.0
-1000.0
0.0,0.0;1.0,3.0::1000.0,0.0
1000.0
1.0,3.0;0.0,0.0::-1000.0,0.0
-1000.0
0.0,0.0;1.0,4.0::987.5,0.0
987.5
1.0,4.0;0.0,0.0::-1002.5,0.0
-1002.5
0.0,0.0;2.0,0.0::-500.0,0.0
-500.0
2.0,0.0;0.0,0.0::-4000.0,0.0
-4000.0
0.0,0.0;2.0,1.0::-500.0,0.0
-500.0
2.0,1.0;0.0,0.0::-4000.0,0.0
-4000.0
0.0,0.0;2.0,2.0::2000.0,0.0
2000.0
2.0,2.0;0.0,0.0::-3500.0,0.0
-3500.0
0.0,0.0;2.0,3.0::2000.0,0.0
2000.0
2.0,3.0;0.0,0.0::-3500.0,0.0
-3500.0
0.0,0.0;2.0,4.0::1987.5,0.0
1987.5
2.0,4.0;0.0,0.0::-3502.5,0.0
-3502.5
0.0,0.0;3.0,0.0::-500.0,0.0
-500.0
3.0,0.0;0.0,0.0::-4000.0,0.0
-4000.0
0.0,0.0;3.0,1.0::-500.0,0.0
-500.0
3.0,1.0;0.0,0.0::-4000.0,0.0
-4000.0
0.0,0.0;3.0,2.0::2000.0,0.0
2000.0
3.0,2.0;0.0,0.0::-3500.0,0.0
-3500.0
0.0,0.0;3.0,3.0::2000.0,0.0
2000.0
3.0,3.0;0.0,0.0::-3500.0,0.0
-3500.0
0.0,0.0;3.0,4.0::1987.5,0.0
1987.5
3.0,4.0;0.0,0.0::-3502.5,0.0
-3502.5
0.0,0.0;4.0,0.0::-15.0,0.0
-15.0
4.0,0.0;0.0,0.0::-1500.0,0.0
-1500.0
0.0,0.0;4.0,1.0::-15.0,0.0
-15.0
4.0,1.0;0.0,0.0::-1500.0,0.0
-1500.0
0.0,0.0;4.0,2.0::2485.0,0.0
2485.0
4.0,2.0;0.0,0.0::-1000.0,0.0
-1000.0
0.0,0.0;4.0,3.0::2485.0,0.0
2485.0
4.0,3.0;0.0,0.0::-1000.0,0.0
-1000.0
0.0,0.0;4.0,4.0::2472.5,0.0
2472.5
4.0,4.0;0.0,0.0::-1002.5,0.0
-1002.5
0.0,1.0;0.0,1.0::-1500.0,0.0
-1500.0
0.0,1.0;0.0,1.0::-1500.0,0.0
-1500.0
0.0,1.0;0.0,2.0::1000.0,0.0
1000.0
0.0,2.0;0.0,1.0::-1000.0,0.0
-1000.0
0.0,1.0;0.0,3.0::1000.0,0.0
1000.0
0.0,3.0;0.0,1.0::-1000.0,0.0
-1000.0
0.0,1.0;0.0,4.0::987.5,0.0
987.5
0.0,4.0;0.0,1.0::-1002.5,0.0
-1002.5
0.0,1.0;1.0,0.0::-750.0,0.0
-750.0
1.0,0.0;0.0,1.0::-1500.0,0.0
-1500.0
0.0,1.0;1.0,1.0::-750.0,0.0
-750.0
1.0,1.0;0.0,1.0::-1500.0,0.0
-1500.0
0.0,1.0;1.0,2.0::1750.0,0.0
1750.0
1.0,2.0;0.0,1.0::-1000.0,0.0
-1000.0
0.0,1.0;1.0,3.0::1750.0,0.0
1750.0
1.0,3.0;0.0,1.0::-1000.0,0.0
-1000.0
0.0,1.0;1.0,4.0::1737.5,0.0
1737.5
1.0,4.0;0.0,1.0::-1002.5,0.0
-1002.5
0.0,1.0;2.0,0.0::-750.0,0.0
-750.0
2.0,0.0;0.0,1.0::-1500.0,0.0
-1500.0
0.0,1.0;2.0,1.0::-750.0,0.0
-750.0
2.0,1.0;0.0,1.0::-1500.0,0.0
-1500.0
0.0,1.0;2.0,2.0::1750.0,0.0
1750.0
2.0,2.0;0.0,1.0::-1000.0,0.0
-1000.0
0.0,1.0;2.0,3.0::1750.0,0.0
1750.0
2.0,3.0;0.0,1.0::-1000.0,0.0
-1000.0
0.0,1.0;2.0,4.0::1737.5,0.0
1737.5
2.0,4.0;0.0,1.0::-1002.5,0.0
-1002.5
0.0,1.0;3.0,0.0::0.0,0.0
0.0
3.0,0.0;0.0,1.0::-1500.0,0.0
-1500.0
0.0,1.0;3.0,1.0::0.0,0.0
0.0
3.0,1.0;0.0,1.0::-1500.0,0.0
-1500.0
0.0,1.0;3.0,2.0::2500.0,0.0
2500.0
3.0,2.0;0.0,1.0::-1000.0,0.0
-1000.0
0.0,1.0;3.0,3.0::2500.0,0.0
2500.0
3.0,3.0;0.0,1.0::-1000.0,0.0
-1000.0
0.0,1.0;3.0,4.0::2487.5,0.0
2487.5
3.0,4.0;0.0,1.0::-1002.5,0.0
-1002.5
0.0,1.0;4.0,0.0::-15.0,0.0
-15.0
4.0,0.0;0.0,1.0::-1500.0,0.0
-1500.0
0.0,1.0;4.0,1.0::-15.0,0.0
-15.0
4.0,1.0;0.0,1.0::-1500.0,0.0
-1500.0
0.0,1.0;4.0,2.0::2485.0,0.0
2485.0
4.0,2.0;0.0,1.0::-1000.0,0.0
-1000.0
0.0,1.0;4.0,3.0::2485.0,0.0
2485.0
4.0,3.0;0.0,1.0::-1000.0,0.0
-1000.0
0.0,1.0;4.0,4.0::2472.5,0.0
2472.5
4.0,4.0;0.0,1.0::-1002.5,0.0
-1002.5
0.0,2.0;0.0,2.0::1500.0,0.0
1500.0
0.0,2.0;0.0,2.0::1500.0,0.0
1500.0
0.0,2.0;0.0,3.0::1500.0,0.0
1500.0
0.0,3.0;0.0,2.0::1500.0,0.0
1500.0
0.0,2.0;0.0,4.0::1487.5,0.0
1487.5
0.0,4.0;0.0,2.0::1497.5,0.0
1497.5
0.0,2.0;1.0,0.0::-750.0,0.0
-750.0
1.0,0.0;0.0,2.0::-1500.0,0.0
-1500.0
0.0,2.0;1.0,1.0::-750.0,0.0
-750.0
1.0,1.0;0.0,2.0::-1500.0,0.0
-1500.0
0.0,2.0;1.0,2.0::1750.0,0.0
1750.0
1.0,2.0;0.0,2.0::-1000.0,0.0
-1000.0
0.0,2.0;1.0,3.0::1750.0,0.0
1750.0
1.0,3.0;0.0,2.0::-1000.0,0.0
-1000.0
0.0,2.0;1.0,4.0::1737.5,0.0
1737.5
1.0,4.0;0.0,2.0::-1002.5,0.0
-1002.5
0.0,2.0;2.0,0.0::-750.0,0.0
-750.0
2.0,0.0;0.0,2.0::-1500.0,0.0
-1500.0
0.0,2.0;2.0,1.0::-750.0,0.0
-750.0
2.0,1.0;0.0,2.0::-1500.0,0.0
-1500.0
0.0,2.0;2.0,2.0::1750.0,0.0
1750.0
2.0,2.0;0.0,2.0::-1000.0,0.0
-1000.0
0.0,2.0;2.0,3.0::1750.0,0.0
1750.0
2.0,3.0;0.0,2.0::-1000.0,0.0
-1000.0
0.0,2.0;2.0,4.0::1737.5,0.0
1737.5
2.0,4.0;0.0,2.0::-1002.5,0.0
-1002.5
0.0,2.0;3.0,0.0::-500.0,0.0
-500.0
3.0,0.0;0.0,2.0::-4000.0,0.0
-4000.0
0.0,2.0;3.0,1.0::-500.0,0.0
-500.0
3.0,1.0;0.0,2.0::-4000.0,0.0
-4000.0
0.0,2.0;3.0,2.0::2000.0,0.0
2000.0
3.0,2.0;0.0,2.0::-3500.0,0.0
-3500.0
0.0,2.0;3.0,3.0::2000.0,0.0
2000.0
3.0,3.0;0.0,2.0::-3500.0,0.0
-3500.0
0.0,2.0;3.0,4.0::1987.5,0.0
1987.5
3.0,4.0;0.0,2.0::-3502.5,0.0
-3502.5
0.0,2.0;4.0,0.0::-1000.0,0.0
-1000.0
4.0,0.0;0.0,2.0::1000.0,0.0
1000.0
0.0,2.0;4.0,1.0::-1000.0,0.0
-1000.0
4.0,1.0;0.0,2.0::1000.0,0.0
1000.0
0.0,2.0;4.0,2.0::1500.0,0.0
1500.0
4.0,2.0;0.0,2.0::1500.0,0.0
1500.0
0.0,2.0;4.0,3.0::1500.0,0.0
1500.0
4.0,3.0;0.0,2.0::1500.0,0.0
1500.0
0.0,2.0;4.0,4.0::1487.5,0.0
1487.5
4.0,4.0;0.0,2.0::1497.5,0.0
1497.5
0.0,3.0;0.0,3.0::1500.0,0.0
1500.0
0.0,3.0;0.0,3.0::1500.0,0.0
1500.0
0.0,3.0;0.0,4.0::1487.5,0.0
1487.5
0.0,4.0;0.0,3.0::1497.5,0.0
1497.5
0.0,3.0;1.0,0.0::0.0,0.0
0.0
1.0,0.0;0.0,3.0::-1500.0,0.0
-1500.0
0.0,3.0;1.0,1.0::0.0,0.0
0.0
1.0,1.0;0.0,3.0::-1500.0,0.0
-1500.0
0.0,3.0;1.0,2.0::2500.0,0.0
2500.0
1.0,2.0;0.0,3.0::-1000.0,0.0
-1000.0
0.0,3.0;1.0,3.0::2500.0,0.0
2500.0
1.0,3.0;0.0,3.0::-1000.0,0.0
-1000.0
0.0,3.0;1.0,4.0::2487.5,0.0
2487.5
1.0,4.0;0.0,3.0::-1002.5,0.0
-1002.5
0.0,3.0;2.0,0.0::-1000.0,0.0
-1000.0
2.0,0.0;0.0,3.0::1000.0,0.0
1000.0
0.0,3.0;2.0,1.0::-1000.0,0.0
-1000.0
2.0,1.0;0.0,3.0::1000.0,0.0
1000.0
0.0,3.0;2.0,2.0::1500.0,0.0
1500.0
2.0,2.0;0.0,3.0::1500.0,0.0
1500.0
0.0,3.0;2.0,3.0::1500.0,0.0
1500.0
2.0,3.0;0.0,3.0::1500.0,0.0
1500.0
0.0,3.0;2.0,4.0::1487.5,0.0
1487.5
2.0,4.0;0.0,3.0::1497.5,0.0
1497.5
0.0,3.0;3.0,0.0::0.0,0.0
0.0
3.0,0.0;0.0,3.0::-1500.0,0.0
-1500.0
0.0,3.0;3.0,1.0::0.0,0.0
0.0
3.0,1.0;0.0,3.0::-1500.0,0.0
-1500.0
0.0,3.0;3.0,2.0::2500.0,0.0
2500.0
3.0,2.0;0.0,3.0::-1000.0,0.0
-1000.0
0.0,3.0;3.0,3.0::2500.0,0.0
2500.0
3.0,3.0;0.0,3.0::-1000.0,0.0
-1000.0
0.0,3.0;3.0,4.0::2487.5,0.0
2487.5
3.0,4.0;0.0,3.0::-1002.5,0.0
-1002.5
0.0,3.0;4.0,0.0::-1000.0,0.0
-1000.0
4.0,0.0;0.0,3.0::1000.0,0.0
1000.0
0.0,3.0;4.0,1.0::-1000.0,0.0
-1000.0
4.0,1.0;0.0,3.0::1000.0,0.0
1000.0
0.0,3.0;4.0,2.0::1500.0,0.0
1500.0
4.0,2.0;0.0,3.0::1500.0,0.0
1500.0
0.0,3.0;4.0,3.0::1500.0,0.0
1500.0
4.0,3.0;0.0,3.0::1500.0,0.0
1500.0
0.0,3.0;4.0,4.0::1487.5,0.0
1487.5
4.0,4.0;0.0,3.0::1497.5,0.0
1497.5
0.0,4.0;0.0,4.0::1485.0,0.0
1485.0
0.0,4.0;0.0,4.0::1485.0,0.0
1485.0
0.0,4.0;1.0,0.0::-7.5,0.0
-7.5
1.0,0.0;0.0,4.0::-1500.0,0.0
-1500.0
0.0,4.0;1.0,1.0::-7.5,0.0
-7.5
1.0,1.0;0.0,4.0::-1500.0,0.0
-1500.0
0.0,4.0;1.0,2.0::2492.5,0.0
2492.5
1.0,2.0;0.0,4.0::-1000.0,0.0
-1000.0
0.0,4.0;1.0,3.0::2492.5,0.0
2492.5
1.0,3.0;0.0,4.0::-1000.0,0.0
-1000.0
0.0,4.0;1.0,4.0::2480.0,0.0
2480.0
1.0,4.0;0.0,4.0::-1002.5,0.0
-1002.5
0.0,4.0;2.0,0.0::-500.0,0.0
-500.0
2.0,0.0;0.0,4.0::-4000.0,0.0
-4000.0
0.0,4.0;2.0,1.0::-500.0,0.0
-500.0
2.0,1.0;0.0,4.0::-4000.0,0.0
-4000.0
0.0,4.0;2.0,2.0::2000.0,0.0
2000.0
2.0,2.0;0.0,4.0::-3500.0,0.0
-3500.0
0.0,4.0;2.0,3.0::2000.0,0.0
2000.0
2.0,3.0;0.0,4.0::-3500.0,0.0
-3500.0
0.0,4.0;2.0,4.0::1987.5,0.0
1987.5
2.0,4.0;0.0,4.0::-3502.5,0.0
-3502.5
0.0,4.0;3.0,0.0::-7.5,0.0
-7.5
3.0,0.0;0.0,4.0::-1500.0,0.0
-1500.0
0.0,4.0;3.0,1.0::-7.5,0.0
-7.5
3.0,1.0;0.0,4.0::-1500.0,0.0
-1500.0
0.0,4.0;3.0,2.0::2492.5,0.0
2492.5
3.0,2.0;0.0,4.0::-1000.0,0.0
-1000.0
0.0,4.0;3.0,3.0::2492.5,0.0
2492.5
3.0,3.0;0.0,4.0::-1000.0,0.0
-1000.0
0.0,4.0;3.0,4.0::2480.0,0.0
2480.0
3.0,4.0;0.0,4.0::-1002.5,0.0
-1002.5
0.0,4.0;4.0,0.0::-1002.5,0.0
-1002.5
4.0,0.0;0.0,4.0::987.5,0.0
987.5
0.0,4.0;4.0,1.0::-1002.5,0.0
-1002.5
4.0,1.0;0.0,4.0::987.5,0.0
987.5
0.0,4.0;4.0,2.0::1497.5,0.0
1497.5
4.0,2.0;0.0,4.0::1487.5,0.0
1487.5
0.0,4.0;4.0,3.0::1497.5,0.0
1497.5
4.0,3.0;0.0,4.0::1487.5,0.0
1487.5
0.0,4.0;4.0,4.0::1485.0,0.0
1485.0
4.0,4.0;0.0,4.0::1485.0,0.0
1485.0
1.0,0.0;1.0,0.0::-1500.0,0.0
-1500.0
1.0,0.0;1.0,0.0::-1500.0,0.0
-1500.0
1.0,0.0;1.0,1.0::-1500.0,0.0
-1500.0
1.0,1.0;1.0,0.0::-750.0,0.0
-750.0
1.0,0.0;1.0,2.0::-1500.0,0.0
-1500.0
1.0,2.0;1.0,0.0::-750.0,0.0
-750.0
1.0,0.0;1.0,3.0::-1500.0,0.0
-1500.0
1.0,3.0;1.0,0.0::0.0,0.0
0.0
1.0,0.0;1.0,4.0::-1500.0,0.0
-1500.0
1.0,4.0;1.0,0.0::-7.5,0.0
-7.5
1.0,0.0;2.0,0.0::-500.0,0.0
-500.0
2.0,0.0;1.0,0.0::-4000.0,0.0
-4000.0
1.0,0.0;2.0,1.0::-500.0,0.0
-500.0
2.0,1.0;1.0,0.0::-3250.0,0.0
-3250.0
1.0,0.0;2.0,2.0::-500.0,0.0
-500.0
2.0,2.0;1.0,0.0::-3250.0,0.0
-3250.0
1.0,0.0;2.0,3.0::-500.0,0.0
-500.0
2.0,3.0;1.0,0.0::-2500.0,0.0
-2500.0
1.0,0.0;2.0,4.0::-500.0,0.0
-500.0
2.0,4.0;1.0,0.0::-2507.5,0.0
-2507.5
1.0,0.0;3.0,0.0::-500.0,0.0
-500.0
3.0,0.0;1.0,0.0::-4000.0,0.0
-4000.0
1.0,0.0;3.0,1.0::-500.0,0.0
-500.0
3.0,1.0;1.0,0.0::-3250.0,0.0
-3250.0
1.0,0.0;3.0,2.0::-500.0,0.0
-500.0
3.0,2.0;1.0,0.0::-3250.0,0.0
-3250.0
1.0,0.0;3.0,3.0::-500.0,0.0
-500.0
3.0,3.0;1.0,0.0::-2500.0,0.0
-2500.0
1.0,0.0;3.0,4.0::-500.0,0.0
-500.0
3.0,4.0;1.0,0.0::-2507.5,0.0
-2507.5
1.0,0.0;4.0,0.0::-15.0,0.0
-15.0
4.0,0.0;1.0,0.0::-1500.0,0.0
-1500.0
1.0,0.0;4.0,1.0::-15.0,0.0
-15.0
4.0,1.0;1.0,0.0::-750.0,0.0
-750.0
1.0,0.0;4.0,2.0::-15.0,0.0
-15.0
4.0,2.0;1.0,0.0::-750.0,0.0
-750.0
1.0,0.0;4.0,3.0::-15.0,0.0
-15.0
4.0,3.0;1.0,0.0::0.0,0.0
0.0
1.0,0.0;4.0,4.0::-15.0,0.0
-15.0
4.0,4.0;1.0,0.0::-7.5,0.0
-7.5
1.0,1.0;1.0,1.0::-750.0,0.0
-750.0
1.0,1.0;1.0,1.0::-750.0,0.0
-750.0
1.0,1.0;1.0,2.0::-750.0,0.0
-750.0
1.0,2.0;1.0,1.0::-750.0,0.0
-750.0
1.0,1.0;1.0,3.0::-750.0,0.0
-750.0
1.0,3.0;1.0,1.0::0.0,0.0
0.0
1.0,1.0;1.0,4.0::-750.0,0.0
-750.0
1.0,4.0;1.0,1.0::-7.5,0.0
-7.5
1.0,1.0;2.0,0.0::-750.0,0.0
-750.0
2.0,0.0;1.0,1.0::-1500.0,0.0
-1500.0
1.0,1.0;2.0,1.0::-750.0,0.0
-750.0
2.0,1.0;1.0,1.0::-750.0,0.0
-750.0
1.0,1.0;2.0,2.0::-750.0,0.0
-750.0
2.0,2.0;1.0,1.0::-750.0,0.0
-750.0
1.0,1.0;2.0,3.0::-750.0,0.0
-750.0
2.0,3.0;1.0,1.0::0.0,0.0
0.0
1.0,1.0;2.0,4.0::-750.0,0.0
-750.0
2.0,4.0;1.0,1.0::-7.5,0.0
-7.5
1.0,1.0;3.0,0.0::0.0,0.0
0.0
3.0,0.0;1.0,1.0::-1500.0,0.0
-1500.0
1.0,1.0;3.0,1.0::0.0,0.0
0.0
3.0,1.0;1.0,1.0::-750.0,0.0
-750.0
1.0,1.0;3.0,2.0::0.0,0.0
0.0
3.0,2.0;1.0,1.0::-750.0,0.0
-750.0
1.0,1.0;3.0,3.0::0.0,0.0
0.0
3.0,3.0;1.0,1.0::0.0,0.0
0.0
1.0,1.0;3.0,4.0::0.0,0.0
0.0
3.0,4.0;1.0,1.0::-7.5,0.0
-7.5
1.0,1.0;4.0,0.0::-15.0,0.0
-15.0
4.0,0.0;1.0,1.0::-1500.0,0.0
-1500.0
1.0,1.0;4.0,1.0::-15.0,0.0
-15.0
4.0,1.0;1.0,1.0::-750.0,0.0
-750.0
1.0,1.0;4.0,2.0::-15.0,0.0
-15.0
4.0,2.0;1.0,1.0::-750.0,0.0
-750.0
1.0,1.0;4.0,3.0::-15.0,0.0
-15.0
4.0,3.0;1.0,1.0::0.0,0.0
0.0
1.0,1.0;4.0,4.0::-15.0,0.0
-15.0
4.0,4.0;1.0,1.0::-7.5,0.0
-7.5
1.0,2.0;1.0,2.0::-750.0,0.0
-750.0
1.0,2.0;1.0,2.0::-750.0,0.0
-750.0
1.0,2.0;1.0,3.0::-750.0,0.0
-750.0
1.0,3.0;1.0,2.0::0.0,0.0
0.0
1.0,2.0;1.0,4.0::-750.0,0.0
-750.0
1.0,4.0;1.0,2.0::-7.5,0.0
-7.5
1.0,2.0;2.0,0.0::-750.0,0.0
-750.0
2.0,0.0;1.0,2.0::-1500.0,0.0
-1500.0
1.0,2.0;2.0,1.0::-750.0,0.0
-750.0
2.0,1.0;1.0,2.0::-750.0,0.0
-750.0
1.0,2.0;2.0,2.0::-750.0,0.0
-750.0
2.0,2.0;1.0,2.0::-750.0,0.0
-750.0
1.0,2.0;2.0,3.0::-750.0,0.0
-750.0
2.0,3.0;1.0,2.0::0.0,0.0
0.0
1.0,2.0;2.0,4.0::-750.0,0.0
-750.0
2.0,4.0;1.0,2.0::-7.5,0.0
-7.5
1.0,2.0;3.0,0.0::-500.0,0.0
-500.0
3.0,0.0;1.0,2.0::-4000.0,0.0
-4000.0
1.0,2.0;3.0,1.0::-500.0,0.0
-500.0
3.0,1.0;1.0,2.0::-3250.0,0.0
-3250.0
1.0,2.0;3.0,2.0::-500.0,0.0
-500.0
3.0,2.0;1.0,2.0::-3250.0,0.0
-3250.0
1.0,2.0;3.0,3.0::-500.0,0.0
-500.0
3.0,3.0;1.0,2.0::-2500.0,0.0
-2500.0
1.0,2.0;3.0,4.0::-500.0,0.0
-500.0
3.0,4.0;1.0,2.0::-2507.5,0.0
-2507.5
1.0,2.0;4.0,0.0::-1000.0,0.0
-1000.0
4.0,0.0;1.0,2.0::1000.0,0.0
1000.0
1.0,2.0;4.0,1.0::-1000.0,0.0
-1000.0
4.0,1.0;1.0,2.0::1750.0,0.0
1750.0
1.0,2.0;4.0,2.0::-1000.0,0.0
-1000.0
4.0,2.0;1.0,2.0::1750.0,0.0
1750.0
1.0,2.0;4.0,3.0::-1000.0,0.0
-1000.0
4.0,3.0;1.0,2.0::2500.0,0.0
2500.0
1.0,2.0;4.0,4.0::-1000.0,0.0
-1000.0
4.0,4.0;1.0,2.0::2492.5,0.0
2492.5
1.0,3.0;1.0,3.0::0.0,0.0
0.0
1.0,3.0;1.0,3.0::0.0,0.0
0.0
1.0,3.0;1.0,4.0::0.0,0.0
0.0
1.0,4.0;1.0,3.0::-7.5,0.0
-7.5
1.0,3.0;2.0,0.0::-1000.0,0.0
-1000.0
2.0,0.0;1.0,3.0::1000.0,0.0
1000.0
1.0,3.0;2.0,1.0::-1000.0,0.0
-1000.0
2.0,1.0;1.0,3.0::1750.0,0.0
1750.0
1.0,3.0;2.0,2.0::-1000.0,0.0
-1000.0
2.0,2.0;1.0,3.0::1750.0,0.0
1750.0
1.0,3.0;2.0,3.0::-1000.0,0.0
-1000.0
2.0,3.0;1.0,3.0::2500.0,0.0
2500.0
1.0,3.0;2.0,4.0::-1000.0,0.0
-1000.0
2.0,4.0;1.0,3.0::2492.5,0.0
2492.5
1.0,3.0;3.0,0.0::0.0,0.0
0.0
3.0,0.0;1.0,3.0::-1500.0,0.0
-1500.0
1.0,3.0;3.0,1.0::0.0,0.0
0.0
3.0,1.0;1.0,3.0::-750.0,0.0
-750.0
1.0,3.0;3.0,2.0::0.0,0.0
0.0
3.0,2.0;1.0,3.0::-750.0,0.0
-750.0
1.0,3.0;3.0,3.0::0.0,0.0
0.0
3.0,3.0;1.0,3.0::0.0,0.0
0.0
1.0,3.0;3.0,4.0::0.0,0.0
0.0
3.0,4.0;1.0,3.0::-7.5,0.0
-7.5
1.0,3.0;4.0,0.0::-1000.0,0.0
-1000.0
4.0,0.0;1.0,3.0::1000.0,0.0
1000.0
1.0,3.0;4.0,1.0::-1000.0,0.0
-1000.0
4.0,1.0;1.0,3.0::1750.0,0.0
1750.0
1.0,3.0;4.0,2.0::-1000.0,0.0
-1000.0
4.0,2.0;1.0,3.0::1750.0,0.0
1750.0
1.0,3.0;4.0,3.0::-1000.0,0.0
-1000.0
4.0,3.0;1.0,3.0::2500.0,0.0
2500.0
1.0,3.0;4.0,4.0::-1000.0,0.0
-1000.0
4.0,4.0;1.0,3.0::2492.5,0.0
2492.5
1.0,4.0;1.0,4.0::-7.5,0.0
-7.5
1.0,4.0;1.0,4.0::-7.5,0.0
-7.5
1.0,4.0;2.0,0.0::-500.0,0.0
-500.0
2.0,0.0;1.0,4.0::-4000.0,0.0
-4000.0
1.0,4.0;2.0,1.0::-500.0,0.0
-500.0
2.0,1.0;1.0,4.0::-3250.0,0.0
-3250.0
1.0,4.0;2.0,2.0::-500.0,0.0
-500.0
2.0,2.0;1.0,4.0::-3250.0,0.0
-3250.0
1.0,4.0;2.0,3.0::-500.0,0.0
-500.0
2.0,3.0;1.0,4.0::-2500.0,0.0
-2500.0
1.0,4.0;2.0,4.0::-500.0,0.0
-500.0
2.0,4.0;1.0,4.0::-2507.5,0.0
-2507.5
1.0,4.0;3.0,0.0::-7.5,0.0
-7.5
3.0,0.0;1.0,4.0::-1500.0,0.0
-1500.0
1.0,4.0;3.0,1.0::-7.5,0.0
-7.5
3.0,1.0;1.0,4.0::-750.0,0.0
-750.0
1.0,4.0;3.0,2.0::-7.5,0.0
-7.5
3.0,2.0;1.0,4.0::-750.0,0.0
-750.0
1.0,4.0;3.0,3.0::-7.5,0.0
-7.5
3.0,3.0;1.0,4.0::0.0,0.0
0.0
1.0,4.0;3.0,4.0::-7.5,0.0
-7.5
3.0,4.0;1.0,4.0::-7.5,0.0
-7.5
1.0,4.0;4.0,0.0::-1002.5,0.0
-1002.5
4.0,0.0;1.0,4.0::987.5,0.0
987.5
1.0,4.0;4.0,1.0::-1002.5,0.0
-1002.5
4.0,1.0;1.0,4.0::1737.5,0.0
1737.5
1.0,4.0;4.0,2.0::-1002.5,0.0
-1002.5
4.0,2.0;1.0,4.0::1737.5,0.0
1737.5
1.0,4.0;4.0,3.0::-1002.5,0.0
-1002.5
4.0,3.0;1.0,4.0::2487.5,0.0
2487.5
1.0,4.0;4.0,4.0::-1002.5,0.0
-1002.5
4.0,4.0;1.0,4.0::2480.0,0.0
2480.0
2.0,0.0;2.0,0.0::-3000.0,0.0
-3000.0
2.0,0.0;2.0,0.0::-3000.0,0.0
-3000.0
2.0,0.0;2.0,1.0::-500.0,0.0
-500.0
2.0,1.0;2.0,0.0::-3250.0,0.0
-3250.0
2.0,0.0;2.0,2.0::-500.0,0.0
-500.0
2.0,2.0;2.0,0.0::-3250.0,0.0
-3250.0
2.0,0.0;2.0,3.0::2000.0,0.0
2000.0
2.0,3.0;2.0,0.0::-3500.0,0.0
-3500.0
2.0,0.0;2.0,4.0::-3000.0,0.0
-3000.0
2.0,4.0;2.0,0.0::-3000.0,0.0
-3000.0
2.0,0.0;3.0,0.0::-3000.0,0.0
-3000.0
3.0,0.0;2.0,0.0::-3000.0,0.0
-3000.0
2.0,0.0;3.0,1.0::-500.0,0.0
-500.0
3.0,1.0;2.0,0.0::-3250.0,0.0
-3250.0
2.0,0.0;3.0,2.0::-500.0,0.0
-500.0
3.0,2.0;2.0,0.0::-3250.0,0.0
-3250.0
2.0,0.0;3.0,3.0::2000.0,0.0
2000.0
3.0,3.0;2.0,0.0::-3500.0,0.0
-3500.0
2.0,0.0;3.0,4.0::-3000.0,0.0
-3000.0
3.0,4.0;2.0,0.0::-3000.0,0.0
-3000.0
2.0,0.0;4.0,0.0::-2515.0,0.0
-2515.0
4.0,0.0;2.0,0.0::-500.0,0.0
-500.0
2.0,0.0;4.0,1.0::-15.0,0.0
-15.0
4.0,1.0;2.0,0.0::-750.0,0.0
-750.0
2.0,0.0;4.0,2.0::-15.0,0.0
-15.0
4.0,2.0;2.0,0.0::-750.0,0.0
-750.0
2.0,0.0;4.0,3.0::2485.0,0.0
2485.0
4.0,3.0;2.0,0.0::-1000.0,0.0
-1000.0
2.0,0.0;4.0,4.0::-2515.0,0.0
-2515.0
4.0,4.0;2.0,0.0::-500.0,0.0
-500.0
2.0,1.0;2.0,1.0::-750.0,0.0
-750.0
2.0,1.0;2.0,1.0::-750.0,0.0
-750.0
2.0,1.0;2.0,2.0::-750.0,0.0
-750.0
2.0,2.0;2.0,1.0::-750.0,0.0
-750.0
2.0,1.0;2.0,3.0::1750.0,0.0
1750.0
2.0,3.0;2.0,1.0::-1000.0,0.0
-1000.0
2.0,1.0;2.0,4.0::-3250.0,0.0
-3250.0
2.0,4.0;2.0,1.0::-500.0,0.0
-500.0
2.0,1.0;3.0,0.0::-2500.0,0.0
-2500.0
3.0,0.0;2.0,1.0::-500.0,0.0
-500.0
2.0,1.0;3.0,1.0::0.0,0.0
0.0
3.0,1.0;2.0,1.0::-750.0,0.0
-750.0
2.0,1.0;3.0,2.0::0.0,0.0
0.0
3.0,2.0;2.0,1.0::-750.0,0.0
-750.0
2.0,1.0;3.0,3.0::2500.0,0.0
2500.0
3.0,3.0;2.0,1.0::-1000.0,0.0
-1000.0
2.0,1.0;3.0,4.0::-2500.0,0.0
-2500.0
3.0,4.0;2.0,1.0::-500.0,0.0
-500.0
2.0,1.0;4.0,0.0::-2515.0,0.0
-2515.0
4.0,0.0;2.0,1.0::-500.0,0.0
-500.0
2.0,1.0;4.0,1.0::-15.0,0.0
-15.0
4.0,1.0;2.0,1.0::-750.0,0.0
-750.0
2.0,1.0;4.0,2.0::-15.0,0.0
-15.0
4.0,2.0;2.0,1.0::-750.0,0.0
-750.0
2.0,1.0;4.0,3.0::2485.0,0.0
2485.0
4.0,3.0;2.0,1.0::-1000.0,0.0
-1000.0
2.0,1.0;4.0,4.0::-2515.0,0.0
-2515.0
4.0,4.0;2.0,1.0::-500.0,0.0
-500.0
2.0,2.0;2.0,2.0::-750.0,0.0
-750.0
2.0,2.0;2.0,2.0::-750.0,0.0
-750.0
2.0,2.0;2.0,3.0::1750.0,0.0
1750.0
2.0,3.0;2.0,2.0::-1000.0,0.0
-1000.0
2.0,2.0;2.0,4.0::-3250.0,0.0
-3250.0
2.0,4.0;2.0,2.0::-500.0,0.0
-500.0
2.0,2.0;3.0,0.0::-3000.0,0.0
-3000.0
3.0,0.0;2.0,2.0::-3000.0,0.0
-3000.0
2.0,2.0;3.0,1.0::-500.0,0.0
-500.0
3.0,1.0;2.0,2.0::-3250.0,0.0
-3250.0
2.0,2.0;3.0,2.0::-500.0,0.0
-500.0
3.0,2.0;2.0,2.0::-3250.0,0.0
-3250.0
2.0,2.0;3.0,3.0::2000.0,0.0
2000.0
3.0,3.0;2.0,2.0::-3500.0,0.0
-3500.0
2.0,2.0;3.0,4.0::-3000.0,0.0
-3000.0
3.0,4.0;2.0,2.0::-3000.0,0.0
-3000.0
2.0,2.0;4.0,0.0::-3500.0,0.0
-3500.0
4.0,0.0;2.0,2.0::2000.0,0.0
2000.0
2.0,2.0;4.0,1.0::-1000.0,0.0
-1000.0
4.0,1.0;2.0,2.0::1750.0,0.0
1750.0
2.0,2.0;4.0,2.0::-1000.0,0.0
-1000.0
4.0,2.0;2.0,2.0::1750.0,0.0
1750.0
2.0,2.0;4.0,3.0::1500.0,0.0
1500.0
4.0,3.0;2.0,2.0::1500.0,0.0
1500.0
2.0,2.0;4.0,4.0::-3500.0,0.0
-3500.0
4.0,4.0;2.0,2.0::2000.0,0.0
2000.0
2.0,3.0;2.0,3.0::1500.0,0.0
1500.0
2.0,3.0;2.0,3.0::1500.0,0.0
1500.0
2.0,3.0;2.0,4.0::-3500.0,0.0
-3500.0
2.0,4.0;2.0,3.0::2000.0,0.0
2000.0
2.0,3.0;3.0,0.0::-2500.0,0.0
-2500.0
3.0,0.0;2.0,3.0::-500.0,0.0
-500.0
2.0,3.0;3.0,1.0::0.0,0.0
0.0
3.0,1.0;2.0,3.0::-750.0,0.0
-750.0
2.0,3.0;3.0,2.0::0.0,0.0
0.0
3.0,2.0;2.0,3.0::-750.0,0.0
-750.0
2.0,3.0;3.0,3.0::2500.0,0.0
2500.0
3.0,3.0;2.0,3.0::-1000.0,0.0
-1000.0
2.0,3.0;3.0,4.0::-2500.0,0.0
-2500.0
3.0,4.0;2.0,3.0::-500.0,0.0
-500.0
2.0,3.0;4.0,0.0::-3500.0,0.0
-3500.0
4.0,0.0;2.0,3.0::2000.0,0.0
2000.0
2.0,3.0;4.0,1.0::-1000.0,0.0
-1000.0
4.0,1.0;2.0,3.0::1750.0,0.0
1750.0
2.0,3.0;4.0,2.0::-1000.0,0.0
-1000.0
4.0,2.0;2.0,3.0::1750.0,0.0
1750.0
2.0,3.0;4.0,3.0::1500.0,0.0
1500.0
4.0,3.0;2.0,3.0::1500.0,0.0
1500.0
2.0,3.0;4.0,4.0::-3500.0,0.0
-3500.0
4.0,4.0;2.0,3.0::2000.0,0.0
2000.0
2.0,4.0;2.0,4.0::-3000.0,0.0
-3000.0
2.0,4.0;2.0,4.0::-3000.0,0.0
-3000.0
2.0,4.0;3.0,0.0::-2507.5,0.0
-2507.5
3.0,0.0;2.0,4.0::-500.0,0.0
-500.0
2.0,4.0;3.0,1.0::-7.5,0.0
-7.5
3.0,1.0;2.0,4.0::-750.0,0.0
-750.0
2.0,4.0;3.0,2.0::-7.5,0.0
-7.5
3.0,2.0;2.0,4.0::-750.0,0.0
-750.0
2.0,4.0;3.0,3.0::2492.5,0.0
2492.5
3.0,3.0;2.0,4.0::-1000.0,0.0
-1000.0
2.0,4.0;3.0,4.0::-2507.5,0.0
-2507.5
3.0,4.0;2.0,4.0::-500.0,0.0
-500.0
2.0,4.0;4.0,0.0::-3502.5,0.0
-3502.5
4.0,0.0;2.0,4.0::1987.5,0.0
1987.5
2.0,4.0;4.0,1.0::-1002.5,0.0
-1002.5
4.0,1.0;2.0,4.0::1737.5,0.0
1737.5
2.0,4.0;4.0,2.0::-1002.5,0.0
-1002.5
4.0,2.0;2.0,4.0::1737.5,0.0
1737.5
2.0,4.0;4.0,3.0::1497.5,0.0
1497.5
4.0,3.0;2.0,4.0::1487.5,0.0
1487.5
2.0,4.0;4.0,4.0::-3502.5,0.0
-3502.5
4.0,4.0;2.0,4.0::1987.5,0.0
1987.5
3.0,0.0;3.0,0.0::-3000.0,0.0
-3000.0
3.0,0.0;3.0,0.0::-3000.0,0.0
-3000.0
3.0,0.0;3.0,1.0::-500.0,0.0
-500.0
3.0,1.0;3.0,0.0::-2500.0,0.0
-2500.0
3.0,0.0;3.0,2.0::-3000.0,0.0
-3000.0
3.0,2.0;3.0,0.0::-3000.0,0.0
-3000.0
3.0,0.0;3.0,3.0::-500.0,0.0
-500.0
3.0,3.0;3.0,0.0::-2500.0,0.0
-2500.0
3.0,0.0;3.0,4.0::-500.0,0.0
-500.0
3.0,4.0;3.0,0.0::-2507.5,0.0
-2507.5
3.0,0.0;4.0,0.0::-2515.0,0.0
-2515.0
4.0,0.0;3.0,0.0::-500.0,0.0
-500.0
3.0,0.0;4.0,1.0::-15.0,0.0
-15.0
4.0,1.0;3.0,0.0::0.0,0.0
0.0
3.0,0.0;4.0,2.0::-2515.0,0.0
-2515.0
4.0,2.0;3.0,0.0::-500.0,0.0
-500.0
3.0,0.0;4.0,3.0::-15.0,0.0
-15.0
4.0,3.0;3.0,0.0::0.0,0.0
0.0
3.0,0.0;4.0,4.0::-15.0,0.0
-15.0
4.0,4.0;3.0,0.0::-7.5,0.0
-7.5
3.0,1.0;3.0,1.0::0.0,0.0
0.0
3.0,1.0;3.0,1.0::0.0,0.0
0.0
3.0,1.0;3.0,2.0::-2500.0,0.0
-2500.0
3.0,2.0;3.0,1.0::-500.0,0.0
-500.0
3.0,1.0;3.0,3.0::0.0,0.0
0.0
3.0,3.0;3.0,1.0::0.0,0.0
0.0
3.0,1.0;3.0,4.0::0.0,0.0
0.0
3.0,4.0;3.0,1.0::-7.5,0.0
-7.5
3.0,1.0;4.0,0.0::-2515.0,0.0
-2515.0
4.0,0.0;3.0,1.0::-500.0,0.0
-500.0
3.0,1.0;4.0,1.0::-15.0,0.0
-15.0
4.0,1.0;3.0,1.0::0.0,0.0
0.0
3.0,1.0;4.0,2.0::-2515.0,0.0
-2515.0
4.0,2.0;3.0,1.0::-500.0,0.0
-500.0
3.0,1.0;4.0,3.0::-15.0,0.0
-15.0
4.0,3.0;3.0,1.0::0.0,0.0
0.0
3.0,1.0;4.0,4.0::-15.0,0.0
-15.0
4.0,4.0;3.0,1.0::-7.5,0.0
-7.5
3.0,2.0;3.0,2.0::-3000.0,0.0
-3000.0
3.0,2.0;3.0,2.0::-3000.0,0.0
-3000.0
3.0,2.0;3.0,3.0::-500.0,0.0
-500.0
3.0,3.0;3.0,2.0::-2500.0,0.0
-2500.0
3.0,2.0;3.0,4.0::-500.0,0.0
-500.0
3.0,4.0;3.0,2.0::-2507.5,0.0
-2507.5
3.0,2.0;4.0,0.0::-3500.0,0.0
-3500.0
4.0,0.0;3.0,2.0::2000.0,0.0
2000.0
3.0,2.0;4.0,1.0::-1000.0,0.0
-1000.0
4.0,1.0;3.0,2.0::2500.0,0.0
2500.0
3.0,2.0;4.0,2.0::-3500.0,0.0
-3500.0
4.0,2.0;3.0,2.0::2000.0,0.0
2000.0
3.0,2.0;4.0,3.0::-1000.0,0.0
-1000.0
4.0,3.0;3.0,2.0::2500.0,0.0
2500.0
3.0,2.0;4.0,4.0::-1000.0,0.0
-1000.0
4.0,4.0;3.0,2.0::2492.5,0.0
2492.5
3.0,3.0;3.0,3.0::0.0,0.0
0.0
3.0,3.0;3.0,3.0::0.0,0.0
0.0
3.0,3.0;3.0,4.0::0.0,0.0
0.0
3.0,4.0;3.0,3.0::-7.5,0.0
-7.5
3.0,3.0;4.0,0.0::-3500.0,0.0
-3500.0
4.0,0.0;3.0,3.0::2000.0,0.0
2000.0
3.0,3.0;4.0,1.0::-1000.0,0.0
-1000.0
4.0,1.0;3.0,3.0::2500.0,0.0
2500.0
3.0,3.0;4.0,2.0::-3500.0,0.0
-3500.0
4.0,2.0;3.0,3.0::2000.0,0.0
2000.0
3.0,3.0;4.0,3.0::-1000.0,0.0
-1000.0
4.0,3.0;3.0,3.0::2500.0,0.0
2500.0
3.0,3.0;4.0,4.0::-1000.0,0.0
-1000.0
4.0,4.0;3.0,3.0::2492.5,0.0
2492.5
3.0,4.0;3.0,4.0::-7.5,0.0
-7.5
3.0,4.0;3.0,4.0::-7.5,0.0
-7.5
3.0,4.0;4.0,0.0::-3502.5,0.0
-3502.5
4.0,0.0;3.0,4.0::1987.5,0.0
1987.5
3.0,4.0;4.0,1.0::-1002.5,0.0
-1002.5
4.0,1.0;3.0,4.0::2487.5,0.0
2487.5
3.0,4.0;4.0,2.0::-3502.5,0.0
-3502.5
4.0,2.0;3.0,4.0::1987.5,0.0
1987.5
3.0,4.0;4.0,3.0::-1002.5,0.0
-1002.5
4.0,3.0;3.0,4.0::2487.5,0.0
2487.5
3.0,4.0;4.0,4.0::-1002.5,0.0
-1002.5
4.0,4.0;3.0,4.0::2480.0,0.0
2480.0
4.0,0.0;4.0,0.0::-15.0,0.0
-15.0
4.0,0.0;4.0,0.0::-15.0,0.0
-15.0
4.0,0.0;4.0,1.0::-15.0,0.0
-15.0
4.0,1.0;4.0,0.0::-15.0,0.0
-15.0
4.0,0.0;4.0,2.0::2485.0,0.0
2485.0
4.0,2.0;4.0,0.0::-1000.0,0.0
-1000.0
4.0,0.0;4.0,3.0::2485.0,0.0
2485.0
4.0,3.0;4.0,0.0::-1000.0,0.0
-1000.0
4.0,0.0;4.0,4.0::2472.5,0.0
2472.5
4.0,4.0;4.0,0.0::-1002.5,0.0
-1002.5
4.0,1.0;4.0,1.0::-15.0,0.0
-15.0
4.0,1.0;4.0,1.0::-15.0,0.0
-15.0
4.0,1.0;4.0,2.0::2485.0,0.0
2485.0
4.0,2.0;4.0,1.0::-1000.0,0.0
-1000.0
4.0,1.0;4.0,3.0::2485.0,0.0
2485.0
4.0,3.0;4.0,1.0::-1000.0,0.0
-1000.0
4.0,1.0;4.0,4.0::2472.5,0.0
2472.5
4.0,4.0;4.0,1.0::-1002.5,0.0
-1002.5
4.0,2.0;4.0,2.0::1500.0,0.0
1500.0
4.0,2.0;4.0,2.0::1500.0,0.0
1500.0
4.0,2.0;4.0,3.0::1500.0,0.0
1500.0
4.0,3.0;4.0,2.0::1500.0,0.0
1500.0
4.0,2.0;4.0,4.0::1487.5,0.0
1487.5
4.0,4.0;4.0,2.0::1497.5,0.0
1497.5
4.0,3.0;4.0,3.0::1500.0,0.0
1500.0
4.0,3.0;4.0,3.0::1500.0,0.0
1500.0
4.0,3.0;4.0,4.0::1487.5,0.0
1487.5
4.0,4.0;4.0,3.0::1497.5,0.0
1497.5
4.0,4.0;4.0,4.0::1485.0,0.0
1485.0
4.0,4.0;4.0,4.0::1485.0,0.0
1485.0
