0.0,0.0;0.0,0.0::-1239.23,131.50774539927298
-1239.23
0.0,0.0;0.0,0.0::-1210.27,96.92650359937679
-1210.27
0.0,0.0;0.0,10.0::-1430.02,38.43637079642145
-1430.02
0.0,10.0;0.0,0.0::-307.22,112.60775550556012
-307.22
0.0,0.0;10.0,0.0::-1231.69,144.0403203967556
-1231.69
10.0,0.0;0.0,0.0::-1200.71,72.58543862235733
-1200.71
0.0,0.0;10.0,10.0::-1416.54,94.3856101320535
-1416.54
10.0,10.0;0.0,0.0::-299.7,89.02901212526173
-299.7
0.0,10.0;0.0,10.0::-513.385,41.17619791821484
-513.385
0.0,10.0;0.0,10.0::-511.685,37.1011896709526
-511.685
0.0,10.0;10.0,0.0::-1439.87,125.77330042580579
-1439.87
10.0,0.0;0.0,10.0::-2423.83,133.24155170216235
-2423.83
0.0,10.0;10.0,10.0::-1676.73,78.43912990338433
-1676.73
10.0,10.0;0.0,10.0::-1513.23,116.3989566104439
-1513.23
10.0,0.0;10.0,0.0::-1188.79,124.88342924503637
-1188.79
10.0,0.0;10.0,0.0::-1210.91,115.88721629239352
-1210.91
10.0,0.0;10.0,10.0::-2399.36,170.72972910421902
-2399.36
10.0,10.0;10.0,0.0::-1458.58,99.50263112099094
-1458.58
10.0,10.0;10.0,10.0::-2676.21,125.37649660123702
-2676.21
10.0,10.0;10.0,10.0::-2681.43,81.25260057376624
-2681.43
