3.0,1.0;3.0,1.0::0.0,0.0
0.0
3.0,1.0;3.0,1.0::0.0,0.0
0.0
3.0,1.0;3.0,2.0::-1000.0,0.0
-1000.0
3.0,2.0;3.0,1.0::-500.0,0.0
-500.0
3.0,1.0;3.0,3.0::0.0,0.0
0.0
3.0,3.0;3.0,1.0::0.0,0.0
0.0
3.0,1.0;3.0,4.0::0.0,0.0
0.0
3.0,4.0;3.0,1.0::-15.0,0.0
-15.0
3.0,1.0;4.0,0.0::-1007.5,0.0
-1007.5
4.0,0.0;3.0,1.0::-500.0,0.0
-500.0
3.0,1.0;4.0,1.0::-7.5,0.0
-7.5
4.0,1.0;3.0,1.0::0.0,0.0
0.0
3.0,1.0;4.0,2.0::-1007.5,0.0
-1007.5
4.0,2.0;3.0,1.0::-500.0,0.0
-500.0
3.0,1.0;4.0,3.0::-7.5,0.0
-7.5
4.0,3.0;3.0,1.0::0.0,0.0
0.0
3.0,1.0;4.0,4.0::-7.5,0.0
-7.5
4.0,4.0;3.0,1.0::-15.0,0.0
-15.0
