0.0,4.0;0.0,4.0::-15.0,0.0
-15.0
0.0,4.0;0.0,4.0::-15.0,0.0
-15.0
0.0,4.0;1.0,0.0::-15.0,0.0
-15.0
1.0,0.0;0.0,4.0::-1500.0,0.0
-1500.0
0.0,4.0;1.0,1.0::-15.0,0.0
-15.0
1.0,1.0;0.0,4.0::-1500.0,0.0
-1500.0
0.0,4.0;1.0,2.0::985.0,0.0
985.0
1.0,2.0;0.0,4.0::-1000.0,0.0
-1000.0
0.0,4.0;1.0,3.0::985.0,0.0
985.0
1.0,3.0;0.0,4.0::-1000.0,0.0
-1000.0
0.0,4.0;1.0,4.0::975.0,0.0
975.0
1.0,4.0;0.0,4.0::-1005.0,0.0
-1005.0
0.0,4.0;2.0,0.0::-500.0,0.0
-500.0
2.0,0.0;0.0,4.0::-2500.0,0.0
-2500.0
0.0,4.0;2.0,1.0::-500.0,0.0
-500.0
2.0,1.0;0.0,4.0::-2500.0,0.0
-2500.0
0.0,4.0;2.0,2.0::500.0,0.0
500.0
2.0,2.0;0.0,4.0::-2000.0,0.0
-2000.0
0.0,4.0;2.0,3.0::500.0,0.0
500.0
2.0,3.0;0.0,4.0::-2000.0,0.0
-2000.0
0.0,4.0;2.0,4.0::490.0,0.0
490.0
2.0,4.0;0.0,4.0::-2005.0,0.0
-2005.0
0.0,4.0;3.0,0.0::-15.0,0.0
-15.0
3.0,0.0;0.0,4.0::-1500.0,0.0
-1500.0
0.0,4.0;3.0,1.0::-15.0,0.0
-15.0
3.0,1.0;0.0,4.0::-1500.0,0.0
-1500.0
0.0,4.0;3.0,2.0::985.0,0.0
985.0
3.0,2.0;0.0,4.0::-1000.0,0.0
-1000.0
0.0,4.0;3.0,3.0::985.0,0.0
985.0
3.0,3.0;0.0,4.0::-1000.0,0.0
-1000.0
0.0,4.0;3.0,4.0::975.0,0.0
975.0
3.0,4.0;0.0,4.0::-1005.0,0.0
-1005.0
0.0,4.0;4.0,0.0::-7.5,0.0
-7.5
4.0,0.0;0.0,4.0::-1500.0,0.0
-1500.0
0.0,4.0;4.0,1.0::-7.5,0.0
-7.5
4.0,1.0;0.0,4.0::-1500.0,0.0
-1500.0
0.0,4.0;4.0,2.0::992.5,0.0
992.5
4.0,2.0;0.0,4.0::-1000.0,0.0
-1000.0
0.0,4.0;4.0,3.0::992.5,0.0
992.5
4.0,3.0;0.0,4.0::-1000.0,0.0
-1000.0
0.0,4.0;4.0,4.0::982.5,0.0
982.5
4.0,4.0;0.0,4.0::-1005.0,0.0
-1005.0
