0.0,1.0;0.0,1.0::-50500.0,0.0
-50500.0
0.0,1.0;0.0,1.0::-50500.0,0.0
-50500.0
0.0,1.0;0.0,2.0::-500.0,0.0
-500.0
0.0,2.0;0.0,1.0::-50000.0,0.0
-50000.0
0.0,1.0;0.0,3.0::-500.0,0.0
-500.0
0.0,3.0;0.0,1.0::-50000.0,0.0
-50000.0
0.0,1.0;0.0,4.0::-750.0,0.0
-750.0
0.0,4.0;0.0,1.0::-50002.5,0.0
-50002.5
0.0,1.0;1.0,0.0::-49750.0,0.0
-49750.0
1.0,0.0;0.0,1.0::-26000.0,0.0
-26000.0
0.0,1.0;1.0,1.0::-49750.0,0.0
-49750.0
1.0,1.0;0.0,1.0::-26000.0,0.0
-26000.0
0.0,1.0;1.0,2.0::250.0,0.0
250.0
1.0,2.0;0.0,1.0::-25500.0,0.0
-25500.0
0.0,1.0;1.0,3.0::250.0,0.0
250.0
1.0,3.0;0.0,1.0::-25500.0,0.0
-25500.0
0.0,1.0;1.0,4.0::0.0,0.0
0.0
1.0,4.0;0.0,1.0::-25502.5,0.0
-25502.5
0.0,1.0;2.0,0.0::-49750.0,0.0
-49750.0
2.0,0.0;0.0,1.0::-26000.0,0.0
-26000.0
0.0,1.0;2.0,1.0::-49750.0,0.0
-49750.0
2.0,1.0;0.0,1.0::-26000.0,0.0
-26000.0
0.0,1.0;2.0,2.0::250.0,0.0
250.0
2.0,2.0;0.0,1.0::-25500.0,0.0
-25500.0
0.0,1.0;2.0,3.0::250.0,0.0
250.0
2.0,3.0;0.0,1.0::-25500.0,0.0
-25500.0
0.0,1.0;2.0,4.0::0.0,0.0
0.0
2.0,4.0;0.0,1.0::-25502.5,0.0
-25502.5
0.0,1.0;3.0,0.0::-49000.0,0.0
-49000.0
3.0,0.0;0.0,1.0::-1500.0,0.0
-1500.0
0.0,1.0;3.0,1.0::-49000.0,0.0
-49000.0
3.0,1.0;0.0,1.0::-1500.0,0.0
-1500.0
0.0,1.0;3.0,2.0::1000.0,0.0
1000.0
3.0,2.0;0.0,1.0::-1000.0,0.0
-1000.0
0.0,1.0;3.0,3.0::1000.0,0.0
1000.0
3.0,3.0;0.0,1.0::-1000.0,0.0
-1000.0
0.0,1.0;3.0,4.0::750.0,0.0
750.0
3.0,4.0;0.0,1.0::-1002.5,0.0
-1002.5
0.0,1.0;4.0,0.0::-49015.0,0.0
-49015.0
4.0,0.0;0.0,1.0::-1990.0,0.0
-1990.0
0.0,1.0;4.0,1.0::-49015.0,0.0
-49015.0
4.0,1.0;0.0,1.0::-1990.0,0.0
-1990.0
0.0,1.0;4.0,2.0::985.0,0.0
985.0
4.0,2.0;0.0,1.0::-1490.0,0.0
-1490.0
0.0,1.0;4.0,3.0::985.0,0.0
985.0
4.0,3.0;0.0,1.0::-1490.0,0.0
-1490.0
0.0,1.0;4.0,4.0::735.0,0.0
735.0
4.0,4.0;0.0,1.0::-1492.5,0.0
-1492.5
