2.0,0.0;2.0,0.0::-50500.0,0.0
-50500.0
2.0,0.0;2.0,0.0::-50500.0,0.0
-50500.0
2.0,0.0;2.0,1.0::-25000.0,0.0
-25000.0
2.0,1.0;2.0,0.0::-50750.0,0.0
-50750.0
2.0,0.0;2.0,2.0::-25000.0,0.0
-25000.0
2.0,2.0;2.0,0.0::-50750.0,0.0
-50750.0
2.0,0.0;2.0,3.0::500.0,0.0
500.0
2.0,3.0;2.0,0.0::-51000.0,0.0
-51000.0
2.0,0.0;2.0,4.0::-50500.0,0.0
-50500.0
2.0,4.0;2.0,0.0::-50500.0,0.0
-50500.0
2.0,0.0;3.0,0.0::-50500.0,0.0
-50500.0
3.0,0.0;2.0,0.0::-50500.0,0.0
-50500.0
2.0,0.0;3.0,1.0::-25000.0,0.0
-25000.0
3.0,1.0;2.0,0.0::-50750.0,0.0
-50750.0
2.0,0.0;3.0,2.0::-25000.0,0.0
-25000.0
3.0,2.0;2.0,0.0::-50750.0,0.0
-50750.0
2.0,0.0;3.0,3.0::500.0,0.0
500.0
3.0,3.0;2.0,0.0::-51000.0,0.0
-51000.0
2.0,0.0;3.0,4.0::-50500.0,0.0
-50500.0
3.0,4.0;2.0,0.0::-50500.0,0.0
-50500.0
2.0,0.0;4.0,0.0::-50015.0,0.0
-50015.0
4.0,0.0;2.0,0.0::-990.0,0.0
-990.0
2.0,0.0;4.0,1.0::-24515.0,0.0
-24515.0
4.0,1.0;2.0,0.0::-1240.0,0.0
-1240.0
2.0,0.0;4.0,2.0::-24515.0,0.0
-24515.0
4.0,2.0;2.0,0.0::-1240.0,0.0
-1240.0
2.0,0.0;4.0,3.0::985.0,0.0
985.0
4.0,3.0;2.0,0.0::-1490.0,0.0
-1490.0
2.0,0.0;4.0,4.0::-50015.0,0.0
-50015.0
4.0,4.0;2.0,0.0::-990.0,0.0
-990.0
