2.0,4.0;2.0,4.0::-50500.0,0.0
-50500.0
2.0,4.0;2.0,4.0::-50500.0,0.0
-50500.0
2.0,4.0;3.0,0.0::-50007.5,0.0
-50007.5
3.0,0.0;2.0,4.0::-745.0,0.0
-745.0
2.0,4.0;3.0,1.0::-24507.5,0.0
-24507.5
3.0,1.0;2.0,4.0::-995.0,0.0
-995.0
2.0,4.0;3.0,2.0::-24507.5,0.0
-24507.5
3.0,2.0;2.0,4.0::-995.0,0.0
-995.0
2.0,4.0;3.0,3.0::992.5,0.0
992.5
3.0,3.0;2.0,4.0::-1245.0,0.0
-1245.0
2.0,4.0;3.0,4.0::-50007.5,0.0
-50007.5
3.0,4.0;2.0,4.0::-745.0,0.0
-745.0
2.0,4.0;4.0,0.0::-51002.5,0.0
-51002.5
4.0,0.0;2.0,4.0::250.0,0.0
250.0
2.0,4.0;4.0,1.0::-25502.5,0.0
-25502.5
4.0,1.0;2.0,4.0::0.0,0.0
0.0
2.0,4.0;4.0,2.0::-25502.5,0.0
-25502.5
4.0,2.0;2.0,4.0::0.0,0.0
0.0
2.0,4.0;4.0,3.0::-2.5,0.0
-2.5
4.0,3.0;2.0,4.0::-250.0,0.0
-250.0
2.0,4.0;4.0,4.0::-51002.5,0.0
-51002.5
4.0,4.0;2.0,4.0::250.0,0.0
250.0
