3.0,1.0;3.0,1.0::0.0,0.0
0.0
3.0,1.0;3.0,1.0::0.0,0.0
0.0
3.0,1.0;3.0,2.0::-50000.0,0.0
-50000.0
3.0,2.0;3.0,1.0::-500.0,0.0
-500.0
3.0,1.0;3.0,3.0::0.0,0.0
0.0
3.0,3.0;3.0,1.0::0.0,0.0
0.0
3.0,1.0;3.0,4.0::-245.0,0.0
-245.0
3.0,4.0;3.0,1.0::-7.5,0.0
-7.5
3.0,1.0;4.0,0.0::-50015.0,0.0
-50015.0
4.0,0.0;3.0,1.0::-990.0,0.0
-990.0
3.0,1.0;4.0,1.0::-15.0,0.0
-15.0
4.0,1.0;3.0,1.0::-490.0,0.0
-490.0
3.0,1.0;4.0,2.0::-50015.0,0.0
-50015.0
4.0,2.0;3.0,1.0::-990.0,0.0
-990.0
3.0,1.0;4.0,3.0::-15.0,0.0
-15.0
4.0,3.0;3.0,1.0::-490.0,0.0
-490.0
3.0,1.0;4.0,4.0::-260.0,0.0
-260.0
4.0,4.0;3.0,1.0::-497.5,0.0
-497.5
