0.0,2.0;0.0,2.0::0.0,0.0
0.0
0.0,2.0;0.0,2.0::0.0,0.0
0.0
0.0,2.0;0.0,3.0::0.0,0.0
0.0
0.0,3.0;0.0,2.0::0.0,0.0
0.0
0.0,2.0;0.0,4.0::-250.0,0.0
-250.0
0.0,4.0;0.0,2.0::-2.5,0.0
-2.5
0.0,2.0;1.0,0.0::-49750.0,0.0
-49750.0
1.0,0.0;0.0,2.0::-26000.0,0.0
-26000.0
0.0,2.0;1.0,1.0::-49750.0,0.0
-49750.0
1.0,1.0;0.0,2.0::-26000.0,0.0
-26000.0
0.0,2.0;1.0,2.0::250.0,0.0
250.0
1.0,2.0;0.0,2.0::-25500.0,0.0
-25500.0
0.0,2.0;1.0,3.0::250.0,0.0
250.0
1.0,3.0;0.0,2.0::-25500.0,0.0
-25500.0
0.0,2.0;1.0,4.0::0.0,0.0
0.0
1.0,4.0;0.0,2.0::-25502.5,0.0
-25502.5
0.0,2.0;2.0,0.0::-49750.0,0.0
-49750.0
2.0,0.0;0.0,2.0::-26000.0,0.0
-26000.0
0.0,2.0;2.0,1.0::-49750.0,0.0
-49750.0
2.0,1.0;0.0,2.0::-26000.0,0.0
-26000.0
0.0,2.0;2.0,2.0::250.0,0.0
250.0
2.0,2.0;0.0,2.0::-25500.0,0.0
-25500.0
0.0,2.0;2.0,3.0::250.0,0.0
250.0
2.0,3.0;0.0,2.0::-25500.0,0.0
-25500.0
0.0,2.0;2.0,4.0::0.0,0.0
0.0
2.0,4.0;0.0,2.0::-25502.5,0.0
-25502.5
0.0,2.0;3.0,0.0::-49500.0,0.0
-49500.0
3.0,0.0;0.0,2.0::-51500.0,0.0
-51500.0
0.0,2.0;3.0,1.0::-49500.0,0.0
-49500.0
3.0,1.0;0.0,2.0::-51500.0,0.0
-51500.0
0.0,2.0;3.0,2.0::500.0,0.0
500.0
3.0,2.0;0.0,2.0::-51000.0,0.0
-51000.0
0.0,2.0;3.0,3.0::500.0,0.0
500.0
3.0,3.0;0.0,2.0::-51000.0,0.0
-51000.0
0.0,2.0;3.0,4.0::250.0,0.0
250.0
3.0,4.0;0.0,2.0::-51002.5,0.0
-51002.5
0.0,2.0;4.0,0.0::-50000.0,0.0
-50000.0
4.0,0.0;0.0,2.0::-500.0,0.0
-500.0
0.0,2.0;4.0,1.0::-50000.0,0.0
-50000.0
4.0,1.0;0.0,2.0::-500.0,0.0
-500.0
0.0,2.0;4.0,2.0::0.0,0.0
0.0
4.0,2.0;0.0,2.0::0.0,0.0
0.0
0.0,2.0;4.0,3.0::0.0,0.0
0.0
4.0,3.0;0.0,2.0::0.0,0.0
0.0
0.0,2.0;4.0,4.0::-250.0,0.0
-250.0
4.0,4.0;0.0,2.0::-2.5,0.0
-2.5
