0.0,4.0;0.0,4.0::-252.5,0.0
-252.5
0.0,4.0;0.0,4.0::-252.5,0.0
-252.5
0.0,4.0;1.0,0.0::-49007.5,0.0
-49007.5
1.0,0.0;0.0,4.0::-1745.0,0.0
-1745.0
0.0,4.0;1.0,1.0::-49007.5,0.0
-49007.5
1.0,1.0;0.0,4.0::-1745.0,0.0
-1745.0
0.0,4.0;1.0,2.0::992.5,0.0
992.5
1.0,2.0;0.0,4.0::-1245.0,0.0
-1245.0
0.0,4.0;1.0,3.0::992.5,0.0
992.5
1.0,3.0;0.0,4.0::-1245.0,0.0
-1245.0
0.0,4.0;1.0,4.0::742.5,0.0
742.5
1.0,4.0;0.0,4.0::-1247.5,0.0
-1247.5
0.0,4.0;2.0,0.0::-49500.0,0.0
-49500.0
2.0,0.0;0.0,4.0::-51500.0,0.0
-51500.0
0.0,4.0;2.0,1.0::-49500.0,0.0
-49500.0
2.0,1.0;0.0,4.0::-51500.0,0.0
-51500.0
0.0,4.0;2.0,2.0::500.0,0.0
500.0
2.0,2.0;0.0,4.0::-51000.0,0.0
-51000.0
0.0,4.0;2.0,3.0::500.0,0.0
500.0
2.0,3.0;0.0,4.0::-51000.0,0.0
-51000.0
0.0,4.0;2.0,4.0::250.0,0.0
250.0
2.0,4.0;0.0,4.0::-51002.5,0.0
-51002.5
0.0,4.0;3.0,0.0::-49007.5,0.0
-49007.5
3.0,0.0;0.0,4.0::-1745.0,0.0
-1745.0
0.0,4.0;3.0,1.0::-49007.5,0.0
-49007.5
3.0,1.0;0.0,4.0::-1745.0,0.0
-1745.0
0.0,4.0;3.0,2.0::992.5,0.0
992.5
3.0,2.0;0.0,4.0::-1245.0,0.0
-1245.0
0.0,4.0;3.0,3.0::992.5,0.0
992.5
3.0,3.0;0.0,4.0::-1245.0,0.0
-1245.0
0.0,4.0;3.0,4.0::742.5,0.0
742.5
3.0,4.0;0.0,4.0::-1247.5,0.0
-1247.5
0.0,4.0;4.0,0.0::-50002.5,0.0
-50002.5
4.0,0.0;0.0,4.0::-750.0,0.0
-750.0
0.0,4.0;4.0,1.0::-50002.5,0.0
-50002.5
4.0,1.0;0.0,4.0::-750.0,0.0
-750.0
0.0,4.0;4.0,2.0::-2.5,0.0
-2.5
4.0,2.0;0.0,4.0::-250.0,0.0
-250.0
0.0,4.0;4.0,3.0::-2.5,0.0
-2.5
4.0,3.0;0.0,4.0::-250.0,0.0
-250.0
0.0,4.0;4.0,4.0::-252.5,0.0
-252.5
4.0,4.0;0.0,4.0::-252.5,0.0
-252.5
