1.0,0.0;1.0,0.0::-50500.0,0.0
-50500.0
1.0,0.0;1.0,0.0::-50500.0,0.0
-50500.0
1.0,0.0;1.0,1.0::-26000.0,0.0
-26000.0
1.0,1.0;1.0,0.0::-49750.0,0.0
-49750.0
1.0,0.0;1.0,2.0::-26000.0,0.0
-26000.0
1.0,2.0;1.0,0.0::-49750.0,0.0
-49750.0
1.0,0.0;1.0,3.0::-1500.0,0.0
-1500.0
1.0,3.0;1.0,0.0::-49000.0,0.0
-49000.0
1.0,0.0;1.0,4.0::-1745.0,0.0
-1745.0
1.0,4.0;1.0,0.0::-49007.5,0.0
-49007.5
1.0,0.0;2.0,0.0::-49500.0,0.0
-49500.0
2.0,0.0;1.0,0.0::-51500.0,0.0
-51500.0
1.0,0.0;2.0,1.0::-25000.0,0.0
-25000.0
2.0,1.0;1.0,0.0::-50750.0,0.0
-50750.0
1.0,0.0;2.0,2.0::-25000.0,0.0
-25000.0
2.0,2.0;1.0,0.0::-50750.0,0.0
-50750.0
1.0,0.0;2.0,3.0::-500.0,0.0
-500.0
2.0,3.0;1.0,0.0::-50000.0,0.0
-50000.0
1.0,0.0;2.0,4.0::-745.0,0.0
-745.0
2.0,4.0;1.0,0.0::-50007.5,0.0
-50007.5
1.0,0.0;3.0,0.0::-49500.0,0.0
-49500.0
3.0,0.0;1.0,0.0::-51500.0,0.0
-51500.0
1.0,0.0;3.0,1.0::-25000.0,0.0
-25000.0
3.0,1.0;1.0,0.0::-50750.0,0.0
-50750.0
1.0,0.0;3.0,2.0::-25000.0,0.0
-25000.0
3.0,2.0;1.0,0.0::-50750.0,0.0
-50750.0
1.0,0.0;3.0,3.0::-500.0,0.0
-500.0
3.0,3.0;1.0,0.0::-50000.0,0.0
-50000.0
1.0,0.0;3.0,4.0::-745.0,0.0
-745.0
3.0,4.0;1.0,0.0::-50007.5,0.0
-50007.5
1.0,0.0;4.0,0.0::-49015.0,0.0
-49015.0
4.0,0.0;1.0,0.0::-1990.0,0.0
-1990.0
1.0,0.0;4.0,1.0::-24515.0,0.0
-24515.0
4.0,1.0;1.0,0.0::-1240.0,0.0
-1240.0
1.0,0.0;4.0,2.0::-24515.0,0.0
-24515.0
4.0,2.0;1.0,0.0::-1240.0,0.0
-1240.0
1.0,0.0;4.0,3.0::-15.0,0.0
-15.0
4.0,3.0;1.0,0.0::-490.0,0.0
-490.0
1.0,0.0;4.0,4.0::-260.0,0.0
-260.0
4.0,4.0;1.0,0.0::-497.5,0.0
-497.5
