1.0,4.0;1.0,4.0::-252.5,0.0
-252.5
1.0,4.0;1.0,4.0::-252.5,0.0
-252.5
1.0,4.0;2.0,0.0::-49500.0,0.0
-49500.0
2.0,0.0;1.0,4.0::-51500.0,0.0
-51500.0
1.0,4.0;2.0,1.0::-25000.0,0.0
-25000.0
2.0,1.0;1.0,4.0::-50750.0,0.0
-50750.0
1.0,4.0;2.0,2.0::-25000.0,0.0
-25000.0
2.0,2.0;1.0,4.0::-50750.0,0.0
-50750.0
1.0,4.0;2.0,3.0::-500.0,0.0
-500.0
2.0,3.0;1.0,4.0::-50000.0,0.0
-50000.0
1.0,4.0;2.0,4.0::-745.0,0.0
-745.0
2.0,4.0;1.0,4.0::-50007.5,0.0
-50007.5
1.0,4.0;3.0,0.0::-49007.5,0.0
-49007.5
3.0,0.0;1.0,4.0::-1745.0,0.0
-1745.0
1.0,4.0;3.0,1.0::-24507.5,0.0
-24507.5
3.0,1.0;1.0,4.0::-995.0,0.0
-995.0
1.0,4.0;3.0,2.0::-24507.5,0.0
-24507.5
3.0,2.0;1.0,4.0::-995.0,0.0
-995.0
1.0,4.0;3.0,3.0::-7.5,0.0
-7.5
3.0,3.0;1.0,4.0::-245.0,0.0
-245.0
1.0,4.0;3.0,4.0::-252.5,0.0
-252.5
3.0,4.0;1.0,4.0::-252.5,0.0
-252.5
1.0,4.0;4.0,0.0::-50002.5,0.0
-50002.5
4.0,0.0;1.0,4.0::-750.0,0.0
-750.0
1.0,4.0;4.0,1.0::-25502.5,0.0
-25502.5
4.0,1.0;1.0,4.0::0.0,0.0
0.0
1.0,4.0;4.0,2.0::-25502.5,0.0
-25502.5
4.0,2.0;1.0,4.0::0.0,0.0
0.0
1.0,4.0;4.0,3.0::-1002.5,0.0
-1002.5
4.0,3.0;1.0,4.0::750.0,0.0
750.0
1.0,4.0;4.0,4.0::-1247.5,0.0
-1247.5
4.0,4.0;1.0,4.0::742.5,0.0
742.5
