2.0,4.0;2.0,4.0::-3000.0,0.0
-3000.0
2.0,4.0;2.0,4.0::-3000.0,0.0
-3000.0
2.0,4.0;3.0,0.0::-2504.5,0.0
-2504.5
3.0,0.0;2.0,4.0::-504.5,0.0
-504.5
2.0,4.0;3.0,1.0::-754.5,0.0
-754.5
3.0,1.0;2.0,4.0::-754.5,0.0
-754.5
2.0,4.0;3.0,2.0::-754.5,0.0
-754.5
3.0,2.0;2.0,4.0::-754.5,0.0
-754.5
2.0,4.0;3.0,3.0::995.5,0.0
995.5
3.0,3.0;2.0,4.0::-1004.5,0.0
-1004.5
2.0,4.0;3.0,4.0::-2504.5,0.0
-2504.5
3.0,4.0;2.0,4.0::-504.5,0.0
-504.5
2.0,4.0;4.0,0.0::-3501.5,0.0
-3501.5
4.0,0.0;2.0,4.0::492.5,0.0
492.5
2.0,4.0;4.0,1.0::-1751.5,0.0
-1751.5
4.0,1.0;2.0,4.0::242.5,0.0
242.5
2.0,4.0;4.0,2.0::-1751.5,0.0
-1751.5
4.0,2.0;2.0,4.0::242.5,0.0
242.5
2.0,4.0;4.0,3.0::-1.5,0.0
-1.5
4.0,3.0;2.0,4.0::-7.5,0.0
-7.5
2.0,4.0;4.0,4.0::-3501.5,0.0
-3501.5
4.0,4.0;2.0,4.0::492.5,0.0
492.5
