0.0,4.0;0.0,4.0::-9.0,0.0
-9.0
0.0,4.0;0.0,4.0::-9.0,0.0
-9.0
0.0,4.0;1.0,0.0::-1504.5,0.0
-1504.5
1.0,0.0;0.0,4.0::-1504.5,0.0
-1504.5
0.0,4.0;1.0,1.0::-1504.5,0.0
-1504.5
1.0,1.0;0.0,4.0::-1504.5,0.0
-1504.5
0.0,4.0;1.0,2.0::995.5,0.0
995.5
1.0,2.0;0.0,4.0::-1004.5,0.0
-1004.5
0.0,4.0;1.0,3.0::995.5,0.0
995.5
1.0,3.0;0.0,4.0::-1004.5,0.0
-1004.5
0.0,4.0;1.0,4.0::988.0,0.0
988.0
1.0,4.0;0.0,4.0::-1006.0,0.0
-1006.0
0.0,4.0;2.0,0.0::-2000.0,0.0
-2000.0
2.0,0.0;0.0,4.0::-4000.0,0.0
-4000.0
0.0,4.0;2.0,1.0::-2000.0,0.0
-2000.0
2.0,1.0;0.0,4.0::-4000.0,0.0
-4000.0
0.0,4.0;2.0,2.0::500.0,0.0
500.0
2.0,2.0;0.0,4.0::-3500.0,0.0
-3500.0
0.0,4.0;2.0,3.0::500.0,0.0
500.0
2.0,3.0;0.0,4.0::-3500.0,0.0
-3500.0
0.0,4.0;2.0,4.0::492.5,0.0
492.5
2.0,4.0;0.0,4.0::-3501.5,0.0
-3501.5
0.0,4.0;3.0,0.0::-1504.5,0.0
-1504.5
3.0,0.0;0.0,4.0::-1504.5,0.0
-1504.5
0.0,4.0;3.0,1.0::-1504.5,0.0
-1504.5
3.0,1.0;0.0,4.0::-1504.5,0.0
-1504.5
0.0,4.0;3.0,2.0::995.5,0.0
995.5
3.0,2.0;0.0,4.0::-1004.5,0.0
-1004.5
0.0,4.0;3.0,3.0::995.5,0.0
995.5
3.0,3.0;0.0,4.0::-1004.5,0.0
-1004.5
0.0,4.0;3.0,4.0::988.0,0.0
988.0
3.0,4.0;0.0,4.0::-1006.0,0.0
-1006.0
0.0,4.0;4.0,0.0::-2501.5,0.0
-2501.5
4.0,0.0;0.0,4.0::-507.5,0.0
-507.5
0.0,4.0;4.0,1.0::-2501.5,0.0
-2501.5
4.0,1.0;0.0,4.0::-507.5,0.0
-507.5
0.0,4.0;4.0,2.0::-1.5,0.0
-1.5
4.0,2.0;0.0,4.0::-7.5,0.0
-7.5
0.0,4.0;4.0,3.0::-1.5,0.0
-1.5
4.0,3.0;0.0,4.0::-7.5,0.0
-7.5
0.0,4.0;4.0,4.0::-9.0,0.0
-9.0
4.0,4.0;0.0,4.0::-9.0,0.0
-9.0
