1.0,4.0;1.0,4.0::-9.0,0.0
-9.0
1.0,4.0;1.0,4.0::-9.0,0.0
-9.0
1.0,4.0;2.0,0.0::-2000.0,0.0
-2000.0
2.0,0.0;1.0,4.0::-4000.0,0.0
-4000.0
1.0,4.0;2.0,1.0::-1250.0,0.0
-1250.0
2.0,1.0;1.0,4.0::-3250.0,0.0
-3250.0
1.0,4.0;2.0,2.0::-1250.0,0.0
-1250.0
2.0,2.0;1.0,4.0::-3250.0,0.0
-3250.0
1.0,4.0;2.0,3.0::-500.0,0.0
-500.0
2.0,3.0;1.0,4.0::-2500.0,0.0
-2500.0
1.0,4.0;2.0,4.0::-504.5,0.0
-504.5
2.0,4.0;1.0,4.0::-2504.5,0.0
-2504.5
1.0,4.0;3.0,0.0::-1504.5,0.0
-1504.5
3.0,0.0;1.0,4.0::-1504.5,0.0
-1504.5
1.0,4.0;3.0,1.0::-754.5,0.0
-754.5
3.0,1.0;1.0,4.0::-754.5,0.0
-754.5
1.0,4.0;3.0,2.0::-754.5,0.0
-754.5
3.0,2.0;1.0,4.0::-754.5,0.0
-754.5
1.0,4.0;3.0,3.0::-4.5,0.0
-4.5
3.0,3.0;1.0,4.0::-4.5,0.0
-4.5
1.0,4.0;3.0,4.0::-9.0,0.0
-9.0
3.0,4.0;1.0,4.0::-9.0,0.0
-9.0
1.0,4.0;4.0,0.0::-2501.5,0.0
-2501.5
4.0,0.0;1.0,4.0::-507.5,0.0
-507.5
1.0,4.0;4.0,1.0::-1751.5,0.0
-1751.5
4.0,1.0;1.0,4.0::242.5,0.0
242.5
1.0,4.0;4.0,2.0::-1751.5,0.0
-1751.5
4.0,2.0;1.0,4.0::242.5,0.0
242.5
1.0,4.0;4.0,3.0::-1001.5,0.0
-1001.5
4.0,3.0;1.0,4.0::992.5,0.0
992.5
1.0,4.0;4.0,4.0::-1006.0,0.0
-1006.0
4.0,4.0;1.0,4.0::988.0,0.0
988.0
