0.0,0.0;0.0,0.0::-3000.0,0.0
-3000.0
0.0,0.0;0.0,0.0::-3000.0,0.0
-3000.0
0.0,0.0;0.0,1.0::-3000.0,0.0
-3000.0
0.0,1.0;0.0,0.0::-3000.0,0.0
-3000.0
0.0,0.0;0.0,2.0::-500.0,0.0
-500.0
0.0,2.0;0.0,0.0::-2500.0,0.0
-2500.0
0.0,0.0;0.0,3.0::-500.0,0.0
-500.0
0.0,3.0;0.0,0.0::-2500.0,0.0
-2500.0
0.0,0.0;0.0,4.0::-507.5,0.0
-507.5
0.0,4.0;0.0,0.0::-2501.5,0.0
-2501.5
0.0,0.0;1.0,0.0::-3000.0,0.0
-3000.0
1.0,0.0;0.0,0.0::-3000.0,0.0
-3000.0
0.0,0.0;1.0,1.0::-3000.0,0.0
-3000.0
1.0,1.0;0.0,0.0::-3000.0,0.0
-3000.0
0.0,0.0;1.0,2.0::-500.0,0.0
-500.0
1.0,2.0;0.0,0.0::-2500.0,0.0
-2500.0
0.0,0.0;1.0,3.0::-500.0,0.0
-500.0
1.0,3.0;0.0,0.0::-2500.0,0.0
-2500.0
0.0,0.0;1.0,4.0::-507.5,0.0
-507.5
1.0,4.0;0.0,0.0::-2501.5,0.0
-2501.5
0.0,0.0;2.0,0.0::-2000.0,0.0
-2000.0
2.0,0.0;0.0,0.0::-4000.0,0.0
-4000.0
0.0,0.0;2.0,1.0::-2000.0,0.0
-2000.0
2.0,1.0;0.0,0.0::-4000.0,0.0
-4000.0
0.0,0.0;2.0,2.0::500.0,0.0
500.0
2.0,2.0;0.0,0.0::-3500.0,0.0
-3500.0
0.0,0.0;2.0,3.0::500.0,0.0
500.0
2.0,3.0;0.0,0.0::-3500.0,0.0
-3500.0
0.0,0.0;2.0,4.0::492.5,0.0
492.5
2.0,4.0;0.0,0.0::-3501.5,0.0
-3501.5
0.0,0.0;3.0,0.0::-2000.0,0.0
-2000.0
3.0,0.0;0.0,0.0::-4000.0,0.0
-4000.0
0.0,0.0;3.0,1.0::-2000.0,0.0
-2000.0
3.0,1.0;0.0,0.0::-4000.0,0.0
-4000.0
0.0,0.0;3.0,2.0::500.0,0.0
500.0
3.0,2.0;0.0,0.0::-3500.0,0.0
-3500.0
0.0,0.0;3.0,3.0::500.0,0.0
500.0
3.0,3.0;0.0,0.0::-3500.0,0.0
-3500.0
0.0,0.0;3.0,4.0::492.5,0.0
492.5
3.0,4.0;0.0,0.0::-3501.5,0.0
-3501.5
0.0,0.0;4.0,0.0::-1515.0,0.0
-1515.0
4.0,0.0;0.0,0.0::-1515.0,0.0
-1515.0
0.0,0.0;4.0,1.0::-1515.0,0.0
-1515.0
4.0,1.0;0.0,0.0::-1515.0,0.0
-1515.0
0.0,0.0;4.0,2.0::985.0,0.0
985.0
4.0,2.0;0.0,0.0::-1015.0,0.0
-1015.0
0.0,0.0;4.0,3.0::985.0,0.0
985.0
4.0,3.0;0.0,0.0::-1015.0,0.0
-1015.0
0.0,0.0;4.0,4.0::977.5,0.0
977.5
4.0,4.0;0.0,0.0::-1016.5,0.0
-1016.5
0.0,1.0;0.0,1.0::-3000.0,0.0
-3000.0
0.0,1.0;0.0,1.0::-3000.0,0.0
-3000.0
0.0,1.0;0.0,2.0::-500.0,0.0
-500.0
0.0,2.0;0.0,1.0::-2500.0,0.0
-2500.0
0.0,1.0;0.0,3.0::-500.0,0.0
-500.0
0.0,3.0;0.0,1.0::-2500.0,0.0
-2500.0
0.0,1.0;0.0,4.0::-507.5,0.0
-507.5
0.0,4.0;0.0,1.0::-2501.5,0.0
-2501.5
0.0,1.0;1.0,0.0::-2250.0,0.0
-2250.0
1.0,0.0;0.0,1.0::-2250.0,0.0
-2250.0
0.0,1.0;1.0,1.0::-2250.0,0.0
-2250.0
1.0,1.0;0.0,1.0::-2250.0,0.0
-2250.0
0.0,1.0;1.0,2.0::250.0,0.0
250.0
1.0,2.0;0.0,1.0::-1750.0,0.0
-1750.0
0.0,1.0;1.0,3.0::250.0,0.0
250.0
1.0,3.0;0.0,1.0::-1750.0,0.0
-1750.0
0.0,1.0;1.0,4.0::242.5,0.0
242.5
1.0,4.0;0.0,1.0::-1751.5,0.0
-1751.5
0.0,1.0;2.0,0.0::-2250.0,0.0
-2250.0
2.0,0.0;0.0,1.0::-2250.0,0.0
-2250.0
0.0,1.0;2.0,1.0::-2250.0,0.0
-2250.0
2.0,1.0;0.0,1.0::-2250.0,0.0
-2250.0
0.0,1.0;2.0,2.0::250.0,0.0
250.0
2.0,2.0;0.0,1.0::-1750.0,0.0
-1750.0
0.0,1.0;2.0,3.0::250.0,0.0
250.0
2.0,3.0;0.0,1.0::-1750.0,0.0
-1750.0
0.0,1.0;2.0,4.0::242.5,0.0
242.5
2.0,4.0;0.0,1.0::-1751.5,0.0
-1751.5
0.0,1.0;3.0,0.0::-1500.0,0.0
-1500.0
3.0,0.0;0.0,1.0::-1500.0,0.0
-1500.0
0.0,1.0;3.0,1.0::-1500.0,0.0
-1500.0
3.0,1.0;0.0,1.0::-1500.0,0.0
-1500.0
0.0,1.0;3.0,2.0::1000.0,0.0
1000.0
3.0,2.0;0.0,1.0::-1000.0,0.0
-1000.0
0.0,1.0;3.0,3.0::1000.0,0.0
1000.0
3.0,3.0;0.0,1.0::-1000.0,0.0
-1000.0
0.0,1.0;3.0,4.0::992.5,0.0
992.5
3.0,4.0;0.0,1.0::-1001.5,0.0
-1001.5
0.0,1.0;4.0,0.0::-1515.0,0.0
-1515.0
4.0,0.0;0.0,1.0::-1515.0,0.0
-1515.0
0.0,1.0;4.0,1.0::-1515.0,0.0
-1515.0
4.0,1.0;0.0,1.0::-1515.0,0.0
-1515.0
0.0,1.0;4.0,2.0::985.0,0.0
985.0
4.0,2.0;0.0,1.0::-1015.0,0.0
-1015.0
0.0,1.0;4.0,3.0::985.0,0.0
985.0
4.0,3.0;0.0,1.0::-1015.0,0.0
-1015.0
0.0,1.0;4.0,4.0::977.5,0.0
977.5
4.0,4.0;0.0,1.0::-1016.5,0.0
-1016.5
0.0,2.0;0.0,2.0::0.0,0.0
0.0
0.0,2.0;0.0,2.0::0.0,0.0
0.0
0.0,2.0;0.0,3.0::0.0,0.0
0.0
0.0,3.0;0.0,2.0::0.0,0.0
0.0
0.0,2.0;0.0,4.0::-7.5,0.0
-7.5
0.0,4.0;0.0,2.0::-1.5,0.0
-1.5
0.0,2.0;1.0,0.0::-2250.0,0.0
-2250.0
1.0,0.0;0.0,2.0::-2250.0,0.0
-2250.0
0.0,2.0;1.0,1.0::-2250.0,0.0
-2250.0
1.0,1.0;0.0,2.0::-2250.0,0.0
-2250.0
0.0,2.0;1.0,2.0::250.0,0.0
250.0
1.0,2.0;0.0,2.0::-1750.0,0.0
-1750.0
0.0,2.0;1.0,3.0::250.0,0.0
250.0
1.0,3.0;0.0,2.0::-1750.0,0.0
-1750.0
0.0,2.0;1.0,4.0::242.5,0.0
242.5
1.0,4.0;0.0,2.0::-1751.5,0.0
-1751.5
0.0,2.0;2.0,0.0::-2250.0,0.0
-2250.0
2.0,0.0;0.0,2.0::-2250.0,0.0
-2250.0
0.0,2.0;2.0,1.0::-2250.0,0.0
-2250.0
2.0,1.0;0.0,2.0::-2250.0,0.0
-2250.0
0.0,2.0;2.0,2.0::250.0,0.0
250.0
2.0,2.0;0.0,2.0::-1750.0,0.0
-1750.0
0.0,2.0;2.0,3.0::250.0,0.0
250.0
2.0,3.0;0.0,2.0::-1750.0,0.0
-1750.0
0.0,2.0;2.0,4.0::242.5,0.0
242.5
2.0,4.0;0.0,2.0::-1751.5,0.0
-1751.5
0.0,2.0;3.0,0.0::-2000.0,0.0
-2000.0
3.0,0.0;0.0,2.0::-4000.0,0.0
-4000.0
0.0,2.0;3.0,1.0::-2000.0,0.0
-2000.0
3.0,1.0;0.0,2.0::-4000.0,0.0
-4000.0
0.0,2.0;3.0,2.0::500.0,0.0
500.0
3.0,2.0;0.0,2.0::-3500.0,0.0
-3500.0
0.0,2.0;3.0,3.0::500.0,0.0
500.0
3.0,3.0;0.0,2.0::-3500.0,0.0
-3500.0
0.0,2.0;3.0,4.0::492.5,0.0
492.5
3.0,4.0;0.0,2.0::-3501.5,0.0
-3501.5
0.0,2.0;4.0,0.0::-2500.0,0.0
-2500.0
4.0,0.0;0.0,2.0::-500.0,0.0
-500.0
0.0,2.0;4.0,1.0::-2500.0,0.0
-2500.0
4.0,1.0;0.0,2.0::-500.0,0.0
-500.0
0.0,2.0;4.0,2.0::0.0,0.0
0.0
4.0,2.0;0.0,2.0::0.0,0.0
0.0
0.0,2.0;4.0,3.0::0.0,0.0
0.0
4.0,3.0;0.0,2.0::0.0,0.0
0.0
0.0,2.0;4.0,4.0::-7.5,0.0
-7.5
4.0,4.0;0.0,2.0::-1.5,0.0
-1.5
0.0,3.0;0.0,3.0::0.0,0.0
0.0
0.0,3.0;0.0,3.0::0.0,0.0
0.0
0.0,3.0;0.0,4.0::-7.5,0.0
-7.5
0.0,4.0;0.0,3.0::-1.5,0.0
-1.5
0.0,3.0;1.0,0.0::-1500.0,0.0
-1500.0
1.0,0.0;0.0,3.0::-1500.0,0.0
-1500.0
0.0,3.0;1.0,1.0::-1500.0,0.0
-1500.0
1.0,1.0;0.0,3.0::-1500.0,0.0
-1500.0
0.0,3.0;1.0,2.0::1000.0,0.0
1000.0
1.0,2.0;0.0,3.0::-1000.0,0.0
-1000.0
0.0,3.0;1.0,3.0::1000.0,0.0
1000.0
1.0,3.0;0.0,3.0::-1000.0,0.0
-1000.0
0.0,3.0;1.0,4.0::992.5,0.0
992.5
1.0,4.0;0.0,3.0::-1001.5,0.0
-1001.5
0.0,3.0;2.0,0.0::-2500.0,0.0
-2500.0
2.0,0.0;0.0,3.0::-500.0,0.0
-500.0
0.0,3.0;2.0,1.0::-2500.0,0.0
-2500.0
2.0,1.0;0.0,3.0::-500.0,0.0
-500.0
0.0,3.0;2.0,2.0::0.0,0.0
0.0
2.0,2.0;0.0,3.0::0.0,0.0
0.0
0.0,3.0;2.0,3.0::0.0,0.0
0.0
2.0,3.0;0.0,3.0::0.0,0.0
0.0
0.0,3.0;2.0,4.0::-7.5,0.0
-7.5
2.0,4.0;0.0,3.0::-1.5,0.0
-1.5
0.0,3.0;3.0,0.0::-1500.0,0.0
-1500.0
3.0,0.0;0.0,3.0::-1500.0,0.0
-1500.0
0.0,3.0;3.0,1.0::-1500.0,0.0
-1500.0
3.0,1.0;0.0,3.0::-1500.0,0.0
-1500.0
0.0,3.0;3.0,2.0::1000.0,0.0
1000.0
3.0,2.0;0.0,3.0::-1000.0,0.0
-1000.0
0.0,3.0;3.0,3.0::1000.0,0.0
1000.0
3.0,3.0;0.0,3.0::-1000.0,0.0
-1000.0
0.0,3.0;3.0,4.0::992.5,0.0
992.5
3.0,4.0;0.0,3.0::-1001.5,0.0
-1001.5
0.0,3.0;4.0,0.0::-2500.0,0.0
-2500.0
4.0,0.0;0.0,3.0::-500.0,0.0
-500.0
0.0,3.0;4.0,1.0::-2500.0,0.0
-2500.0
4.0,1.0;0.0,3.0::-500.0,0.0
-500.0
0.0,3.0;4.0,2.0::0.0,0.0
0.0
4.0,2.0;0.0,3.0::0.0,0.0
0.0
0.0,3.0;4.0,3.0::0.0,0.0
0.0
4.0,3.0;0.0,3.0::0.0,0.0
0.0
0.0,3.0;4.0,4.0::-7.5,0.0
-7.5
4.0,4.0;0.0,3.0::-1.5,0.0
-1.5
0.0,4.0;0.0,4.0::-9.0,0.0
-9.0
0.0,4.0;0.0,4.0::-9.0,0.0
-9.0
0.0,4.0;1.0,0.0::-1504.5,0.0
-1504.5
1.0,0.0;0.0,4.0::-1504.5,0.0
-1504.5
0.0,4.0;1.0,1.0::-1504.5,0.0
-1504.5
1.0,1.0;0.0,4.0::-1504.5,0.0
-1504.5
0.0,4.0;1.0,2.0::995.5,0.0
995.5
1.0,2.0;0.0,4.0::-1004.5,0.0
-1004.5
0.0,4.0;1.0,3.0::995.5,0.0
995.5
1.0,3.0;0.0,4.0::-1004.5,0.0
-1004.5
0.0,4.0;1.0,4.0::988.0,0.0
988.0
1.0,4.0;0.0,4.0::-1006.0,0.0
-1006.0
0.0,4.0;2.0,0.0::-2000.0,0.0
-2000.0
2.0,0.0;0.0,4.0::-4000.0,0.0
-4000.0
0.0,4.0;2.0,1.0::-2000.0,0.0
-2000.0
2.0,1.0;0.0,4.0::-4000.0,0.0
-4000.0
0.0,4.0;2.0,2.0::500.0,0.0
500.0
2.0,2.0;0.0,4.0::-3500.0,0.0
-3500.0
0.0,4.0;2.0,3.0::500.0,0.0
500.0
2.0,3.0;0.0,4.0::-3500.0,0.0
-3500.0
0.0,4.0;2.0,4.0::492.5,0.0
492.5
2.0,4.0;0.0,4.0::-3501.5,0.0
-3501.5
0.0,4.0;3.0,0.0::-1504.5,0.0
-1504.5
3.0,0.0;0.0,4.0::-1504.5,0.0
-1504.5
0.0,4.0;3.0,1.0::-1504.5,0.0
-1504.5
3.0,1.0;0.0,4.0::-1504.5,0.0
-1504.5
0.0,4.0;3.0,2.0::995.5,0.0
995.5
3.0,2.0;0.0,4.0::-1004.5,0.0
-1004.5
0.0,4.0;3.0,3.0::995.5,0.0
995.5
3.0,3.0;0.0,4.0::-1004.5,0.0
-1004.5
0.0,4.0;3.0,4.0::988.0,0.0
988.0
3.0,4.0;0.0,4.0::-1006.0,0.0
-1006.0
0.0,4.0;4.0,0.0::-2501.5,0.0
-2501.5
4.0,0.0;0.0,4.0::-507.5,0.0
-507.5
0.0,4.0;4.0,1.0::-2501.5,0.0
-2501.5
4.0,1.0;0.0,4.0::-507.5,0.0
-507.5
0.0,4.0;4.0,2.0::-1.5,0.0
-1.5
4.0,2.0;0.0,4.0::-7.5,0.0
-7.5
0.0,4.0;4.0,3.0::-1.5,0.0
-1.5
4.0,3.0;0.0,4.0::-7.5,0.0
-7.5
0.0,4.0;4.0,4.0::-9.0,0.0
-9.0
4.0,4.0;0.0,4.0::-9.0,0.0
-9.0
1.0,0.0;1.0,0.0::-3000.0,0.0
-3000.0
1.0,0.0;1.0,0.0::-3000.0,0.0
-3000.0
1.0,0.0;1.0,1.0::-2250.0,0.0
-2250.0
1.0,1.0;1.0,0.0::-2250.0,0.0
-2250.0
1.0,0.0;1.0,2.0::-2250.0,0.0
-2250.0
1.0,2.0;1.0,0.0::-2250.0,0.0
-2250.0
1.0,0.0;1.0,3.0::-1500.0,0.0
-1500.0
1.0,3.0;1.0,0.0::-1500.0,0.0
-1500.0
1.0,0.0;1.0,4.0::-1504.5,0.0
-1504.5
1.0,4.0;1.0,0.0::-1504.5,0.0
-1504.5
1.0,0.0;2.0,0.0::-2000.0,0.0
-2000.0
2.0,0.0;1.0,0.0::-4000.0,0.0
-4000.0
1.0,0.0;2.0,1.0::-1250.0,0.0
-1250.0
2.0,1.0;1.0,0.0::-3250.0,0.0
-3250.0
1.0,0.0;2.0,2.0::-1250.0,0.0
-1250.0
2.0,2.0;1.0,0.0::-3250.0,0.0
-3250.0
1.0,0.0;2.0,3.0::-500.0,0.0
-500.0
2.0,3.0;1.0,0.0::-2500.0,0.0
-2500.0
1.0,0.0;2.0,4.0::-504.5,0.0
-504.5
2.0,4.0;1.0,0.0::-2504.5,0.0
-2504.5
1.0,0.0;3.0,0.0::-2000.0,0.0
-2000.0
3.0,0.0;1.0,0.0::-4000.0,0.0
-4000.0
1.0,0.0;3.0,1.0::-1250.0,0.0
-1250.0
3.0,1.0;1.0,0.0::-3250.0,0.0
-3250.0
1.0,0.0;3.0,2.0::-1250.0,0.0
-1250.0
3.0,2.0;1.0,0.0::-3250.0,0.0
-3250.0
1.0,0.0;3.0,3.0::-500.0,0.0
-500.0
3.0,3.0;1.0,0.0::-2500.0,0.0
-2500.0
1.0,0.0;3.0,4.0::-504.5,0.0
-504.5
3.0,4.0;1.0,0.0::-2504.5,0.0
-2504.5
1.0,0.0;4.0,0.0::-1515.0,0.0
-1515.0
4.0,0.0;1.0,0.0::-1515.0,0.0
-1515.0
1.0,0.0;4.0,1.0::-765.0,0.0
-765.0
4.0,1.0;1.0,0.0::-765.0,0.0
-765.0
1.0,0.0;4.0,2.0::-765.0,0.0
-765.0
4.0,2.0;1.0,0.0::-765.0,0.0
-765.0
1.0,0.0;4.0,3.0::-15.0,0.0
-15.0
4.0,3.0;1.0,0.0::-15.0,0.0
-15.0
1.0,0.0;4.0,4.0::-19.5,0.0
-19.5
4.0,4.0;1.0,0.0::-19.5,0.0
-19.5
1.0,1.0;1.0,1.0::-1500.0,0.0
-1500.0
1.0,1.0;1.0,1.0::-1500.0,0.0
-1500.0
1.0,1.0;1.0,2.0::-1500.0,0.0
-1500.0
1.0,2.0;1.0,1.0::-1500.0,0.0
-1500.0
1.0,1.0;1.0,3.0::-750.0,0.0
-750.0
1.0,3.0;1.0,1.0::-750.0,0.0
-750.0
1.0,1.0;1.0,4.0::-754.5,0.0
-754.5
1.0,4.0;1.0,1.0::-754.5,0.0
-754.5
1.0,1.0;2.0,0.0::-2250.0,0.0
-2250.0
2.0,0.0;1.0,1.0::-2250.0,0.0
-2250.0
1.0,1.0;2.0,1.0::-1500.0,0.0
-1500.0
2.0,1.0;1.0,1.0::-1500.0,0.0
-1500.0
1.0,1.0;2.0,2.0::-1500.0,0.0
-1500.0
2.0,2.0;1.0,1.0::-1500.0,0.0
-1500.0
1.0,1.0;2.0,3.0::-750.0,0.0
-750.0
2.0,3.0;1.0,1.0::-750.0,0.0
-750.0
1.0,1.0;2.0,4.0::-754.5,0.0
-754.5
2.0,4.0;1.0,1.0::-754.5,0.0
-754.5
1.0,1.0;3.0,0.0::-1500.0,0.0
-1500.0
3.0,0.0;1.0,1.0::-1500.0,0.0
-1500.0
1.0,1.0;3.0,1.0::-750.0,0.0
-750.0
3.0,1.0;1.0,1.0::-750.0,0.0
-750.0
1.0,1.0;3.0,2.0::-750.0,0.0
-750.0
3.0,2.0;1.0,1.0::-750.0,0.0
-750.0
1.0,1.0;3.0,3.0::0.0,0.0
0.0
3.0,3.0;1.0,1.0::0.0,0.0
0.0
1.0,1.0;3.0,4.0::-4.5,0.0
-4.5
3.0,4.0;1.0,1.0::-4.5,0.0
-4.5
1.0,1.0;4.0,0.0::-1515.0,0.0
-1515.0
4.0,0.0;1.0,1.0::-1515.0,0.0
-1515.0
1.0,1.0;4.0,1.0::-765.0,0.0
-765.0
4.0,1.0;1.0,1.0::-765.0,0.0
-765.0
1.0,1.0;4.0,2.0::-765.0,0.0
-765.0
4.0,2.0;1.0,1.0::-765.0,0.0
-765.0
1.0,1.0;4.0,3.0::-15.0,0.0
-15.0
4.0,3.0;1.0,1.0::-15.0,0.0
-15.0
1.0,1.0;4.0,4.0::-19.5,0.0
-19.5
4.0,4.0;1.0,1.0::-19.5,0.0
-19.5
1.0,2.0;1.0,2.0::-1500.0,0.0
-1500.0
1.0,2.0;1.0,2.0::-1500.0,0.0
-1500.0
1.0,2.0;1.0,3.0::-750.0,0.0
-750.0
1.0,3.0;1.0,2.0::-750.0,0.0
-750.0
1.0,2.0;1.0,4.0::-754.5,0.0
-754.5
1.0,4.0;1.0,2.0::-754.5,0.0
-754.5
1.0,2.0;2.0,0.0::-2250.0,0.0
-2250.0
2.0,0.0;1.0,2.0::-2250.0,0.0
-2250.0
1.0,2.0;2.0,1.0::-1500.0,0.0
-1500.0
2.0,1.0;1.0,2.0::-1500.0,0.0
-1500.0
1.0,2.0;2.0,2.0::-1500.0,0.0
-1500.0
2.0,2.0;1.0,2.0::-1500.0,0.0
-1500.0
1.0,2.0;2.0,3.0::-750.0,0.0
-750.0
2.0,3.0;1.0,2.0::-750.0,0.0
-750.0
1.0,2.0;2.0,4.0::-754.5,0.0
-754.5
2.0,4.0;1.0,2.0::-754.5,0.0
-754.5
1.0,2.0;3.0,0.0::-2000.0,0.0
-2000.0
3.0,0.0;1.0,2.0::-4000.0,0.0
-4000.0
1.0,2.0;3.0,1.0::-1250.0,0.0
-1250.0
3.0,1.0;1.0,2.0::-3250.0,0.0
-3250.0
1.0,2.0;3.0,2.0::-1250.0,0.0
-1250.0
3.0,2.0;1.0,2.0::-3250.0,0.0
-3250.0
1.0,2.0;3.0,3.0::-500.0,0.0
-500.0
3.0,3.0;1.0,2.0::-2500.0,0.0
-2500.0
1.0,2.0;3.0,4.0::-504.5,0.0
-504.5
3.0,4.0;1.0,2.0::-2504.5,0.0
-2504.5
1.0,2.0;4.0,0.0::-2500.0,0.0
-2500.0
4.0,0.0;1.0,2.0::-500.0,0.0
-500.0
1.0,2.0;4.0,1.0::-1750.0,0.0
-1750.0
4.0,1.0;1.0,2.0::250.0,0.0
250.0
1.0,2.0;4.0,2.0::-1750.0,0.0
-1750.0
4.0,2.0;1.0,2.0::250.0,0.0
250.0
1.0,2.0;4.0,3.0::-1000.0,0.0
-1000.0
4.0,3.0;1.0,2.0::1000.0,0.0
1000.0
1.0,2.0;4.0,4.0::-1004.5,0.0
-1004.5
4.0,4.0;1.0,2.0::995.5,0.0
995.5
1.0,3.0;1.0,3.0::0.0,0.0
0.0
1.0,3.0;1.0,3.0::0.0,0.0
0.0
1.0,3.0;1.0,4.0::-4.5,0.0
-4.5
1.0,4.0;1.0,3.0::-4.5,0.0
-4.5
1.0,3.0;2.0,0.0::-2500.0,0.0
-2500.0
2.0,0.0;1.0,3.0::-500.0,0.0
-500.0
1.0,3.0;2.0,1.0::-1750.0,0.0
-1750.0
2.0,1.0;1.0,3.0::250.0,0.0
250.0
1.0,3.0;2.0,2.0::-1750.0,0.0
-1750.0
2.0,2.0;1.0,3.0::250.0,0.0
250.0
1.0,3.0;2.0,3.0::-1000.0,0.0
-1000.0
2.0,3.0;1.0,3.0::1000.0,0.0
1000.0
1.0,3.0;2.0,4.0::-1004.5,0.0
-1004.5
2.0,4.0;1.0,3.0::995.5,0.0
995.5
1.0,3.0;3.0,0.0::-1500.0,0.0
-1500.0
3.0,0.0;1.0,3.0::-1500.0,0.0
-1500.0
1.0,3.0;3.0,1.0::-750.0,0.0
-750.0
3.0,1.0;1.0,3.0::-750.0,0.0
-750.0
1.0,3.0;3.0,2.0::-750.0,0.0
-750.0
3.0,2.0;1.0,3.0::-750.0,0.0
-750.0
1.0,3.0;3.0,3.0::0.0,0.0
0.0
3.0,3.0;1.0,3.0::0.0,0.0
0.0
1.0,3.0;3.0,4.0::-4.5,0.0
-4.5
3.0,4.0;1.0,3.0::-4.5,0.0
-4.5
1.0,3.0;4.0,0.0::-2500.0,0.0
-2500.0
4.0,0.0;1.0,3.0::-500.0,0.0
-500.0
1.0,3.0;4.0,1.0::-1750.0,0.0
-1750.0
4.0,1.0;1.0,3.0::250.0,0.0
250.0
1.0,3.0;4.0,2.0::-1750.0,0.0
-1750.0
4.0,2.0;1.0,3.0::250.0,0.0
250.0
1.0,3.0;4.0,3.0::-1000.0,0.0
-1000.0
4.0,3.0;1.0,3.0::1000.0,0.0
1000.0
1.0,3.0;4.0,4.0::-1004.5,0.0
-1004.5
4.0,4.0;1.0,3.0::995.5,0.0
995.5
1.0,4.0;1.0,4.0::-9.0,0.0
-9.0
1.0,4.0;1.0,4.0::-9.0,0.0
-9.0
1.0,4.0;2.0,0.0::-2000.0,0.0
-2000.0
2.0,0.0;1.0,4.0::-4000.0,0.0
-4000.0
1.0,4.0;2.0,1.0::-1250.0,0.0
-1250.0
2.0,1.0;1.0,4.0::-3250.0,0.0
-3250.0
1.0,4.0;2.0,2.0::-1250.0,0.0
-1250.0
2.0,2.0;1.0,4.0::-3250.0,0.0
-3250.0
1.0,4.0;2.0,3.0::-500.0,0.0
-500.0
2.0,3.0;1.0,4.0::-2500.0,0.0
-2500.0
1.0,4.0;2.0,4.0::-504.5,0.0
-504.5
2.0,4.0;1.0,4.0::-2504.5,0.0
-2504.5
1.0,4.0;3.0,0.0::-1504.5,0.0
-1504.5
3.0,0.0;1.0,4.0::-1504.5,0.0
-1504.5
1.0,4.0;3.0,1.0::-754.5,0.0
-754.5
3.0,1.0;1.0,4.0::-754.5,0.0
-754.5
1.0,4.0;3.0,2.0::-754.5,0.0
-754.5
3.0,2.0;1.0,4.0::-754.5,0.0
-754.5
1.0,4.0;3.0,3.0::-4.5,0.0
-4.5
3.0,3.0;1.0,4.0::-4.5,0.0
-4.5
1.0,4.0;3.0,4.0::-9.0,0.0
-9.0
3.0,4.0;1.0,4.0::-9.0,0.0
-9.0
1.0,4.0;4.0,0.0::-2501.5,0.0
-2501.5
4.0,0.0;1.0,4.0::-507.5,0.0
-507.5
1.0,4.0;4.0,1.0::-1751.5,0.0
-1751.5
4.0,1.0;1.0,4.0::242.5,0.0
242.5
1.0,4.0;4.0,2.0::-1751.5,0.0
-1751.5
4.0,2.0;1.0,4.0::242.5,0.0
242.5
1.0,4.0;4.0,3.0::-1001.5,0.0
-1001.5
4.0,3.0;1.0,4.0::992.5,0.0
992.5
1.0,4.0;4.0,4.0::-1006.0,0.0
-1006.0
4.0,4.0;1.0,4.0::988.0,0.0
988.0
2.0,0.0;2.0,0.0::-3000.0,0.0
-3000.0
2.0,0.0;2.0,0.0::-3000.0,0.0
-3000.0
2.0,0.0;2.0,1.0::-1250.0,0.0
-1250.0
2.0,1.0;2.0,0.0::-3250.0,0.0
-3250.0
2.0,0.0;2.0,2.0::-1250.0,0.0
-1250.0
2.0,2.0;2.0,0.0::-3250.0,0.0
-3250.0
2.0,0.0;2.0,3.0::500.0,0.0
500.0
2.0,3.0;2.0,0.0::-3500.0,0.0
-3500.0
2.0,0.0;2.0,4.0::-3000.0,0.0
-3000.0
2.0,4.0;2.0,0.0::-3000.0,0.0
-3000.0
2.0,0.0;3.0,0.0::-3000.0,0.0
-3000.0
3.0,0.0;2.0,0.0::-3000.0,0.0
-3000.0
2.0,0.0;3.0,1.0::-1250.0,0.0
-1250.0
3.0,1.0;2.0,0.0::-3250.0,0.0
-3250.0
2.0,0.0;3.0,2.0::-1250.0,0.0
-1250.0
3.0,2.0;2.0,0.0::-3250.0,0.0
-3250.0
2.0,0.0;3.0,3.0::500.0,0.0
500.0
3.0,3.0;2.0,0.0::-3500.0,0.0
-3500.0
2.0,0.0;3.0,4.0::-3000.0,0.0
-3000.0
3.0,4.0;2.0,0.0::-3000.0,0.0
-3000.0
2.0,0.0;4.0,0.0::-2515.0,0.0
-2515.0
4.0,0.0;2.0,0.0::-515.0,0.0
-515.0
2.0,0.0;4.0,1.0::-765.0,0.0
-765.0
4.0,1.0;2.0,0.0::-765.0,0.0
-765.0
2.0,0.0;4.0,2.0::-765.0,0.0
-765.0
4.0,2.0;2.0,0.0::-765.0,0.0
-765.0
2.0,0.0;4.0,3.0::985.0,0.0
985.0
4.0,3.0;2.0,0.0::-1015.0,0.0
-1015.0
2.0,0.0;4.0,4.0::-2515.0,0.0
-2515.0
4.0,4.0;2.0,0.0::-515.0,0.0
-515.0
2.0,1.0;2.0,1.0::-1500.0,0.0
-1500.0
2.0,1.0;2.0,1.0::-1500.0,0.0
-1500.0
2.0,1.0;2.0,2.0::-1500.0,0.0
-1500.0
2.0,2.0;2.0,1.0::-1500.0,0.0
-1500.0
2.0,1.0;2.0,3.0::250.0,0.0
250.0
2.0,3.0;2.0,1.0::-1750.0,0.0
-1750.0
2.0,1.0;2.0,4.0::-3250.0,0.0
-3250.0
2.0,4.0;2.0,1.0::-1250.0,0.0
-1250.0
2.0,1.0;3.0,0.0::-2500.0,0.0
-2500.0
3.0,0.0;2.0,1.0::-500.0,0.0
-500.0
2.0,1.0;3.0,1.0::-750.0,0.0
-750.0
3.0,1.0;2.0,1.0::-750.0,0.0
-750.0
2.0,1.0;3.0,2.0::-750.0,0.0
-750.0
3.0,2.0;2.0,1.0::-750.0,0.0
-750.0
2.0,1.0;3.0,3.0::1000.0,0.0
1000.0
3.0,3.0;2.0,1.0::-1000.0,0.0
-1000.0
2.0,1.0;3.0,4.0::-2500.0,0.0
-2500.0
3.0,4.0;2.0,1.0::-500.0,0.0
-500.0
2.0,1.0;4.0,0.0::-2515.0,0.0
-2515.0
4.0,0.0;2.0,1.0::-515.0,0.0
-515.0
2.0,1.0;4.0,1.0::-765.0,0.0
-765.0
4.0,1.0;2.0,1.0::-765.0,0.0
-765.0
2.0,1.0;4.0,2.0::-765.0,0.0
-765.0
4.0,2.0;2.0,1.0::-765.0,0.0
-765.0
2.0,1.0;4.0,3.0::985.0,0.0
985.0
4.0,3.0;2.0,1.0::-1015.0,0.0
-1015.0
2.0,1.0;4.0,4.0::-2515.0,0.0
-2515.0
4.0,4.0;2.0,1.0::-515.0,0.0
-515.0
2.0,2.0;2.0,2.0::-1500.0,0.0
-1500.0
2.0,2.0;2.0,2.0::-1500.0,0.0
-1500.0
2.0,2.0;2.0,3.0::250.0,0.0
250.0
2.0,3.0;2.0,2.0::-1750.0,0.0
-1750.0
2.0,2.0;2.0,4.0::-3250.0,0.0
-3250.0
2.0,4.0;2.0,2.0::-1250.0,0.0
-1250.0
2.0,2.0;3.0,0.0::-3000.0,0.0
-3000.0
3.0,0.0;2.0,2.0::-3000.0,0.0
-3000.0
2.0,2.0;3.0,1.0::-1250.0,0.0
-1250.0
3.0,1.0;2.0,2.0::-3250.0,0.0
-3250.0
2.0,2.0;3.0,2.0::-1250.0,0.0
-1250.0
3.0,2.0;2.0,2.0::-3250.0,0.0
-3250.0
2.0,2.0;3.0,3.0::500.0,0.0
500.0
3.0,3.0;2.0,2.0::-3500.0,0.0
-3500.0
2.0,2.0;3.0,4.0::-3000.0,0.0
-3000.0
3.0,4.0;2.0,2.0::-3000.0,0.0
-3000.0
2.0,2.0;4.0,0.0::-3500.0,0.0
-3500.0
4.0,0.0;2.0,2.0::500.0,0.0
500.0
2.0,2.0;4.0,1.0::-1750.0,0.0
-1750.0
4.0,1.0;2.0,2.0::250.0,0.0
250.0
2.0,2.0;4.0,2.0::-1750.0,0.0
-1750.0
4.0,2.0;2.0,2.0::250.0,0.0
250.0
2.0,2.0;4.0,3.0::0.0,0.0
0.0
4.0,3.0;2.0,2.0::0.0,0.0
0.0
2.0,2.0;4.0,4.0::-3500.0,0.0
-3500.0
4.0,4.0;2.0,2.0::500.0,0.0
500.0
2.0,3.0;2.0,3.0::0.0,0.0
0.0
2.0,3.0;2.0,3.0::0.0,0.0
0.0
2.0,3.0;2.0,4.0::-3500.0,0.0
-3500.0
2.0,4.0;2.0,3.0::500.0,0.0
500.0
2.0,3.0;3.0,0.0::-2500.0,0.0
-2500.0
3.0,0.0;2.0,3.0::-500.0,0.0
-500.0
2.0,3.0;3.0,1.0::-750.0,0.0
-750.0
3.0,1.0;2.0,3.0::-750.0,0.0
-750.0
2.0,3.0;3.0,2.0::-750.0,0.0
-750.0
3.0,2.0;2.0,3.0::-750.0,0.0
-750.0
2.0,3.0;3.0,3.0::1000.0,0.0
1000.0
3.0,3.0;2.0,3.0::-1000.0,0.0
-1000.0
2.0,3.0;3.0,4.0::-2500.0,0.0
-2500.0
3.0,4.0;2.0,3.0::-500.0,0.0
-500.0
2.0,3.0;4.0,0.0::-3500.0,0.0
-3500.0
4.0,0.0;2.0,3.0::500.0,0.0
500.0
2.0,3.0;4.0,1.0::-1750.0,0.0
-1750.0
4.0,1.0;2.0,3.0::250.0,0.0
250.0
2.0,3.0;4.0,2.0::-1750.0,0.0
-1750.0
4.0,2.0;2.0,3.0::250.0,0.0
250.0
2.0,3.0;4.0,3.0::0.0,0.0
0.0
4.0,3.0;2.0,3.0::0.0,0.0
0.0
2.0,3.0;4.0,4.0::-3500.0,0.0
-3500.0
4.0,4.0;2.0,3.0::500.0,0.0
500.0
2.0,4.0;2.0,4.0::-3000.0,0.0
-3000.0
2.0,4.0;2.0,4.0::-3000.0,0.0
-3000.0
2.0,4.0;3.0,0.0::-2504.5,0.0
-2504.5
3.0,0.0;2.0,4.0::-504.5,0.0
-504.5
2.0,4.0;3.0,1.0::-754.5,0.0
-754.5
3.0,1.0;2.0,4.0::-754.5,0.0
-754.5
2.0,4.0;3.0,2.0::-754.5,0.0
-754.5
3.0,2.0;2.0,4.0::-754.5,0.0
-754.5
2.0,4.0;3.0,3.0::995.5,0.0
995.5
3.0,3.0;2.0,4.0::-1004.5,0.0
-1004.5
2.0,4.0;3.0,4.0::-2504.5,0.0
-2504.5
3.0,4.0;2.0,4.0::-504.5,0.0
-504.5
2.0,4.0;4.0,0.0::-3501.5,0.0
-3501.5
4.0,0.0;2.0,4.0::492.5,0.0
492.5
2.0,4.0;4.0,1.0::-1751.5,0.0
-1751.5
4.0,1.0;2.0,4.0::242.5,0.0
242.5
2.0,4.0;4.0,2.0::-1751.5,0.0
-1751.5
4.0,2.0;2.0,4.0::242.5,0.0
242.5
2.0,4.0;4.0,3.0::-1.5,0.0
-1.5
4.0,3.0;2.0,4.0::-7.5,0.0
-7.5
2.0,4.0;4.0,4.0::-3501.5,0.0
-3501.5
4.0,4.0;2.0,4.0::492.5,0.0
492.5
3.0,0.0;3.0,0.0::-3000.0,0.0
-3000.0
3.0,0.0;3.0,0.0::-3000.0,0.0
-3000.0
3.0,0.0;3.0,1.0::-500.0,0.0
-500.0
3.0,1.0;3.0,0.0::-2500.0,0.0
-2500.0
3.0,0.0;3.0,2.0::-3000.0,0.0
-3000.0
3.0,2.0;3.0,0.0::-3000.0,0.0
-3000.0
3.0,0.0;3.0,3.0::-500.0,0.0
-500.0
3.0,3.0;3.0,0.0::-2500.0,0.0
-2500.0
3.0,0.0;3.0,4.0::-504.5,0.0
-504.5
3.0,4.0;3.0,0.0::-2504.5,0.0
-2504.5
3.0,0.0;4.0,0.0::-2515.0,0.0
-2515.0
4.0,0.0;3.0,0.0::-515.0,0.0
-515.0
3.0,0.0;4.0,1.0::-15.0,0.0
-15.0
4.0,1.0;3.0,0.0::-15.0,0.0
-15.0
3.0,0.0;4.0,2.0::-2515.0,0.0
-2515.0
4.0,2.0;3.0,0.0::-515.0,0.0
-515.0
3.0,0.0;4.0,3.0::-15.0,0.0
-15.0
4.0,3.0;3.0,0.0::-15.0,0.0
-15.0
3.0,0.0;4.0,4.0::-19.5,0.0
-19.5
4.0,4.0;3.0,0.0::-19.5,0.0
-19.5
3.0,1.0;3.0,1.0::0.0,0.0
0.0
3.0,1.0;3.0,1.0::0.0,0.0
0.0
3.0,1.0;3.0,2.0::-2500.0,0.0
-2500.0
3.0,2.0;3.0,1.0::-500.0,0.0
-500.0
3.0,1.0;3.0,3.0::0.0,0.0
0.0
3.0,3.0;3.0,1.0::0.0,0.0
0.0
3.0,1.0;3.0,4.0::-4.5,0.0
-4.5
3.0,4.0;3.0,1.0::-4.5,0.0
-4.5
3.0,1.0;4.0,0.0::-2515.0,0.0
-2515.0
4.0,0.0;3.0,1.0::-515.0,0.0
-515.0
3.0,1.0;4.0,1.0::-15.0,0.0
-15.0
4.0,1.0;3.0,1.0::-15.0,0.0
-15.0
3.0,1.0;4.0,2.0::-2515.0,0.0
-2515.0
4.0,2.0;3.0,1.0::-515.0,0.0
-515.0
3.0,1.0;4.0,3.0::-15.0,0.0
-15.0
4.0,3.0;3.0,1.0::-15.0,0.0
-15.0
3.0,1.0;4.0,4.0::-19.5,0.0
-19.5
4.0,4.0;3.0,1.0::-19.5,0.0
-19.5
3.0,2.0;3.0,2.0::-3000.0,0.0
-3000.0
3.0,2.0;3.0,2.0::-3000.0,0.0
-3000.0
3.0,2.0;3.0,3.0::-500.0,0.0
-500.0
3.0,3.0;3.0,2.0::-2500.0,0.0
-2500.0
3.0,2.0;3.0,4.0::-504.5,0.0
-504.5
3.0,4.0;3.0,2.0::-2504.5,0.0
-2504.5
3.0,2.0;4.0,0.0::-3500.0,0.0
-3500.0
4.0,0.0;3.0,2.0::500.0,0.0
500.0
3.0,2.0;4.0,1.0::-1000.0,0.0
-1000.0
4.0,1.0;3.0,2.0::1000.0,0.0
1000.0
3.0,2.0;4.0,2.0::-3500.0,0.0
-3500.0
4.0,2.0;3.0,2.0::500.0,0.0
500.0
3.0,2.0;4.0,3.0::-1000.0,0.0
-1000.0
4.0,3.0;3.0,2.0::1000.0,0.0
1000.0
3.0,2.0;4.0,4.0::-1004.5,0.0
-1004.5
4.0,4.0;3.0,2.0::995.5,0.0
995.5
3.0,3.0;3.0,3.0::0.0,0.0
0.0
3.0,3.0;3.0,3.0::0.0,0.0
0.0
3.0,3.0;3.0,4.0::-4.5,0.0
-4.5
3.0,4.0;3.0,3.0::-4.5,0.0
-4.5
3.0,3.0;4.0,0.0::-3500.0,0.0
-3500.0
4.0,0.0;3.0,3.0::500.0,0.0
500.0
3.0,3.0;4.0,1.0::-1000.0,0.0
-1000.0
4.0,1.0;3.0,3.0::1000.0,0.0
1000.0
3.0,3.0;4.0,2.0::-3500.0,0.0
-3500.0
4.0,2.0;3.0,3.0::500.0,0.0
500.0
3.0,3.0;4.0,3.0::-1000.0,0.0
-1000.0
4.0,3.0;3.0,3.0::1000.0,0.0
1000.0
3.0,3.0;4.0,4.0::-1004.5,0.0
-1004.5
4.0,4.0;3.0,3.0::995.5,0.0
995.5
3.0,4.0;3.0,4.0::-9.0,0.0
-9.0
3.0,4.0;3.0,4.0::-9.0,0.0
-9.0
3.0,4.0;4.0,0.0::-3501.5,0.0
-3501.5
4.0,0.0;3.0,4.0::492.5,0.0
492.5
3.0,4.0;4.0,1.0::-1001.5,0.0
-1001.5
4.0,1.0;3.0,4.0::992.5,0.0
992.5
3.0,4.0;4.0,2.0::-3501.5,0.0
-3501.5
4.0,2.0;3.0,4.0::492.5,0.0
492.5
3.0,4.0;4.0,3.0::-1001.5,0.0
-1001.5
4.0,3.0;3.0,4.0::992.5,0.0
992.5
3.0,4.0;4.0,4.0::-1006.0,0.0
-1006.0
4.0,4.0;3.0,4.0::988.0,0.0
988.0
4.0,0.0;4.0,0.0::-30.0,0.0
-30.0
4.0,0.0;4.0,0.0::-30.0,0.0
-30.0
4.0,0.0;4.0,1.0::-30.0,0.0
-30.0
4.0,1.0;4.0,0.0::-30.0,0.0
-30.0
4.0,0.0;4.0,2.0::985.0,0.0
985.0
4.0,2.0;4.0,0.0::-1015.0,0.0
-1015.0
4.0,0.0;4.0,3.0::985.0,0.0
985.0
4.0,3.0;4.0,0.0::-1015.0,0.0
-1015.0
4.0,0.0;4.0,4.0::977.5,0.0
977.5
4.0,4.0;4.0,0.0::-1016.5,0.0
-1016.5
4.0,1.0;4.0,1.0::-30.0,0.0
-30.0
4.0,1.0;4.0,1.0::-30.0,0.0
-30.0
4.0,1.0;4.0,2.0::985.0,0.0
985.0
4.0,2.0;4.0,1.0::-1015.0,0.0
-1015.0
4.0,1.0;4.0,3.0::985.0,0.0
985.0
4.0,3.0;4.0,1.0::-1015.0,0.0
-1015.0
4.0,1.0;4.0,4.0::977.5,0.0
977.5
4.0,4.0;4.0,1.0::-1016.5,0.0
-1016.5
4.0,2.0;4.0,2.0::0.0,0.0
0.0
4.0,2.0;4.0,2.0::0.0,0.0
0.0
4.0,2.0;4.0,3.0::0.0,0.0
0.0
4.0,3.0;4.0,2.0::0.0,0.0
0.0
4.0,2.0;4.0,4.0::-7.5,0.0
-7.5
4.0,4.0;4.0,2.0::-1.5,0.0
-1.5
4.0,3.0;4.0,3.0::0.0,0.0
0.0
4.0,3.0;4.0,3.0::0.0,0.0
0.0
4.0,3.0;4.0,4.0::-7.5,0.0
-7.5
4.0,4.0;4.0,3.0::-1.5,0.0
-1.5
4.0,4.0;4.0,4.0::-9.0,0.0
-9.0
4.0,4.0;4.0,4.0::-9.0,0.0
-9.0
